,ts_code,trade_date,buy_sm_vol,buy_sm_amount,sell_sm_vol,sell_sm_amount,buy_md_vol,buy_md_amount,sell_md_vol,sell_md_amount,buy_lg_vol,buy_lg_amount,sell_lg_vol,sell_lg_amount,buy_elg_vol,buy_elg_amount,sell_elg_vol,sell_elg_amount,net_mf_vol,net_mf_amount
0,600893.SH,20200803,54310,21469.29,88870,35125.3,111941,44263.72,160769,63837.82,180459,71318.86,201676,80244.43,276363,110432.87,171758,68277.2,-9085,-4196.83
1,603126.SH,20200803,29074,1368.23,39724,1877.91,55232,2603.58,48784,2301.19,33447,1579.25,22840,1076.74,5300,249.46,11706,544.68,31329,1473.2
2,000757.SZ,20200803,62545,3305.42,48824,2631.53,76423,4049.26,72145,3859.93,48890,2596.32,94296,5030.43,55875,3059.48,28467,1488.6,-22297,-1153.29
3,000911.SZ,20200803,15625,1053.71,18121,1224.26,23149,1563.35,23592,1592.69,15018,1013.6,11541,777.23,0,0.0,538,36.48,6746,457.61
4,002094.SZ,20200803,123265,5708.3,137335,6395.24,160884,7446.45,176402,8204.42,114504,5330.05,144125,6689.46,89150,4214.64,29942,1410.32,-30103,-1571.51
5,000888.SZ,20200803,31408,1888.72,33086,1992.68,37083,2231.2,35103,2113.03,23915,1439.96,21903,1314.64,0,0.0,2314,139.53,14510,874.94
6,002428.SZ,20200803,132915,22837.53,138253,23754.29,222440,38187.37,233942,40225.03,216760,37273.24,221700,38120.91,75819,13073.07,54038,9270.96,108800,18822.64
7,300043.SZ,20200803,101267,4154.6,128236,5271.61,154261,6340.46,159527,6551.31,139008,5701.23,105006,4310.85,35851,1486.61,37619,1549.13,54005,2219.06
8,603388.SH,20200803,11413,890.88,10978,857.83,16321,1274.38,19274,1505.02,5204,406.56,4886,381.67,2200,172.7,0,0.0,-7970,-621.2
9,002559.SZ,20200803,24924,1707.52,23740,1628.07,23490,1609.89,28171,1930.8,27614,1892.78,19950,1366.14,0,0.0,4166,285.18,-1548,-101.39
10,002713.SZ,20200803,31070,3049.35,37573,3694.75,32569,3197.26,35812,3515.81,22527,2220.45,14265,1413.79,7043,696.57,5558,539.28,13294,1274.74
11,600642.SH,20200803,41472,2399.77,50018,2895.41,32680,1891.42,37692,2182.1,36118,2091.5,33258,1925.94,18200,1055.82,7502,435.06,24397,1417.81
12,600280.SH,20200803,18158,283.14,18921,295.13,26617,414.87,27223,424.94,25502,397.67,24133,375.61,0,0.0,0,0.0,-11927,-183.43
13,600329.SH,20200803,22785,4439.79,28003,5469.69,28976,5654.46,31100,6068.49,20918,4089.8,14295,2786.18,1526,298.72,807,158.41,6347,1248.57
14,605168.SH,20200803,2734,7202.98,2122,5596.95,4374,11527.44,4510,11890.69,3818,10064.51,4048,10662.02,965,2540.22,1211,3185.5,-821,-2147.34
15,002799.SZ,20200803,9978,2199.94,9755,2152.45,16179,3568.56,15507,3421.37,10689,2359.54,16437,3627.81,19454,4298.45,14602,3224.85,-2088,-466.3
16,002953.SZ,20200803,12396,3153.53,11813,3008.15,16070,4089.61,14600,3714.8,7522,1914.24,9410,2392.91,0,0.0,164,41.51,2016,516.73
17,300617.SZ,20200803,11047,4629.55,15254,6399.46,12856,5388.99,10703,4485.78,7454,3127.32,5085,2129.44,0,0.0,314,131.19,-4335,-1809.76
18,300748.SZ,20200803,57633,22188.01,66481,25621.57,82006,31597.56,83019,31959.74,64424,24804.31,68521,26388.36,31927,12316.62,17969,6936.82,45522,17651.95
19,600745.SH,20200803,43021,65687.73,39931,61109.96,81111,123910.57,73588,112496.19,82739,126513.57,83339,127429.68,57346,87710.05,67359,102786.09,-5757,-8695.89
20,000560.SZ,20200803,140290,6172.46,171170,7490.49,224176,9860.05,247119,10809.43,271077,11831.44,282664,12472.73,163623,7277.75,98214,4369.06,262328,11606.87
21,000609.SZ,20200803,33360,1955.66,37339,2191.84,45410,2662.89,42956,2521.48,22260,1308.73,22933,1345.48,4351,257.11,2154,125.58,14083,831.63
22,002100.SZ,20200803,115011,20753.38,103639,18738.78,162027,29251.48,147890,26715.64,134267,24257.49,135466,24451.94,65051,11768.24,89361,16124.23,-23146,-4135.43
23,600876.SH,20200803,38107,5932.91,32896,5127.4,41691,6496.77,43223,6733.9,19535,3046.87,19167,2985.06,3069,477.4,7115,1107.59,384,67.62
24,603060.SH,20200803,14218,3493.5,16665,4100.61,14701,3606.92,15547,3819.26,11872,2919.49,9279,2273.02,700,172.97,0,0.0,-6805,-1659.98
25,300732.SZ,20200803,8531,1238.8,10878,1579.84,9645,1401.75,9507,1380.92,2922,424.11,3460,502.02,2747,398.11,0,0.0,-697,-99.53
26,600575.SH,20200803,75396,1642.14,78418,1707.7,103118,2244.61,93246,2031.33,87206,1899.04,138448,3011.3,86733,1886.48,42341,921.94,-2934,-60.51
27,600860.SH,20200803,846,34.98,5117,213.0,2443,101.64,3542,147.24,5370,223.63,0,0.0,0,0.0,0,0.0,-2290,-96.14
28,600909.SH,20200803,227415,19416.2,464062,39931.27,409809,34988.79,563703,48375.78,600352,51497.3,515465,44256.54,635981,55148.61,330327,28487.32,435941,37700.14
29,601399.SH,20200803,52739,2731.5,43598,2259.57,69150,3582.83,66672,3452.86,28048,1453.94,35392,1833.37,0,0.0,4275,222.47,-18991,-975.99
30,002061.SZ,20200803,65542,3756.3,60989,3497.51,72980,4182.45,80249,4599.93,51831,2972.16,51653,2959.22,11100,638.1,8562,492.35,33804,1945.6
31,002192.SZ,20200803,8576,1482.37,8908,1546.17,19757,3424.53,17872,3093.53,9097,1578.96,10276,1779.34,1326,230.14,1700,296.95,2395,418.27
32,300010.SZ,20200803,66295,14628.35,46022,10167.94,105490,23279.18,65448,14454.61,76540,16883.25,77548,17111.76,25005,5508.23,84312,18564.7,-47094,-10353.04
33,603355.SH,20200803,11979,3237.9,12833,3474.74,12579,3404.73,10785,2919.08,7248,1964.1,7264,1965.13,500,134.74,1424,382.53,-2617,-702.03
34,002526.SZ,20200803,217892,6186.01,288267,8179.14,295497,8381.74,282569,8012.28,211062,5982.45,152788,4329.07,83097,2352.41,83924,2382.13,143317,4083.72
35,300141.SZ,20200803,26294,2950.59,25340,2846.31,28918,3245.97,23835,2677.12,16129,1811.68,14908,1673.01,181,20.31,7440,832.11,1552,177.95
36,603486.SH,20200803,17278,5554.45,18389,5919.28,11758,3786.85,10763,3464.11,3080,994.57,2464,793.27,0,0.0,500,159.2,3477,1124.15
37,000002.SZ,20200803,157432,42618.57,160627,43583.59,240558,65181.34,253925,68855.67,295705,80178.81,290396,78713.19,368542,99915.34,357289,96741.63,15171,4352.26
38,600547.SH,20200803,94518,40018.44,65527,27788.68,162265,68712.43,136818,57957.77,171287,72557.69,196718,83322.26,102058,43210.14,131066,55429.99,-64482,-27181.64
39,300835.SZ,20200803,10114,7227.26,9518,6815.17,14600,10451.24,13976,10002.2,9384,6722.1,9812,7020.79,406,290.83,1198,853.26,-1219,-844.02
40,600678.SH,20200803,96940,7467.83,107498,8285.68,107028,8249.32,96403,7431.17,46256,3567.97,44952,3464.82,13616,1050.51,14987,1153.95,20798,1618.33
41,002033.SZ,20200803,34268,2232.37,34678,2260.23,36718,2392.71,36601,2384.75,21303,1386.91,18253,1186.77,0,0.0,2756,180.24,9596,630.38
42,600963.SH,20200803,66257,2913.47,84131,3706.09,98274,4321.78,98911,4356.19,76249,3362.19,69266,3041.99,43481,1918.57,31953,1411.74,76501,3380.91
43,002164.SZ,20200803,223101,11790.19,120179,6358.46,237732,12571.75,169672,8971.73,143727,7610.04,215609,11399.17,15622,830.0,114722,6072.63,-72366,-3766.61
44,603327.SH,20200803,17826,5201.93,16437,4802.04,17939,5238.81,16427,4796.47,8669,2532.49,10729,3129.01,1944,565.87,2787,811.57,-242,-65.64
45,000958.SZ,20200803,57461,2931.06,50126,2557.83,62888,3206.51,66958,3416.67,56013,2861.8,53963,2754.07,23645,1204.89,28959,1475.68,8697,449.72
46,002295.SZ,20200803,19863,1531.75,17963,1387.02,26564,2049.24,20701,1597.97,10295,794.94,19337,1489.64,3510,270.62,2231,171.92,-4440,-340.96
47,300113.SZ,20200803,72430,17749.0,45476,11171.45,78685,19283.97,63408,15550.29,73282,17970.98,102093,25011.31,26226,6432.91,39646,9703.82,-6579,-1550.48
48,002175.SZ,20200803,46837,666.58,36710,523.67,55092,784.2,48818,695.96,27047,386.22,43447,617.36,0,0.0,0,0.0,-9088,-122.98
49,601798.SH,20200803,44205,3429.91,45359,3535.88,44270,3441.21,42600,3309.47,13961,1084.21,15917,1222.3,4139,314.39,2700,202.07,10862,840.65
50,603983.SH,20200803,6132,4763.11,7288,5662.06,6854,5324.55,6871,5337.93,4877,3789.05,3733,2899.51,445,345.43,416,322.64,-2465,-1909.52
51,300818.SZ,20200803,2474,827.56,2594,869.1,2034,681.49,1869,625.12,832,278.7,553,185.31,0,0.0,324,108.22,172,57.87
52,600815.SH,20200803,15969,371.2,9746,226.77,24640,573.33,23308,542.13,16041,373.58,23596,549.2,0,0.0,0,0.0,-7679,-176.89
53,000630.SZ,20200803,312517,7134.37,265067,6055.79,406410,9278.94,363002,8292.39,410604,9373.05,360388,8226.03,189681,4332.56,330754,7544.71,77605,1818.53
54,002016.SZ,20200803,44901,3302.43,36670,2698.34,25253,1855.74,39425,2900.3,32978,2425.73,26108,1916.45,15721,1159.49,16649,1228.31,17308,1283.71
55,000761.SZ,20200803,40118,1416.9,25291,893.51,35010,1236.27,35245,1245.18,55865,1974.6,66021,2332.7,0,0.0,4436,156.38,28011,995.35
56,002147.SZ,20200803,22143,366.02,13036,216.01,19609,324.27,21004,348.08,6753,111.66,14465,237.86,0,0.0,0,0.0,-4876,-78.94
57,002301.SZ,20200803,21108,3534.61,31768,5340.78,37783,6342.69,39271,6598.66,26281,4421.86,20357,3425.62,17337,2939.99,11112,1874.09,6793,1168.6
58,000892.SZ,20200803,64972,2578.79,67046,2662.62,61301,2434.6,59440,2360.22,48635,1939.12,52177,2080.46,11468,456.95,7712,306.17,55550,2211.82
59,002278.SZ,20200803,36838,2612.65,50251,3558.68,57105,4015.36,66675,4724.25,62113,4389.55,80448,5707.97,46156,3318.44,4838,345.11,16550,1143.67
60,002432.SZ,20200803,96479,12205.1,105546,13401.37,108674,13755.14,117641,14906.43,68372,8663.76,73672,9299.98,33511,4277.85,10177,1294.07,23415,3063.28
61,603392.SH,20200803,10183,27702.21,10433,28653.12,12734,34756.7,14638,40040.64,15606,42574.94,15273,41621.52,15969,43511.73,14148,38230.3,-1470,-3921.68
62,688188.SH,20200803,1463,2869.81,1749,3433.91,3054,5986.95,3688,7235.99,2356,4623.76,1480,2903.35,780,1537.47,735,1444.73,543,1072.52
63,600885.SH,20200803,59421,26696.04,53261,23969.62,69443,31118.96,68982,30979.54,67461,30252.58,63144,28252.93,16929,7556.95,27866,12422.45,16647,7491.39
64,603118.SH,20200803,99532,13476.01,91391,12393.09,125594,17014.84,123541,16744.32,87528,11872.77,87928,11916.5,15318,2085.96,25112,3395.67,1577,246.79
65,000903.SZ,20200803,197037,14463.73,240775,17664.61,290241,21275.78,304211,22271.34,341079,25015.5,325480,23912.67,162170,11958.09,120061,8864.47,199026,14644.25
66,002086.SZ,20200803,85782,1615.64,56208,1060.62,82018,1545.37,83753,1578.67,40001,751.98,48373,910.13,15730,297.47,35197,661.04,-16383,-298.66
67,002240.SZ,20200803,45376,7150.9,35243,5563.83,90733,14323.19,63990,10100.23,51959,8209.19,70914,11183.92,13032,2058.71,30953,4894.02,-50378,-7877.09
68,002371.SZ,20200803,527,1206.6,4149,9512.63,1371,3139.24,9658,22144.85,3016,6909.93,12110,27765.9,38563,88434.47,17560,40266.85,-23709,-54368.53
69,300035.SZ,20200803,42420,3527.49,57849,4819.41,54531,4531.68,62986,5248.27,53035,4425.55,33124,2754.94,10628,893.04,6655,555.15,22278,1859.55
70,002705.SZ,20200803,27426,13324.04,24462,11886.4,31057,15087.34,23865,11589.99,12812,6221.27,13819,6710.41,3187,1544.84,12336,5990.69,-12526,-6056.54
71,002097.SZ,20200803,130079,9593.44,162422,11954.59,187614,13792.43,167334,12320.32,135653,9969.96,130631,9602.29,30038,2218.27,22996,1696.9,105785,7789.74
72,002251.SZ,20200803,33789,4762.64,23967,3380.89,38308,5395.99,36890,5205.97,22013,3098.6,28003,3941.07,1851,263.4,7101,992.69,-8131,-1127.3
73,002382.SZ,20200803,79749,25910.9,103663,33711.29,125852,40856.4,132352,43057.7,128500,41854.14,115885,37591.61,61363,19991.76,43564,14252.6,38234,12758.16
74,300046.SZ,20200803,25381,5010.96,24940,4932.06,32086,6339.5,34958,6906.09,22719,4493.33,21906,4325.26,3430,677.45,1812,357.83,1706,345.26
75,600590.SH,20200803,76605,5065.42,118274,7891.54,108103,7125.54,140032,9316.16,97295,6461.97,103745,6939.99,107986,7378.48,27938,1883.74,68842,4512.98
76,600639.SH,20200803,21471,3288.27,24997,3829.03,22039,3376.94,15306,2345.01,6946,1064.55,7381,1130.29,0,0.0,2772,425.42,3649,563.91
77,000585.SZ,20200803,16942,249.22,14596,214.89,14194,208.78,18756,276.1,7873,116.16,6409,94.07,752,10.91,0,0.0,-7179,-104.26
78,002125.SZ,20200803,76581,6321.84,73528,6106.01,95925,7931.16,97021,8040.48,58624,4866.61,67997,5613.73,27206,2264.94,19789,1624.33,38176,3179.31
79,603085.SH,20200803,38247,3443.92,38983,3507.65,44053,3967.44,44192,3980.12,31846,2878.5,28577,2581.21,3449,316.03,5843,536.91,16629,1507.92
80,000919.SZ,20200803,34411,2598.35,26332,1991.34,30623,2311.89,32286,2440.31,21245,1606.85,19283,1455.43,0,0.0,8377,630.0,5639,427.27
81,002256.SZ,20200803,39352,499.44,52314,667.36,60361,766.92,72539,923.37,118268,1503.03,116282,1477.35,48314,618.42,25160,319.72,-103523,-1311.9
82,002410.SZ,20200803,29922,22682.93,26479,20097.27,28925,21935.01,35457,26913.27,26623,20210.08,28366,21495.51,16635,12618.83,11803,8940.8,646,513.51
83,688166.SH,20200803,2544,1531.59,2485,1498.38,4643,2797.37,3963,2389.92,2948,1779.34,3484,2096.84,796,479.35,998,602.51,752,456.01
84,603829.SH,20200803,20390,2565.02,14419,1813.77,24058,3022.99,23836,2995.57,8470,1065.01,15624,1963.52,961,119.84,0,0.0,10659,1346.35
85,605166.SH,20200803,22590,3033.49,22839,3068.18,27451,3686.14,25945,3483.71,10111,1358.39,13367,1794.91,2878,386.87,880,118.1,2716,365.9
86,002797.SZ,20200803,848031,91731.19,626133,67883.38,1021544,110662.73,959129,103895.53,902840,97932.09,984848,106737.42,421930,45829.44,624235,67639.13,-273934,-29194.01
87,002951.SZ,20200803,8534,1351.56,10892,1724.69,10976,1738.08,9473,1500.5,3157,500.19,2302,364.64,0,0.0,0,0.0,2151,342.14
88,300615.SZ,20200803,9208,1506.23,9362,1533.12,12163,1990.31,12366,2023.99,4743,776.79,5685,929.29,1299,213.08,0,0.0,5047,828.61
89,600458.SH,20200803,34599,2624.61,33685,2560.19,48782,3704.97,45827,3482.38,40708,3095.77,44814,3401.5,7062,536.22,6825,517.51,13201,1011.68
90,600612.SH,20200803,12464,7409.97,8398,5005.47,7210,4286.73,10659,6341.36,5329,3178.12,7493,4452.79,1547,924.8,0,0.0,810,486.78
91,300746.SZ,20200803,48644,7105.68,48530,7093.44,46205,6753.49,46863,6839.93,25823,3782.79,25909,3795.26,5958,865.99,5328,779.32,19838,2922.99
92,600589.SH,20200803,82141,3621.74,80886,3572.49,102156,4508.32,100567,4436.57,66577,2936.68,73965,3257.8,15735,694.55,11191,494.44,33408,1488.19
93,600743.SH,20200803,40955,897.31,28196,618.96,69950,1533.55,47756,1047.89,48595,1066.86,100888,2210.88,27900,611.73,10560,231.72,-24241,-527.54
94,000607.SZ,20200803,21992,1002.79,21795,994.74,24975,1139.33,26962,1229.51,27564,1257.93,24351,1111.48,1076,48.64,2499,112.96,12729,584.01
95,600874.SH,20200803,43346,3202.99,52905,3914.78,46484,3435.89,47918,3543.34,42291,3129.55,28363,2095.49,5929,439.39,8865,654.21,24587,1823.9
96,601567.SH,20200803,52287,3881.67,70759,5259.08,71680,5320.29,74890,5561.08,63035,4681.75,49686,3683.87,10333,768.93,2000,148.6,29897,2228.07
97,000738.SZ,20200803,118785,23051.06,155133,30058.57,178011,34483.89,182238,35291.64,178626,34632.16,161204,31246.89,77026,14887.38,53874,10457.4,77526,15024.13
98,002075.SZ,20200803,79074,8693.12,96121,10580.07,115090,12656.13,117196,12895.73,116078,12774.15,96557,10618.57,46951,5167.46,47319,5196.48,7809,877.99
99,601698.SH,20200803,111884,27246.91,203358,50194.49,170340,41546.71,251971,62232.34,191468,46957.32,217696,53696.62,298212,74904.77,98881,24532.27,116088,28573.77
100,603238.SH,20200803,10863,4432.28,9429,3847.6,7111,2901.66,6008,2451.48,2917,1191.42,5008,2046.36,0,0.0,445,179.92,-901,-364.05
101,300440.SZ,20200803,37955,3705.96,28685,2807.7,40949,4003.44,43750,4274.22,11586,1133.86,16555,1616.52,0,0.0,1500,144.81,-1468,-123.53
102,600283.SH,20200803,33222,4126.05,38609,4795.53,37156,4611.24,38731,4807.64,21276,2645.28,15166,1884.15,2126,264.16,1273,159.41,11233,1394.49
103,000301.SZ,20200803,31923,1873.94,30370,1782.16,42737,2505.2,37414,2193.46,18482,1083.71,25440,1492.04,2083,122.21,2000,117.4,-26269,-1535.67
104,002956.SZ,20200803,11513,5840.11,10017,5087.16,10957,5560.35,10406,5283.6,6544,3322.4,5923,3003.05,747,377.6,3415,1726.65,-3079,-1555.22
105,300571.SZ,20200803,4871,2499.51,5239,2695.04,7561,3884.32,9039,4648.23,8911,4580.3,8660,4444.57,4210,2162.35,2615,1338.64,690,356.32
106,600617.SH,20200803,19037,968.4,23931,1217.43,19201,977.8,23728,1206.17,18860,958.76,9439,481.35,0,0.0,0,0.0,3368,175.34
107,600748.SH,20200803,44960,2496.46,48551,2698.28,48712,2706.4,63137,3506.42,44065,2449.2,34828,1933.32,13070,724.68,4291,238.72,17462,978.29
108,000563.SZ,20200803,224207,9424.06,315326,13251.52,308505,12950.7,349353,14651.27,356025,14932.07,318220,13356.98,245807,10289.68,151643,6336.74,310392,13051.83
109,002103.SZ,20200803,224344,14773.86,208499,13774.59,230653,15175.47,238943,15735.78,126035,8322.29,134320,8822.87,35063,2278.03,34333,2216.41,5761,440.46
110,600879.SH,20200803,436727,34749.44,582807,46141.66,597127,47467.33,639976,50781.69,557160,44120.48,514225,40809.96,346027,27436.51,200036,16040.45,426040,33825.14
111,603063.SH,20200803,39878,3412.13,46238,3972.04,65465,5596.98,70806,6034.62,43191,3682.7,35784,3054.16,6294,541.01,2000,172.0,18674,1604.0
112,002234.SZ,20200803,29512,6959.78,30100,7115.43,43427,10244.28,45555,10757.66,37513,8860.36,35730,8427.72,11777,2790.19,10844,2553.8,16938,4013.01
113,603079.SH,20200803,16823,5498.95,15028,4916.6,17229,5635.35,17193,5625.46,10915,3570.89,11897,3888.28,1134,370.81,1983,645.66,2477,811.22
114,603233.SH,20200803,24192,17999.46,24178,18011.23,18598,13866.72,21122,15738.7,13764,10234.64,13558,10087.18,5916,4418.8,3612,2682.51,-11200,-8318.15
115,688029.SH,20200803,78,199.08,134,344.65,4739,12155.18,5587,14374.76,5040,12921.76,4486,11487.44,1883,4889.61,1533,3958.77,3045,7835.29
116,002404.SZ,20200803,56458,3822.66,62794,4257.76,59616,4009.06,66859,4522.41,54879,3732.37,50259,3384.99,8958,601.08,0,0.0,37007,2517.57
117,002535.SZ,20200803,37987,573.16,38923,587.86,46398,699.51,39112,590.23,25740,387.59,32090,483.18,10000,151.0,9999,149.99,26028,394.56
118,300150.SZ,20200803,15390,712.06,17209,796.22,20735,959.66,20040,926.8,11380,527.21,10256,475.91,0,0.0,0,0.0,11223,521.75
119,000011.SZ,20200803,64837,17971.04,81613,22755.38,90699,25148.38,102466,28532.45,78506,21894.85,73372,20414.04,51138,14496.55,27729,7808.94,20206,5856.24
120,002666.SZ,20200803,69710,4987.93,62706,4488.57,61472,4396.26,68105,4872.23,42627,3052.09,43525,3114.4,4820,344.1,4293,305.17,21399,1543.82
121,002820.SZ,20200803,13985,1849.45,12167,1609.57,14232,1882.22,17215,2277.04,8076,1068.26,7911,1045.93,1000,132.6,0,0.0,-2583,-339.97
122,300281.SZ,20200803,29809,2242.75,21482,1617.54,30883,2323.97,29990,2257.01,12896,971.62,20116,1513.87,0,0.0,2000,149.91,2263,174.01
123,600327.SH,20200803,43527,1850.76,50538,2151.61,50716,2158.54,49338,2100.15,40216,1713.69,32907,1400.01,3057,129.92,4733,201.15,17223,738.21
124,603227.SH,20200803,64568,2847.69,63471,2800.56,75284,3319.17,94641,4171.3,44940,1976.72,34935,1536.9,8255,365.19,0,0.0,32980,1452.67
125,000858.SZ,20200803,31154,67491.12,20160,43763.63,57634,124951.26,59831,129795.9,55885,121270.88,64662,140260.78,56781,123266.93,56800,123159.89,-15191,-32734.24
126,600300.SH,20200803,185359,6802.36,177114,6504.85,196992,7233.65,197389,7248.62,179924,6602.97,199187,7308.36,53977,1981.82,42562,1558.97,39833,1475.35
127,603648.SH,20200803,49020,5214.76,56320,6012.2,61677,6573.25,61334,6546.84,39889,4264.97,36683,3900.11,5789,623.9,2038,217.72,-1673,-155.38
128,002770.SZ,20200803,93957,1688.74,124913,2249.47,96950,1743.36,110755,1991.37,71299,1282.45,57468,1032.08,30930,558.37,0,0.0,30500,560.48
129,002819.SZ,20200803,8373,2191.81,13166,3458.39,11762,3084.36,12184,3199.69,11604,3052.53,6557,1715.55,978,262.37,808,217.45,1180,269.15
130,300434.SZ,20200803,20519,1790.29,18798,1641.5,21535,1878.82,24994,2181.75,8553,748.76,6815,594.62,0,0.0,0,0.0,2109,188.16
131,600277.SH,20200803,77893,2821.41,84358,3060.33,103989,3768.34,96243,3488.54,76300,2765.0,75424,2730.77,25304,918.95,27461,994.05,33681,1229.24
132,603779.SH,20200803,7152,454.68,4899,313.08,7086,451.77,8405,535.64,2226,142.42,3160,200.15,0,0.0,0,0.0,1785,116.29
133,603933.SH,20200803,15210,2183.68,13808,1983.98,13317,1913.2,15703,2254.91,7708,1107.23,7461,1070.83,737,105.61,0,0.0,-946,-134.03
134,300565.SZ,20200803,43129,6884.58,33105,5295.72,48075,7680.41,36806,5877.88,20704,3307.02,40208,6410.19,4886,777.48,6675,1065.69,9881,1594.84
135,600562.SH,20200803,41970,8039.67,49010,9403.09,77613,14867.11,76934,14746.66,76144,14609.34,76199,14603.72,25880,4976.61,19464,3739.26,32760,6293.84
136,000426.SZ,20200803,95962,8869.81,68661,6358.18,148589,13742.65,120795,11177.08,121912,11273.56,150922,13955.11,36687,3405.06,62772,5800.72,-64940,-5980.16
137,300696.SZ,20200803,4138,2263.82,6033,3312.94,5415,2973.16,7879,4329.42,7013,3871.2,5119,2849.25,3702,2069.63,1237,686.2,-2970,-1675.51
138,300850.SZ,20200803,23009,14441.99,21929,13790.69,34605,21701.85,32685,20507.17,27926,17543.58,31306,19623.08,14083,8801.84,13702,8568.32,48,145.9
139,603336.SH,20200803,56130,7833.09,56430,7890.71,75653,10568.03,76631,10708.81,41320,5782.81,39275,5479.8,2724,382.34,3491,486.96,5295,758.99
140,000967.SZ,20200803,61449,6224.36,56738,5756.67,74424,7543.21,81108,8225.4,73274,7433.22,80409,8148.01,36241,3678.66,27133,2749.37,-33653,-3407.16
141,002507.SZ,20200803,34918,13874.57,32828,13060.75,31048,12346.8,27957,11128.14,24747,9845.86,23013,9133.85,4957,1972.73,11873,4717.22,-10998,-4354.89
142,300685.SZ,20200803,14997,11583.65,13515,10450.65,17051,13173.44,16534,12781.64,20767,16030.62,18035,13917.45,2705,2091.92,7436,5729.89,-8655,-6673.05
143,600682.SH,20200803,83611,14211.66,82320,14015.41,153582,26122.01,126374,21511.55,105547,17965.65,108604,18469.79,27973,4757.31,53415,9059.86,-53804,-9115.48
144,601375.SH,20200803,39299,2415.65,172675,10761.61,78137,4809.05,176473,10975.01,109245,6752.0,145648,9015.34,327748,20486.32,59633,3711.06,-114301,-7192.73
145,000546.SZ,20200803,29205,2715.29,27787,2586.74,38694,3599.64,32508,3026.4,27934,2601.28,27839,2586.57,3070,285.75,10769,1002.26,7464,697.7
146,000700.SZ,20200803,114231,8753.75,133202,10232.41,132098,10107.14,126513,9710.52,113500,8701.98,115550,8848.08,43748,3374.94,28313,2146.8,60351,4624.66
147,603200.SH,20200803,14484,5880.89,13049,5302.58,16556,6725.09,15391,6253.58,7228,2942.24,10022,4070.62,485,196.43,291,117.86,6703,2734.67
148,000677.SZ,20200803,39223,1249.16,42152,1343.5,33776,1075.86,34839,1109.95,17033,543.13,18041,574.7,5000,160.0,0,0.0,9173,294.82
149,000831.SZ,20200803,124696,18973.31,156753,23915.97,204020,31080.01,217007,33052.49,184020,28076.13,170694,25972.47,78747,12010.64,47029,7199.16,99123,15201.89
150,002217.SZ,20200803,163340,8708.9,192688,10283.8,229170,12219.72,248474,13254.03,227947,12158.56,195621,10432.73,130259,6958.99,113933,6075.59,-3661,-164.46
151,002627.SZ,20200803,34374,2531.31,29666,2185.52,36353,2673.17,43579,3216.34,42023,3105.99,27005,1985.86,1700,124.27,14200,1047.02,7746,585.28
152,300088.SZ,20200803,389605,48012.85,325380,40150.16,517629,63811.94,494172,60942.07,482248,59471.29,529563,65304.17,231698,28604.31,272066,33503.98,-146266,-17865.69
153,300242.SZ,20200803,287784,20925.49,219386,16006.04,294369,21416.34,260299,18966.44,218026,15854.63,237235,17270.46,53181,3871.35,136440,9824.87,53425,3949.88
154,600085.SH,20200803,31230,8595.26,38987,10742.19,43075,11861.12,43137,11878.69,43580,12008.21,37125,10222.48,11808,3256.69,10444,2877.93,3822,1066.86
155,600386.SH,20200803,33677,1273.34,38791,1467.67,42521,1608.27,51187,1936.01,27655,1046.39,13875,524.32,0,0.0,0,0.0,26296,998.65
156,600540.SH,20200803,86410,5032.17,67787,3953.05,82454,4802.54,79166,4612.7,32382,1889.03,57757,3364.32,10109,592.04,6646,385.72,15897,935.61
157,601233.SH,20200803,34380,5005.66,38825,5660.53,48931,7127.97,58322,8502.6,57580,8396.52,55054,8027.07,42228,6172.32,30918,4512.28,27087,3972.64
158,603888.SH,20200803,24951,6129.93,44825,11125.52,36061,8823.0,49993,12389.21,38837,9563.73,37205,9226.85,40476,10299.61,8302,2074.69,25758,6364.67
159,000404.SZ,20200803,76809,3185.85,47481,1972.78,103959,4310.91,93686,3892.15,69061,2868.53,81538,3375.03,12392,513.38,39516,1638.71,-32552,-1330.39
160,300674.SZ,20200803,17516,8888.09,12487,6343.26,23996,12177.24,23694,12024.72,14103,7162.53,17696,8978.35,4004,2032.75,5742,2914.26,-4099,-2066.92
161,600671.SH,20200803,4720,418.77,5758,514.47,5050,449.86,6103,545.18,3887,351.58,1796,160.55,0,0.0,0,0.0,1450,133.6
162,603035.SH,20200803,21781,2654.47,20576,2512.98,24546,2993.95,27276,3328.01,17144,2094.19,19920,2426.39,4301,524.77,0,0.0,-329,-31.19
163,000666.SZ,20200803,27072,2685.63,26119,2590.81,31969,3171.61,39337,3900.63,27335,2713.15,19850,1972.56,100,10.0,1171,116.4,10695,1061.28
164,300481.SZ,20200803,14707,3333.15,21564,4896.95,26746,6073.0,28726,6528.09,30793,6997.82,23986,5447.73,4345,998.58,2316,529.78,-2597,-589.97
165,600527.SH,20200803,271815,8654.41,357197,11387.06,325155,10343.32,336324,10708.83,231760,7392.91,166868,5305.09,50873,1616.93,19214,606.59,79372,2567.87
166,603980.SH,20200803,21824,1611.5,24787,1831.53,26295,1941.5,26267,1939.3,23381,1726.84,21965,1622.14,3519,261.34,2000,148.2,8846,657.55
167,300815.SZ,20200803,5015,6190.32,5915,7320.1,6741,8331.98,5650,6983.66,4885,6027.31,3974,4901.17,1721,2117.5,2824,3462.19,-1203,-1474.75
168,000506.SZ,20200803,143550,4113.84,104030,2984.03,144382,4137.28,125633,3600.25,89926,2574.36,129184,3698.35,18001,513.79,37012,1056.64,1705,72.15
169,300776.SZ,20200803,4942,4516.95,4099,3748.3,6370,5815.59,6768,6188.54,4250,3891.78,3978,3628.2,1700,1559.9,2416,2219.18,4130,3783.2
170,600773.SH,20200803,69382,4899.95,63352,4480.23,92762,6549.76,75208,5315.21,57290,4054.32,70390,4973.55,11687,826.47,22171,1561.52,-12310,-847.53
171,603006.SH,20200803,19938,2323.13,16455,1917.58,18332,2135.22,22553,2626.46,5462,634.85,5687,662.0,962,112.84,0,0.0,-8448,-981.5
172,000637.SZ,20200803,106513,5119.18,55895,2696.81,133315,6419.15,107867,5202.64,71269,3432.0,117357,5642.61,5153,248.98,35131,1677.26,-18692,-859.13
173,000768.SZ,20200803,125517,31647.58,193942,49012.75,217586,54787.24,258067,65109.33,251903,63330.11,257166,64795.11,275973,70173.38,161805,41021.12,226503,57589.36
174,000922.SZ,20200803,30006,2112.97,28582,2019.39,37070,2616.0,37120,2620.16,31843,2251.33,27903,1966.68,1968,139.69,7282,513.76,29417,2078.28
175,002308.SZ,20200803,53318,4372.29,54156,4444.44,97023,7953.56,103392,8477.78,95897,7870.05,88655,7274.47,21491,1768.43,21526,1767.63,25073,2078.05
176,601882.SH,20200803,37576,4190.75,32624,3653.86,49388,5518.67,48632,5424.72,27380,3066.58,40239,4510.54,21650,2451.43,14499,1638.31,-19530,-2200.53
177,603268.SH,20200803,5880,882.31,6244,938.78,5450,819.08,5120,769.68,2692,405.48,2657,398.42,0,0.0,0,0.0,2509,378.16
178,688218.SH,20200803,2652,736.6,3446,957.84,7912,2201.13,6048,1682.29,2101,584.14,3171,881.74,0,0.0,0,0.0,-255,-70.82
179,000899.SZ,20200803,15941,739.18,17655,819.49,26137,1211.96,30362,1409.31,21435,995.58,14022,649.38,1162,53.68,2636,122.22,1428,70.45
180,603109.SH,20200803,13758,4572.32,13944,4640.62,13094,4353.58,12524,4163.01,5897,1967.02,5469,1818.05,0,0.0,812,271.23,1954,647.42
181,688010.SH,20200803,9096,3779.86,13222,5492.85,21178,8826.3,33411,14003.81,30292,12772.88,17135,7227.05,5836,2463.87,2635,1119.21,7831,3306.57
182,000691.SZ,20200803,139450,10033.31,121163,8744.32,125610,9054.83,129088,9297.45,74228,5347.02,79079,5684.39,6802,494.19,16760,1203.18,-48399,-3449.47
183,002077.SZ,20200803,20912,1410.04,34325,2316.94,43517,2933.68,39261,2647.14,24884,1678.1,23878,1608.87,8151,551.13,0,0.0,18914,1277.16
184,688300.SH,20200803,3871,2549.29,2980,1967.2,6412,4226.4,6176,4073.48,3055,2023.17,4957,3269.79,1699,1125.68,924,614.06,-1145,-752.97
185,000981.SZ,20200803,74399,1186.68,70708,1129.87,131580,2101.28,97302,1554.02,64501,1030.85,106859,1703.09,12370,196.65,7981,128.49,-27920,-433.71
186,002367.SZ,20200803,118575,13389.81,93612,10591.9,134275,15167.05,156432,17689.73,103368,11672.01,99733,11268.46,17447,1994.13,23889,2672.92,-3885,-383.67
187,002521.SZ,20200803,23677,1424.57,25753,1549.28,34997,2104.41,33761,2029.65,22119,1330.95,14162,851.56,0,0.0,7117,429.44,9202,557.44
188,600028.SH,20200803,231265,9255.34,261833,10481.75,314996,12606.91,407541,16314.63,412030,16495.29,333495,13352.63,358361,14346.13,313783,12554.66,2172,140.54
189,688277.SH,20200803,4627,5045.71,6157,6750.81,14683,16031.82,16743,18324.77,20393,22296.54,16867,18449.02,11709,12735.76,11646,12585.22,10911,11877.67
190,002498.SZ,20200803,206404,10808.49,237378,12440.0,233312,12224.27,249881,13085.59,166840,8727.71,146218,7652.49,71643,3761.04,44722,2343.43,108056,5695.35
191,002652.SZ,20200803,23448,1012.66,17387,752.07,26684,1153.04,23768,1027.16,11541,498.85,20518,885.32,0,0.0,0,0.0,-2397,-101.3
192,300316.SZ,20200803,62334,16010.41,83578,21494.27,97915,25162.17,111331,28621.45,115354,29696.76,101151,26017.14,63579,16385.03,43121,11121.51,15872,4122.36
193,002657.SZ,20200803,19306,3086.34,26096,4177.96,33095,5292.94,34337,5493.73,26590,4258.42,19200,3071.2,1643,263.6,1000,158.4,2786,450.51
194,002811.SZ,20200803,12761,1390.52,13745,1500.62,13718,1496.36,14401,1569.87,4557,497.75,3862,421.18,973,107.03,0,0.0,4550,500.38
195,300272.SZ,20200803,29583,1491.05,23687,1196.37,33060,1669.42,35192,1776.6,19391,977.78,22182,1118.02,5830,296.39,6804,343.65,-19478,-979.83
196,600318.SH,20200803,127652,15004.58,111556,13137.14,146012,17172.92,148761,17497.71,92060,10840.08,109345,12856.8,28725,3379.84,24787,2905.75,8851,1080.56
197,688567.SH,20200803,25085,7123.52,35218,10011.55,60389,17139.76,72382,20551.64,91665,26049.14,68731,19519.56,37574,10652.75,38382,10882.42,23205,6589.87
198,002788.SZ,20200803,66256,6783.75,73335,7582.7,68950,7091.73,92599,9589.95,45805,4755.06,46461,4840.86,43296,4665.69,11913,1282.72,-3393,-509.41
199,002942.SZ,20200803,8054,3077.34,9477,3622.78,6549,2503.54,5186,1982.39,1854,709.44,2895,1104.86,1872,714.22,771,294.51,-3397,-1294.49
200,300397.SZ,20200803,47099,12506.11,53568,14247.66,73101,19428.7,75241,19988.96,63308,16839.95,68958,18322.57,29149,7771.05,14889,3986.61,26611,7071.98
201,300551.SZ,20200803,21764,6564.11,27057,8164.36,27738,8379.42,23686,7160.47,24514,7396.81,20510,6199.55,9156,2781.44,11919,3597.4,-6069,-1787.38
202,603896.SH,20200803,6714,2747.83,8229,3370.64,9870,4040.57,12522,5128.69,10093,4135.8,7690,3148.84,3316,1358.9,1552,634.94,-2863,-1163.28
203,300682.SZ,20200803,19256,3426.21,18373,3274.87,25378,4518.58,26054,4638.86,14988,2669.95,15468,2754.35,2166,388.92,1891,335.57,3381,602.46
204,600728.SH,20200803,72238,6791.13,87791,8262.8,134548,12657.23,136934,12879.29,104012,9789.93,105442,9922.87,48419,4559.58,29050,2732.9,33607,3184.92
205,000543.SZ,20200803,33777,1413.4,46506,1946.39,52441,2194.0,45512,1905.23,44248,1850.59,47783,1999.79,18336,768.8,9000,375.36,-7128,-292.89
206,601952.SH,20200803,139211,19010.7,135277,18514.99,214670,29349.49,210768,28846.2,183440,25105.58,199667,27294.89,58999,8090.26,50607,6899.96,-4966,-580.55
207,603338.SH,20200803,12613,11037.05,13707,12002.12,11220,9814.5,8397,7346.93,5128,4485.87,5617,4910.84,1305,1144.11,2543,2221.66,-3792,-3303.59
208,688085.SH,20200803,3238,2411.79,4336,3240.82,6718,5012.77,6489,4847.07,5079,3807.73,4265,3189.26,1329,999.42,1274,954.56,1838,1388.25
209,000969.SZ,20200803,66284,5078.25,72168,5522.89,73834,5647.27,74148,5677.51,69453,5315.97,69943,5352.63,12389,944.17,5700,432.62,22734,1740.68
210,002460.SZ,20200803,41570,23521.48,55139,31278.16,70031,39660.37,67249,38136.61,71693,40622.72,71144,40298.26,46733,26559.5,36496,20651.02,15039,8637.83
211,300124.SZ,20200803,37858,19722.45,53354,27868.71,66108,34473.33,66619,34748.09,56182,29290.61,49588,25793.5,32278,16889.35,22865,11965.44,9330,4850.24
212,600121.SH,20200803,34735,695.32,33202,666.68,41065,824.43,31144,626.72,20888,420.98,26342,527.94,0,0.0,6000,119.4,19792,400.61
213,002591.SZ,20200803,24987,1954.94,28346,2224.99,31463,2463.17,27585,2160.85,17448,1371.72,17532,1369.92,0,0.0,435,34.06,13318,1048.55
214,300255.SZ,20200803,56966,3738.07,39508,2594.8,52084,3418.34,51590,3387.06,34150,2243.81,50583,3319.86,2000,132.4,3519,230.9,-2475,-155.1
215,600098.SH,20200803,16929,1001.02,19447,1151.49,21726,1284.46,24051,1424.21,26451,1565.51,10438,617.92,0,0.0,11171,657.36,8749,521.68
216,600252.SH,20200803,217481,8620.23,280673,11129.81,320393,12690.45,330602,13129.05,279456,11099.74,261624,10402.43,184868,7347.0,129298,5096.13,113487,4527.02
217,002925.SZ,20200803,13384,8086.99,26276,15893.12,20693,12518.38,15334,9280.13,19045,11526.46,11123,6723.17,7424,4486.93,7813,4722.34,-7536,-4533.83
218,002563.SZ,20200803,82105,6185.62,87895,6638.76,108809,8214.18,90393,6828.0,49560,3733.71,71000,5341.84,24937,1884.86,16122,1209.77,36614,2783.73
219,300227.SZ,20200803,104172,13766.05,66631,8820.55,150214,19865.68,178191,23572.28,135487,17950.8,120977,16014.48,21562,2860.54,45635,6035.75,16103,2184.56
220,603726.SH,20200803,16827,2692.08,21978,3529.42,22046,3537.64,19516,3129.02,7258,1169.01,6169,988.31,1532,248.01,0,0.0,-2211,-357.41
221,002694.SZ,20200803,57642,1742.76,47992,1451.21,47158,1424.93,47020,1421.61,21627,655.0,30465,920.65,4651,140.46,5600,169.68,27900,849.18
222,300358.SZ,20200803,104896,15239.7,77778,11320.64,156473,22741.59,129761,18882.05,116065,16890.14,152203,22121.97,42016,6173.63,59708,8720.4,-51730,-7488.61
223,300523.SZ,20200803,6855,3201.1,7618,3559.94,9214,4297.93,12426,5802.05,7544,3532.74,6424,2997.48,4032,1876.97,1176,549.28,72,40.02
224,600366.SH,20200803,80229,5100.15,88400,5624.44,119961,7622.81,104626,6654.52,89613,5703.28,105504,6702.04,27474,1749.57,18748,1194.8,65329,4164.84
225,600520.SH,20200803,21627,1988.03,19491,1796.79,20991,1932.26,21857,2011.35,6679,617.19,7949,729.35,0,0.0,0,0.0,5376,497.02
226,603868.SH,20200803,6187,3731.23,6246,3767.33,4266,2570.47,3495,2105.4,1431,859.93,2173,1306.42,244,147.37,215,129.86,-817,-492.94
227,002990.SZ,20200803,9284,10474.27,10711,12167.03,15692,17690.28,18164,20578.37,18535,20942.14,21027,23753.81,17942,20359.93,11551,12967.4,7619,8805.9
228,300654.SZ,20200803,14085,1402.74,15156,1512.13,13428,1340.46,18668,1862.25,10299,1029.0,4989,498.22,1000,100.39,0,0.0,8552,855.4
229,600497.SH,20200803,148605,6408.64,185479,8013.46,243008,10483.91,255872,11043.26,260255,11230.63,242533,10460.14,105386,4555.45,73370,3161.76,72819,3188.3
230,600651.SH,20200803,16956,685.21,15557,630.12,31722,1282.43,29877,1207.42,14411,583.39,17655,713.49,0,0.0,0,0.0,-3550,-141.32
231,300200.SZ,20200803,46112,4923.38,46962,5021.46,60545,6468.35,53386,5708.04,31950,3423.62,33082,3536.52,3554,380.01,8732,929.35,9117,983.66
232,002716.SZ,20200803,90432,1388.84,69531,1067.79,87271,1338.76,94730,1453.83,42795,657.54,63237,971.31,7000,107.8,0,0.0,-36505,-552.8
233,300177.SZ,20200803,177439,20306.84,202891,23248.54,285373,32640.57,278655,31898.32,253031,28928.37,237747,27162.36,97726,11208.07,94276,10774.63,82183,9473.33
234,300331.SZ,20200803,17067,6520.01,20592,7882.64,27761,10609.32,27097,10357.07,26694,10216.97,24903,9514.74,7273,2772.87,6203,2364.72,-5027,-1912.87
235,601021.SH,20200803,14627,5796.19,14348,5688.65,15505,6145.09,17408,6902.01,13019,5160.85,10670,4227.31,4459,1769.22,5185,2053.39,-8892,-3514.57
236,603676.SH,20200803,70362,9382.27,53574,7160.3,81280,10852.78,82140,10965.55,55928,7478.57,64740,8637.66,7193,962.9,14308,1913.01,-20323,-2672.74
237,000038.SZ,20200803,104839,17866.82,106225,18113.36,135557,23070.69,128053,21835.73,76288,12988.96,84731,14423.98,17250,2989.08,14925,2542.49,15754,2807.57
238,002847.SZ,20200803,12070,12319.14,8893,9089.09,9308,9502.36,9650,9856.25,3631,3711.28,4222,4311.32,1247,1273.36,3491,3549.48,-4862,-4953.55
239,300462.SZ,20200803,13129,3411.34,11167,2902.64,16798,4365.11,14999,3897.77,7982,2075.85,9686,2517.5,1000,259.8,3056,794.18,2243,585.8
240,600508.SH,20200803,13416,1212.15,12700,1149.44,22536,2036.8,24514,2215.73,13633,1231.77,12371,1115.55,0,0.0,0,0.0,8888,806.64
241,002978.SZ,20200803,9987,4185.25,14336,6013.48,19202,8051.89,16042,6724.23,11923,4996.81,10109,4233.21,461,191.32,1086,454.34,-3238,-1349.69
242,300593.SZ,20200803,33661,6490.4,30723,5928.79,35863,6902.91,34277,6605.52,22034,4235.54,19339,3730.47,1080,211.63,8300,1575.71,21756,4203.35
243,000869.SZ,20200803,12195,4151.01,11858,4040.77,11897,4051.34,12237,4166.89,8773,2988.74,9116,3101.73,2606,888.04,2260,769.74,-5374,-1824.47
244,002360.SZ,20200803,78334,5779.67,55756,4121.27,85389,6287.47,82737,6090.1,45487,3354.43,77655,5738.97,27260,2025.5,20322,1496.73,-3736,-233.63
245,002409.SZ,20200803,33386,21663.61,58924,38375.43,62700,40706.59,87275,56907.43,68113,44226.46,69886,45603.72,80220,52972.44,28335,18682.53,-16265,-11085.4
246,300024.SZ,20200803,100745,16221.78,127081,20486.52,168297,27101.81,166572,26832.94,138666,22336.35,131170,21131.91,55578,8971.37,38463,6179.94,38279,6221.49
247,600021.SH,20200803,32222,2539.29,33136,2610.98,32864,2588.55,27579,2174.14,21480,1691.68,19075,1502.69,5884,465.91,12659,997.63,-11724,-918.92
248,603369.SH,20200803,21593,9503.44,38943,17164.82,39693,17489.72,24644,10868.52,16678,7367.16,13932,6142.36,11663,5172.62,12109,5357.24,16182,7178.25
249,002491.SZ,20200803,69723,3792.28,105860,5803.96,89601,4877.21,102291,5611.29,53888,2945.44,77168,4232.33,81244,4528.85,9136,496.21,112712,6236.47
250,300155.SZ,20200803,207294,17676.19,184843,15863.67,264002,22567.2,233857,19999.36,136215,11648.74,180253,15445.01,49097,4312.35,57655,4896.43,-49877,-4208.1
251,600157.SH,20200803,262965,3603.68,304993,4178.67,346707,4753.06,380696,5215.36,405694,5561.62,365745,5005.25,330739,4525.59,294670,4044.67,-80472,-1039.26
252,600311.SH,20200803,51470,870.61,39251,665.11,75189,1272.66,52949,896.49,26466,446.9,52463,885.56,0,0.0,8462,143.01,-49744,-836.31
253,603659.SH,20200803,10002,10925.46,18478,20195.95,17567,19200.31,18447,20180.25,16458,18010.18,8278,9059.56,3495,3837.19,2320,2537.39,804,912.06
254,603813.SH,20200803,6082,1132.99,7784,1454.07,6609,1234.35,6103,1138.7,3538,661.13,2342,435.7,0,0.0,0,0.0,3062,570.95
255,601857.SH,20200803,218096,9726.88,247398,11050.21,320111,14278.86,325707,14544.06,368900,16456.76,353094,15755.36,333455,14890.25,314362,14003.11,-193159,-8559.12
256,002365.SZ,20200803,32038,4269.44,20950,2799.0,33019,4404.79,24453,3263.14,22221,2968.66,38278,5100.57,31,4.12,3628,484.31,12432,1662.37
257,300029.SZ,20200803,36718,2468.78,24811,1673.21,43444,2921.65,34414,2315.98,18164,1221.82,29175,1960.31,0,0.0,9926,662.76,-15502,-1031.74
258,600026.SH,20200803,127545,9498.32,200225,14918.37,175805,13072.45,182886,13611.12,170708,12705.26,154329,11474.9,95492,7125.58,32111,2397.22,100619,7505.07
259,601988.SH,20200803,327110,10922.78,299294,9987.33,333238,11129.21,349010,11647.54,322952,10786.3,286141,9554.35,481829,16081.4,530685,17730.48,-220157,-7292.43
260,603528.SH,20200803,32072,3600.61,42198,4780.16,34879,3930.9,42524,4811.58,30129,3410.0,23650,2660.98,14825,1704.62,3533,393.4,28648,3212.54
261,002496.SZ,20200803,22475,700.47,41525,1294.81,65767,2050.06,58276,1815.82,62703,1957.72,58515,1824.29,7370,226.66,0,0.0,42997,1344.5
262,002650.SZ,20200803,52838,4129.03,78545,6151.99,79549,6217.78,107357,8416.1,86884,6795.59,112277,8798.47,144057,11363.5,65149,5139.35,-92002,-7243.73
263,300314.SZ,20200803,32984,7258.53,34440,7596.33,34631,7630.35,34270,7560.6,26190,5779.68,22597,4971.54,4286,947.61,6784,1487.7,-7131,-1546.82
264,600628.SH,20200803,15808,1972.15,15890,1984.17,18238,2273.53,16049,2000.11,16143,2013.59,17280,2152.96,0,0.0,970,122.03,1849,235.31
265,600759.SH,20200803,91278,1870.95,124125,2548.91,131121,2686.5,145291,2981.84,103316,2122.03,128828,2639.46,84604,1736.54,12075,245.82,130734,2699.39
266,601606.SH,20200803,142900,20986.56,140798,20716.76,179608,26376.1,173202,25444.15,149363,21967.51,159769,23468.63,44222,6518.11,42324,6218.74,77801,11475.06
267,002195.SZ,20200803,489279,15199.46,507549,15797.46,642817,19967.21,544293,16924.32,581704,18066.5,539857,16768.51,319077,9925.56,441177,13668.43,196400,6186.06
268,300013.SZ,20200803,98501,9633.38,96378,9465.83,185682,18220.76,178872,17602.34,141436,13806.19,149128,14603.36,46485,4610.96,47725,4599.77,7259,845.65
269,600010.SH,20200803,413912,4886.98,646118,7611.86,687986,8117.02,871805,10272.44,917907,10828.24,1027276,12107.91,1473156,17338.72,947760,11178.75,322412,3888.39
270,603358.SH,20200803,7470,1294.39,6945,1204.71,5478,949.22,5740,994.8,2204,382.82,2467,426.92,0,0.0,0,0.0,16,4.86
271,000989.SZ,20200803,36265,3753.93,43566,4514.54,56248,5826.45,56638,5868.13,48502,5022.34,50389,5214.67,16748,1736.58,7169,741.96,16049,1666.12
272,002480.SZ,20200803,42754,2516.92,50016,2946.14,56708,3338.06,63331,3727.33,31691,1867.48,27699,1630.68,12391,728.82,2498,147.13,20098,1190.24
273,002529.SZ,20200803,16952,1111.97,13499,895.05,26813,1769.05,23844,1571.67,9678,640.02,17181,1124.11,3693,244.72,2611,174.94,-106,8.88
274,300144.SZ,20200803,56780,10728.83,70782,13398.9,82802,15658.01,82085,15529.56,63968,12123.21,61669,11670.35,30462,5772.76,19475,3684.01,-17744,-3315.76
275,600141.SH,20200803,39903,4234.13,40641,4316.76,66207,7026.37,52816,5611.69,65030,6904.53,52014,5521.62,19984,2119.5,45652,4834.46,27214,2897.76
276,603489.SH,20200803,3741,6136.85,4457,7335.42,5908,9708.66,6620,10882.76,5180,8544.11,3811,6255.66,2556,4224.59,2498,4140.36,3794,6310.66
277,000005.SZ,20200803,64853,1946.41,90036,2706.52,63502,1904.75,69662,2092.48,66519,1999.13,35905,1074.83,8000,242.4,7270,218.86,59412,1790.3
278,600693.SH,20200803,103546,6350.83,87954,5408.85,110975,6808.49,106825,6559.18,55550,3417.95,79601,4884.12,15240,941.25,10932,666.38,-22740,-1382.29
279,603068.SH,20200803,7880,6173.99,10210,7999.31,9435,7388.99,9966,7810.28,8408,6591.51,6420,5026.08,1440,1128.56,567,447.37,1573,1223.93
280,603222.SH,20200803,11338,3770.77,7526,2507.2,9974,3321.91,10236,3407.67,3118,1038.24,8225,2736.44,3326,1107.73,1768,587.34,2235,749.28
281,688018.SH,20200803,2135,4036.83,2985,5663.54,6959,13162.71,7414,14035.54,7546,14311.8,6264,11843.33,5883,11142.16,5859,11111.08,1202,2349.46
282,002190.SZ,20200803,25081,6195.0,19887,4909.11,32682,8056.01,31189,7698.38,20297,5014.32,26072,6439.82,6219,1542.29,7130,1760.3,19448,4814.57
283,002239.SZ,20200803,651593,35797.09,676993,37385.72,698861,38444.06,675402,37212.53,561043,30884.67,572021,31448.6,369515,20395.42,356597,19474.39,105626,6182.37
284,603199.SH,20200803,3692,819.28,4092,909.74,4957,1100.53,4214,936.31,2065,459.69,3301,731.4,1401,310.68,508,112.73,-62,-13.06
285,603353.SH,20200803,7128,5385.04,6319,4772.2,5931,4504.14,5924,4488.14,4196,3199.09,6003,4556.62,5330,4039.35,4340,3310.66,4449,3421.12
286,002524.SZ,20200803,72871,8618.25,79382,9396.86,104943,12413.66,108215,12791.14,90709,10743.63,67574,7999.28,17478,2062.25,30830,3650.52,6340,770.88
287,002655.SZ,20200803,191923,19072.79,140264,13963.51,188296,18738.23,178329,17746.22,111322,11089.67,121048,12039.26,27178,2716.79,79078,7868.5,-12551,-1187.67
288,300270.SZ,20200803,18395,1283.0,18270,1275.18,17752,1238.37,19220,1340.52,9359,654.11,8016,559.79,0,0.0,0,0.0,7374,514.29
289,300319.SZ,20200803,57115,6855.09,62125,7475.1,81325,9767.12,77745,9342.29,64100,7707.85,67017,8049.54,19059,2299.61,14713,1762.73,-5317,-617.86
290,600316.SH,20200803,24247,6833.34,53958,15432.77,50935,14338.58,82814,23662.97,69181,19622.6,82419,23482.53,142984,41573.58,68157,19789.83,-48933,-14628.58
291,603177.SH,20200803,12234,1162.1,16242,1545.4,16383,1556.12,15131,1437.39,7702,731.86,4947,467.3,0,0.0,0,0.0,5872,558.47
292,603331.SH,20200803,10819,1290.45,6396,763.37,8372,999.35,10572,1261.42,3836,456.91,6059,721.92,0,0.0,0,0.0,7133,850.12
293,000962.SZ,20200803,85111,7203.66,60434,5131.91,75714,6400.23,80074,6792.05,36258,3075.64,67465,5681.58,16359,1388.93,5470,462.91,27369,2351.66
294,002348.SZ,20200803,52054,1514.16,40729,1186.04,71182,2071.1,67786,1971.87,49270,1434.42,64766,1884.39,5775,168.63,5000,146.0,5899,177.37
295,002502.SZ,20200803,14074,406.68,17607,509.53,25862,747.47,26312,760.79,26596,769.26,13613,393.08,0,0.0,9000,260.0,9078,263.04
296,600009.SH,20200803,32436,22054.51,33239,22601.39,43130,29336.85,42421,28853.71,50189,34140.4,46219,31444.67,18589,12654.74,22467,15286.74,-4538,-3050.72
297,688258.SH,20200803,2989,2950.5,4869,4828.95,7772,7684.94,9075,8996.63,9768,9707.95,7744,7722.4,2777,2821.18,1617,1616.59,4028,4015.69
298,002479.SZ,20200803,48967,3293.74,69501,4682.09,79011,5318.89,76986,5172.9,73170,4927.7,46582,3135.84,1500,100.5,9578,650.0,42061,2847.73
299,002633.SZ,20200803,11773,1033.26,8561,750.37,8567,750.83,9464,830.22,2732,240.11,5047,443.61,0,0.0,0,0.0,1214,106.95
300,300094.SZ,20200803,157015,7571.99,116267,5641.09,257446,12417.65,193933,9375.52,185254,8988.42,250781,12108.05,33393,1618.36,72126,3471.77,-57981,-2685.11
301,600091.SH,20200803,10927,333.64,10627,324.55,12286,375.24,14994,457.82,4915,150.25,2508,76.76,0,0.0,0,0.0,4445,137.0
302,688389.SH,20200803,7296,2483.87,6612,2254.76,11974,4078.3,9689,3301.15,7145,2436.39,10353,3527.02,979,337.28,740,252.91,-1253,-429.39
303,300428.SZ,20200803,30708,5338.74,32482,5654.95,44763,7793.75,36680,6380.51,24897,4331.6,26505,4607.59,2148,374.38,6850,1195.42,6040,1068.22
304,000820.SZ,20200803,111052,1225.18,77516,860.24,139166,1540.49,131058,1448.57,82606,922.71,106546,1178.82,2296,25.25,20000,226.0,13522,147.9
305,002206.SZ,20200803,47623,1730.96,38412,1398.04,49720,1807.29,44268,1610.24,30120,1095.02,39854,1446.65,8235,298.95,13164,477.29,8711,322.04
306,603166.SH,20200803,42482,3148.85,33941,2527.12,39838,2959.43,40441,3005.18,15010,1121.49,21432,1586.79,0,0.0,1516,110.68,-13501,-993.11
307,603320.SH,20200803,9292,1274.89,10443,1433.97,9906,1360.36,11289,1550.07,3732,513.2,1198,164.42,0,0.0,0,0.0,1866,256.24
308,688116.SH,20200803,3984,2124.78,5575,2978.9,9645,5153.11,10011,5346.04,8636,4620.88,9706,5185.57,6697,3572.79,3670,1961.05,-1444,-747.09
309,000797.SZ,20200803,50318,1944.46,31522,1219.99,47079,1818.84,47734,1847.37,40601,1568.8,56672,2187.59,10370,402.56,12440,479.72,-13141,-501.62
310,000951.SZ,20200803,19571,7302.25,16270,6092.32,25084,9379.43,19058,7120.92,16242,6050.81,19572,7285.59,2680,995.71,8678,3229.37,-4855,-1772.5
311,002337.SZ,20200803,55154,2115.03,47079,1807.51,57860,2221.93,45048,1730.76,27399,1051.15,49702,1907.27,7544,291.25,6128,233.82,-16368,-620.81
312,603297.SH,20200803,4398,1956.09,4574,2037.49,4172,1856.0,4135,1841.23,2304,1027.24,2420,1073.96,255,113.34,0,0.0,1838,816.17
313,002468.SZ,20200803,32361,5351.1,31553,5220.49,46216,7644.47,36110,5972.93,37818,6258.93,46362,7668.63,10000,1655.18,12369,2047.63,-290,-41.19
314,002622.SZ,20200803,173336,5539.38,159412,5094.0,173662,5542.49,165192,5274.04,78258,2495.57,108567,3463.49,18429,589.32,10514,335.22,77694,2488.0
315,300083.SZ,20200803,236187,23783.83,199491,20184.5,385583,38876.9,358288,36190.43,361942,36642.21,386400,38990.76,132878,13440.17,172411,17377.42,-121382,-12053.1
316,600080.SH,20200803,9740,528.59,8105,440.19,14627,793.63,13642,739.84,10636,577.61,13256,719.8,0,0.0,0,0.0,-2571,-137.46
317,300444.SZ,20200803,37509,1559.19,36268,1509.5,35894,1494.18,43902,1825.81,23939,998.21,15827,659.07,3100,128.96,4445,186.15,24624,1029.16
318,600287.SH,20200803,19242,1199.89,24038,1500.52,22650,1413.87,27892,1741.57,18508,1157.19,11373,709.71,2903,180.85,0,0.0,11278,707.0
319,603789.SH,20200803,24685,3907.61,15705,2487.96,30271,4793.81,38476,6103.53,32171,5122.14,28549,4529.81,2863,453.73,7259,1155.98,4561,722.73
320,300575.SZ,20200803,13743,7213.8,13094,6868.68,11409,5991.75,12458,6554.09,7407,3899.05,7869,4142.11,3344,1756.71,2482,1296.43,703,377.91
321,600572.SH,20200803,181772,10984.73,179667,10875.35,279542,16897.72,258294,15626.71,267779,16200.65,261419,15806.55,114284,6926.62,143997,8701.11,-5433,-296.39
322,000567.SZ,20200803,59388,8246.98,65217,9062.64,81906,11372.94,83929,11646.38,48689,6775.02,45296,6306.95,13566,1899.12,9106,1278.09,17269,2407.91
323,000721.SZ,20200803,82676,3975.83,86328,4157.34,74983,3607.08,88945,4279.66,56199,2705.97,36528,1755.72,3123,149.9,5180,246.06,25369,1231.66
324,002107.SZ,20200803,63988,7919.41,56803,7034.97,62747,7771.65,59486,7368.95,35564,4404.9,48107,5953.54,16261,2014.95,14165,1753.45,-14978,-1837.22
325,002046.SZ,20200803,70104,6903.34,82836,8159.45,74352,7318.74,67335,6633.16,32248,3182.74,24811,2444.69,5481,535.72,7203,703.25,10053,997.92
326,002200.SZ,20200803,6643,393.75,2832,168.1,7373,436.99,10471,620.69,2056,121.94,2770,163.89,0,0.0,0,0.0,724,43.46
327,600976.SH,20200803,8703,1982.07,12155,2774.14,11081,2525.23,11020,2518.58,8520,1943.74,6455,1474.59,6132,1400.05,4806,1083.78,-1488,-351.56
328,601669.SH,20200803,199416,8425.25,193060,8163.34,295434,12486.04,272192,11507.91,295612,12492.34,330008,13948.67,168535,7132.69,163737,6916.4,-64204,-2671.47
329,603160.SH,20200803,10790,22938.45,13574,28903.6,26939,57305.48,27037,57516.34,27486,58486.5,21545,45800.5,15140,32339.76,18198,38849.76,8122,17373.43
330,601020.SH,20200803,93143,14728.56,95220,15157.03,139266,22052.79,142101,22595.21,148979,23706.72,140339,22242.29,88707,14307.6,92435,14801.14,16430,2659.33
331,000037.SZ,20200803,28321,5693.46,26788,5388.81,44323,8920.61,38029,7655.4,28887,5841.74,35735,7214.77,9244,1873.8,10223,2070.64,9328,1918.98
332,002846.SZ,20200803,16084,2849.73,19127,3391.88,20959,3714.16,21891,3879.63,10045,1783.57,6648,1178.0,578,102.06,0,0.0,5133,915.57
333,300461.SZ,20200803,11337,2159.68,11303,2155.3,11833,2254.77,10569,2011.65,1769,337.36,2699,514.33,0,0.0,368,70.55,678,128.07
334,600507.SH,20200803,78735,4549.33,113046,6538.41,106857,6178.73,121030,7000.61,126999,7344.46,85481,4939.79,23104,1337.38,16138,931.09,76598,4444.66
335,603960.SH,20200803,13864,6054.82,16613,7286.39,14427,6325.63,13213,5800.18,8463,3739.04,7143,3140.33,1825,807.54,1610,700.14,711,319.52
336,002977.SZ,20200803,2482,3328.54,4657,6243.26,4402,5920.99,6423,8681.59,6460,8726.95,5422,7321.95,6212,8453.97,3054,4183.64,2844,3816.25
337,300592.SZ,20200803,25679,6434.81,17914,4493.18,27945,7005.78,22890,5741.39,22488,5654.21,27314,6853.56,6065,1531.27,14060,3537.93,-16115,-4025.69
338,600638.SH,20200803,22590,1683.13,14412,1074.31,19824,1477.43,21611,1610.67,10544,785.97,16935,1261.55,0,0.0,0,0.0,4752,356.56
339,002785.SZ,20200803,29003,5941.52,31698,6534.7,39982,8191.43,40715,8395.1,62512,12901.95,47302,9732.19,16618,3432.93,28400,5805.85,-21297,-4393.89
340,300449.SZ,20200803,36099,4796.47,40558,5402.7,62702,8342.43,54181,7220.7,46365,6171.08,53360,7093.16,13396,1792.39,10462,1385.81,-7907,-1021.29
341,300603.SZ,20200803,37746,7708.18,45756,9329.88,54911,11195.61,58154,11849.42,38569,7893.25,38838,7957.34,15600,3176.24,4078,836.63,13776,2800.03
342,600446.SH,20200803,51214,10126.82,52838,10462.4,73040,14451.14,71539,14155.05,63258,12522.28,64135,12693.06,24644,4891.85,23644,4681.58,4630,959.96
343,600658.SH,20200803,37911,2421.88,43866,2804.01,51799,3308.66,51706,3302.61,37410,2390.6,26922,1719.3,1800,115.38,6426,410.61,22495,1441.11
344,600812.SH,20200803,286668,51163.88,197144,35233.79,340203,60760.8,271106,48362.59,332492,59326.1,314294,56088.09,205093,36594.81,381911,68161.12,-55272,-9685.8
345,002013.SZ,20200803,172477,18581.49,207352,22358.66,294998,31733.27,288438,31081.9,239106,25762.71,253635,27297.08,130870,14182.22,88027,9522.05,149330,16147.53
346,600789.SH,20200803,234475,25248.76,242732,26183.2,306384,33011.42,301731,32520.56,243235,26221.9,231619,24942.28,62238,6719.82,70252,7555.85,48047,5294.67
347,601636.SH,20200803,314969,29178.69,254671,23798.27,492776,45736.94,463675,43166.41,403056,37580.43,434320,40319.25,102420,9649.3,160555,14861.42,23966,2696.82
348,000807.SZ,20200803,381747,26504.86,430218,29963.4,532166,36898.86,522155,36277.15,531880,36960.03,562992,39101.66,271776,18997.01,202205,14018.55,210175,14621.29
349,002144.SZ,20200803,8334,826.23,12471,1236.73,12751,1264.87,11844,1174.24,8971,891.34,4441,441.6,0,0.0,1300,129.88,4016,399.8
350,000938.SZ,20200803,39577,17831.28,66567,30063.14,93765,42290.13,106648,48136.99,117385,52978.78,101484,45764.48,64005,28880.4,40033,18015.97,19338,8784.3
351,002565.SZ,20200803,76118,4168.07,76889,4215.98,99484,5446.92,105864,5801.42,79409,4347.2,79083,4323.87,30810,1694.52,23986,1315.45,25633,1424.28
352,300180.SZ,20200803,67241,5192.8,57642,4454.87,117719,9092.56,105830,8179.74,79285,6127.4,96585,7460.07,25723,1989.49,29910,2307.57,-19894,-1528.17
353,300229.SZ,20200803,55775,6731.97,92888,11314.45,68332,8265.96,82768,10081.21,82682,10039.49,53821,6574.53,58402,7221.12,35716,4288.37,38331,4629.12
354,600226.SH,20200803,445895,4984.25,419468,4698.66,492386,5517.43,482364,5394.23,326969,3649.36,333418,3723.15,0,0.0,30000,335.0,-173659,-1871.76
355,002390.SZ,20200803,96889,4972.07,68295,3523.81,95205,4888.51,77168,3974.56,59379,3053.55,101072,5178.34,62297,3213.52,67235,3450.94,-74249,-3786.24
356,002439.SZ,20200803,27227,10935.45,36315,14607.49,51930,20892.13,48504,19520.84,47562,19155.85,40584,16340.86,17505,7077.24,18822,7591.48,-1159,-453.01
357,300054.SZ,20200803,69685,14197.9,71807,14672.72,107352,21870.28,143973,29454.58,172085,35179.21,166858,34157.13,130427,27007.59,96909,19970.56,61686,12837.9
358,600051.SH,20200803,85953,10651.25,95982,11917.86,91179,11288.63,101272,12549.22,67297,8346.97,51416,6368.45,11903,1494.54,7663,945.86,15490,1882.89
359,603399.SH,20200803,59655,5263.32,66019,5798.51,87017,7644.46,102007,8965.0,59454,5216.48,55712,4901.95,18964,1660.31,1353,119.11,50889,4513.73
360,002724.SZ,20200803,60528,4513.03,70926,5330.15,57404,4316.04,72659,5450.8,40421,3062.88,32315,2424.67,33638,2572.09,16091,1258.43,41357,3167.67
361,300185.SZ,20200803,1163607,34206.25,1110068,32849.34,1259576,37073.46,1367687,40323.39,956435,28292.28,969283,28561.99,496294,14748.68,428874,12585.96,44125,1645.35
362,600182.SH,20200803,5600,819.45,6218,912.04,7598,1113.61,8482,1241.46,3920,573.88,2418,353.45,0,0.0,0,0.0,2834,416.53
363,000046.SZ,20200803,44946,1927.64,54562,2341.67,81670,3501.43,63891,2740.9,62803,2695.74,62605,2684.9,9898,424.28,18260,781.62,-3769,-153.92
364,002855.SZ,20200803,12416,1398.74,15990,1805.3,13978,1576.87,12702,1432.99,5775,650.33,4239,473.19,762,85.55,0,0.0,243,26.92
365,300470.SZ,20200803,12354,4764.62,16416,6343.34,15491,5988.24,12737,4912.98,6708,2588.57,5769,2229.0,657,254.39,289,110.51,-1971,-755.7
366,300519.SZ,20200803,23180,4355.52,15944,3003.31,17132,3225.57,19561,3678.53,3073,578.42,7720,1449.09,700,131.39,860,159.98,-2523,-468.59
367,600159.SH,20200803,30364,794.37,19307,505.1,35658,932.63,29917,781.95,11900,311.82,23493,614.89,0,0.0,5205,136.89,-8482,-220.3
368,600313.SH,20200803,158853,6470.24,170742,6960.99,196116,7990.26,220355,8977.13,128805,5247.04,130876,5333.29,62102,2533.96,23904,970.09,5722,261.72
369,601006.SH,20200803,96976,6319.99,108941,7098.96,107023,6974.27,79028,5153.05,114981,7495.48,84497,5509.92,89015,5803.47,135528,8831.27,-69069,-4483.39
370,603815.SH,20200803,13983,2967.29,13362,2838.91,17028,3613.75,18802,3992.06,7679,1634.28,5998,1271.89,0,0.0,528,112.46,3281,703.22
371,002231.SZ,20200803,61921,4755.35,54806,4214.32,62845,4824.36,80075,6151.72,37316,2874.17,27567,2114.47,6415,493.04,6049,466.4,33254,2556.24
372,002362.SZ,20200803,19387,3586.22,20825,3853.46,21126,3906.71,20950,3874.31,10272,1901.74,8501,1572.28,0,0.0,509,94.63,5716,1059.59
373,300026.SZ,20200803,231968,13019.15,238426,13404.02,293372,16465.6,301378,16927.79,216829,12178.19,237498,13328.31,125805,7085.29,90672,5088.13,144927,8190.92
374,600023.SH,20200803,47093,1670.29,49837,1768.94,53319,1890.56,64830,2300.58,50213,1781.59,49142,1742.44,23211,824.45,10027,354.95,29597,1056.67
375,601985.SH,20200803,88066,3873.42,138631,6101.15,134235,5904.19,152193,6694.86,181928,7997.45,101104,4446.76,51408,2264.3,63708,2796.6,60861,2688.96
376,002493.SZ,20200803,85878,14632.1,100025,17055.53,125385,21366.08,128195,21867.36,156394,26654.89,154050,26242.5,40215,6877.74,25601,4365.41,23019,3979.43
377,300157.SZ,20200803,71517,2544.92,85512,3033.66,105136,3725.92,108426,3850.94,60268,2130.78,54334,1925.25,21477,772.08,10126,363.84,34977,1260.84
378,300311.SZ,20200803,54355,3937.23,78340,5677.3,77515,5615.27,85944,6229.62,82237,5951.59,85602,6193.25,53311,3871.43,17533,1275.34,59152,4286.02
379,600859.SH,20200803,87664,54886.79,102304,64769.55,120399,75525.89,132425,83485.25,118847,75053.75,132200,83204.44,146093,92377.45,106074,66384.64,74735,48126.11
380,603043.SH,20200803,24925,9905.6,24228,9662.76,25640,10232.09,28619,11453.61,21345,8577.58,22857,9141.16,9013,3638.82,5219,2096.55,-11676,-4655.2
381,002214.SZ,20200803,80343,24251.88,106920,32225.82,110992,33445.82,126473,38132.28,98143,29576.9,87301,26338.13,53593,16181.41,22377,6759.77,53279,16126.14
382,002345.SZ,20200803,81765,3163.25,51907,2010.69,78760,3046.72,91100,3527.08,51354,1990.04,67392,2604.51,5829,224.94,7309,282.67,-19674,-752.58
383,300009.SZ,20200803,116616,24838.17,127243,27147.54,182982,39008.27,204529,43607.79,186505,39768.24,186642,39787.08,80576,17203.78,48265,10276.05,-42452,-8963.71
384,600006.SH,20200803,97821,4316.11,102328,4516.55,87102,3837.05,106077,4675.34,95641,4220.14,71423,3148.1,14710,653.19,15446,686.48,81714,3617.88
385,601968.SH,20200803,27553,1905.54,47806,3314.31,26255,1818.61,36428,2523.11,45235,3132.95,25625,1776.21,13710,958.84,2894,202.29,381,26.84
386,603508.SH,20200803,9738,3394.37,10270,3584.57,9995,3484.45,11441,3991.28,6617,2310.3,6234,2171.93,1894,663.06,300,104.4,3822,1336.56
387,002476.SZ,20200803,36593,2188.51,29760,1780.71,39384,2355.95,37478,2241.64,15337,917.29,21996,1314.8,0,0.0,2080,124.59,7692,462.66
388,002630.SZ,20200803,99487,2192.8,95145,2099.48,104294,2298.69,107917,2380.37,99167,2188.29,110717,2439.49,33644,741.87,22814,502.3,47927,1065.59
389,300091.SZ,20200803,209988,8378.45,217877,8679.57,306886,12230.98,279744,11158.86,203285,8090.93,236772,9421.12,54421,2159.61,40188,1600.43,129860,5165.42
390,600137.SH,20200803,5635,1057.69,3964,744.47,4751,891.77,4225,793.51,620,116.22,2817,527.72,0,0.0,0,0.0,120,24.06
391,300386.SZ,20200803,108116,28417.58,102329,27038.08,152103,40079.45,155172,40949.55,115085,30416.6,121286,31953.03,35728,9543.96,32245,8516.93,-18846,-4895.58
392,600383.SH,20200803,123893,17658.58,123496,17607.46,166455,23739.05,148303,21156.58,176981,25248.28,162535,23185.47,26793,3816.59,59788,8512.98,-3526,-411.76
393,603885.SH,20200803,34418,3242.37,42490,4005.08,56893,5361.87,68521,6456.3,47082,4437.51,34539,3255.04,10114,954.0,2955,279.33,24179,2282.43
394,000401.SZ,20200803,103670,20000.49,93763,18116.52,131187,25332.68,128795,24885.46,119020,22988.76,116868,22577.28,51304,9917.6,65754,12660.28,-47663,-9112.73
395,300671.SZ,20200803,16934,6264.64,23891,8851.6,24024,8886.61,30216,11185.9,26181,9683.99,22804,8424.11,13606,5044.85,3834,1418.48,-1646,-568.6
396,600717.SH,20200803,63306,3039.48,93788,4508.87,93366,4478.27,85132,4088.16,83606,4023.33,88000,4229.58,32143,1551.34,5500,265.8,61957,2992.89
397,000532.SZ,20200803,62741,8287.88,58716,7735.06,68773,9056.17,75886,10008.77,46579,6131.74,42717,5633.78,9955,1321.61,10730,1419.79,41611,5496.14
398,600848.SH,20200803,20388,4761.73,22429,5250.67,30822,7202.41,30917,7232.76,30063,7039.39,27580,6446.66,4388,1032.39,4735,1105.83,4716,1123.39
399,603032.SH,20200803,17073,3175.04,19246,3584.37,23105,4298.57,22252,4142.42,11326,2111.45,9307,1727.01,0,0.0,700,131.25,3502,651.78
400,000663.SZ,20200803,13716,524.09,6048,231.53,12836,490.89,7859,300.77,7181,274.71,19826,757.4,0,0.0,0,0.0,4774,183.21
401,002049.SZ,20200803,54962,73528.37,74657,100440.46,108622,146180.37,139848,188995.7,134413,181046.5,153390,206753.7,211103,287288.6,141206,191853.98,50853,69170.04
402,002203.SZ,20200803,25604,2300.28,31307,2814.64,33624,3024.28,33999,3058.0,30722,2767.57,29025,2614.41,4380,394.93,0,0.0,17462,1575.56
403,603311.SH,20200803,19615,2718.32,15032,2085.16,16331,2263.38,18232,2526.96,4310,597.55,6992,967.13,0,0.0,0,0.0,-566,-76.49
404,603999.SH,20200803,37203,2488.28,35632,2386.55,35249,2359.06,35805,2396.46,17816,1194.26,19297,1290.42,2096,140.98,1629,109.14,9255,626.2
405,300785.SZ,20200803,3413,4178.56,2805,3438.78,3241,3969.72,3520,4309.37,1631,1998.67,1719,2104.88,227,278.19,467,572.11,92,119.78
406,600782.SH,20200803,73654,3292.8,73523,3287.92,110256,4926.9,127694,5707.0,88266,3942.9,98158,4386.93,36852,1650.95,9652,431.71,-9337,-399.09
407,603015.SH,20200803,70688,5280.6,67801,5082.23,73395,5490.15,65804,4931.42,38507,2887.08,44310,3301.49,3772,284.98,8447,627.66,15031,1148.52
408,000800.SZ,20200803,75282,10424.46,81384,11288.6,106359,14734.91,96686,13412.79,87354,12112.94,74219,10284.7,29603,4109.47,46310,6395.69,55699,7729.46
409,603300.SH,20200803,36823,2542.96,37362,2578.73,44855,3097.93,45416,3135.87,26330,1816.09,31116,2147.95,5886,405.57,0,0.0,9414,651.8
410,000777.SZ,20200803,36457,4984.88,47081,6442.32,64580,8825.78,73170,10003.48,57047,7802.83,41431,5669.04,18457,2533.53,14859,2032.17,30776,4219.32
411,000931.SZ,20200803,33422,3211.94,32336,3111.4,52631,5061.16,51757,4979.33,42584,4097.14,46805,4498.27,5770,556.28,3509,337.5,4987,487.45
412,002317.SZ,20200803,61093,10117.84,80575,13376.4,106579,17684.22,88196,14627.99,76480,12710.99,69742,11568.01,13781,2290.53,19420,3231.18,-6428,-1026.13
413,603277.SH,20200803,32111,3617.11,26107,2947.77,26277,2971.52,35292,3981.35,22740,2568.47,26448,2990.08,15795,1803.1,9075,1041.01,23487,2690.1
414,002448.SZ,20200803,57515,3346.34,69475,4051.76,82817,4819.34,72485,4221.59,43541,2536.6,66676,3881.45,24763,1452.53,0,0.0,34727,2043.43
415,002602.SZ,20200803,246521,29868.66,196403,23851.69,301329,36547.43,293861,35657.05,277305,33646.88,316025,38307.07,157179,19082.58,176045,21329.75,-66830,-7957.04
416,002781.SZ,20200803,9357,1417.83,7706,1168.15,11394,1726.46,9407,1425.49,3014,457.32,5745,870.28,0,0.0,907,137.69,-3711,-560.71
417,300445.SZ,20200803,9683,1626.37,10703,1804.43,9091,1527.5,11001,1854.31,9630,1629.86,6214,1040.07,1612,270.56,2098,355.47,7042,1185.51
418,600288.SH,20200803,15559,1830.45,10512,1238.74,20947,2465.49,14296,1685.01,12827,1507.31,12231,1440.82,4599,535.38,16894,1974.05,3967,465.07
419,300576.SZ,20200803,23244,12595.26,29497,15955.97,36690,19852.72,37593,20333.06,26540,14346.65,23794,12902.34,10342,5624.03,5932,3227.29,7513,4056.94
420,300730.SZ,20200803,23122,3588.3,31438,4912.16,28277,4391.74,41897,6547.24,24573,3822.09,24911,3895.12,22976,3665.77,702,113.37,21441,3332.41
421,600573.SH,20200803,23225,1693.9,18975,1384.9,26865,1960.55,25676,1873.29,7056,514.81,11002,802.11,1533,110.99,3026,219.95,3591,263.59
422,000568.SZ,20200803,27327,32053.16,19925,23400.33,37563,44089.75,36569,42918.76,33140,38928.75,31847,37413.2,16762,19722.63,26453,31062.0,-11684,-13657.21
423,000722.SZ,20200803,27158,1799.72,29690,1974.55,28784,1910.37,35480,2352.68,21668,1441.03,14440,957.0,2000,133.11,0,0.0,17309,1150.72
424,002108.SZ,20200803,70598,2715.09,76503,2946.35,70234,2704.67,66162,2547.39,54318,2093.3,57044,2196.05,11401,439.23,6843,262.51,50311,1943.74
425,600152.SH,20200803,27684,1824.1,24289,1603.81,20253,1335.14,27823,1834.54,12777,842.82,11205,736.69,2603,172.99,0,0.0,9507,629.77
426,000016.SZ,20200803,134683,10053.11,186214,13902.45,197362,14729.6,189861,14163.76,181791,13574.96,157821,11790.26,75251,5628.57,55191,4129.78,98960,7392.37
427,002825.SZ,20200803,18755,2983.54,15441,2458.89,14650,2333.95,15975,2543.92,4149,661.77,6138,976.44,0,0.0,0,0.0,9534,1525.47
428,300286.SZ,20200803,10508,1417.54,9524,1288.87,10602,1433.46,14340,1938.11,10060,1362.56,7123,962.41,757,102.54,940,126.71,2376,323.05
429,002114.SZ,20200803,23784,1725.83,21486,1563.37,20107,1460.92,22039,1600.89,12529,911.7,12954,938.43,59,4.25,0,0.0,3608,262.9
430,000908.SZ,20200803,396490,25759.19,285248,18557.58,493036,32007.01,350288,22768.09,352557,22891.92,405291,26304.45,95875,6222.05,297131,19250.06,153931,10126.22
431,002245.SZ,20200803,89498,4384.55,63960,3137.74,102438,5018.81,87775,4305.07,59230,2905.05,96932,4748.08,23470,1151.4,25970,1268.93,-33272,-1622.42
432,603408.SH,20200803,0,0.0,1146,310.14,0,0.0,0,0.0,0,0.0,0,0.0,1146,310.14,0,0.0,-1146,-310.14
433,000990.SZ,20200803,40016,7049.22,63736,11226.32,84703,14928.68,79999,14107.78,88782,15686.61,90042,15921.99,35066,6229.5,14790,2637.9,42473,7560.69
434,002376.SZ,20200803,24314,2590.8,28560,3044.26,29214,3112.4,33426,3563.6,34322,3663.16,22540,2399.83,2375,252.21,5698,610.88,17497,1863.14
435,002530.SZ,20200803,58273,7532.89,72956,9434.21,78146,10101.08,77552,10026.54,56090,7261.97,44700,5773.88,14671,1888.25,11971,1549.56,41707,5386.13
436,600037.SH,20200803,43869,5865.51,47507,6366.79,61472,8226.2,59746,8009.56,52933,7090.59,47548,6359.94,22549,3024.1,26022,3470.12,-6040,-776.13
437,601999.SH,20200803,11824,864.49,33753,2544.53,21631,1588.97,37120,2787.51,28353,2119.09,25998,1971.4,38715,3016.02,3651,285.14,-9281,-804.07
438,002661.SZ,20200803,39772,9810.19,36190,8938.55,55908,13805.85,53489,13209.5,36112,8917.93,40017,9875.48,5946,1467.65,8042,1978.09,-4956,-1183.16
439,300325.SZ,20200803,176883,4786.55,158840,4301.04,205679,5565.57,213369,5771.48,118905,3220.39,156628,4238.44,37442,1007.06,10072,268.61,-48757,-1315.87
440,600168.SH,20200803,28213,2219.74,28289,2228.84,41877,3295.29,37346,2940.88,22513,1774.82,26968,2120.12,0,0.0,0,0.0,274,27.98
441,600322.SH,20200803,48051,1321.52,54844,1511.82,62348,1713.71,62916,1731.58,48162,1325.72,40812,1124.24,36518,1008.06,36507,1001.35,43755,1204.55
442,000557.SZ,20200803,92821,3329.65,102622,3681.53,74220,2658.48,82137,2941.49,36644,1313.0,34945,1252.71,22080,791.28,6061,216.68,40243,1450.19
443,000711.SZ,20200803,54731,1913.82,49366,1728.22,48367,1692.03,45258,1582.81,23817,834.38,26249,919.19,0,0.0,6043,210.02,14803,521.09
444,688007.SH,20200803,8805,2154.81,9051,2221.51,16718,4093.32,17644,4329.97,11508,2833.76,9950,2434.84,1003,246.0,1389,341.56,3692,910.19
445,000688.SZ,20200803,10719,2561.92,8994,2147.49,11289,2696.11,10935,2613.59,19268,4614.83,19328,4623.41,3471,827.92,5490,1316.29,8182,1977.07
446,002228.SZ,20200803,51175,2452.09,40658,1951.53,77238,3702.85,64241,3081.36,70461,3381.27,73794,3536.72,12174,582.94,32355,1549.53,-15205,-719.69
447,603188.SH,20200803,4653,285.19,4227,259.54,6859,420.73,7743,474.91,4136,253.75,3678,225.2,0,0.0,0,0.0,-1046,-63.43
448,688138.SH,20200803,24157,9009.75,15814,5930.73,38615,14432.05,35531,13287.42,29971,11205.04,36375,13565.12,3298,1226.78,8320,3090.35,-9189,-3403.42
449,000973.SZ,20200803,74204,3808.35,88626,4546.14,81309,4169.41,93920,4816.22,76628,3929.15,64370,3298.06,34252,1756.84,19476,1003.33,46460,2388.99
450,002513.SZ,20200803,10884,426.91,7649,300.9,13159,516.35,11702,458.75,458,18.06,5150,201.67,0,0.0,0,0.0,-3821,-147.75
451,002644.SZ,20200803,31388,2836.24,33195,3002.46,36132,3264.97,41326,3735.4,18820,1701.47,17219,1553.83,6899,624.67,1498,135.66,0,5.91
452,300308.SZ,20200803,26859,16280.0,24085,14607.87,26371,15981.28,26100,15828.78,15540,9440.48,18892,11447.6,4786,2900.37,4479,2717.88,6762,4118.97
453,600305.SH,20200803,48459,9848.57,62178,12659.75,75789,15408.58,80450,16366.27,63584,12941.42,59921,12175.81,32779,6688.42,18064,3685.17,31233,6400.24
454,300275.SZ,20200803,30849,4272.15,25660,3560.4,32891,4563.84,48407,6714.75,35934,4984.13,32139,4456.99,11998,1667.72,5466,755.7,25703,3588.0
455,601009.SH,20200803,93147,7295.52,102917,8061.13,101426,7943.92,134544,10538.09,115688,9060.24,98207,7690.5,60862,4766.07,35455,2776.02,-40605,-3166.08
456,603818.SH,20200803,15950,1664.37,20802,2170.75,20194,2107.16,19630,2051.18,13144,1380.52,8856,930.12,0,0.0,0,0.0,6420,672.53
457,002786.SZ,20200803,43267,3711.9,54991,4737.66,49203,4232.07,51168,4395.21,28048,2417.12,21448,1844.06,8776,758.57,1687,142.72,21330,1834.21
458,002940.SZ,20200803,7913,4893.89,5238,3248.36,10168,6293.44,6366,3942.37,6480,4007.55,10658,6591.98,1348,831.86,3647,2244.02,537,336.66
459,300604.SZ,20200803,20613,6504.84,26274,8294.82,31397,9905.38,30921,9756.82,25476,8042.72,21443,6767.27,4727,1491.15,3575,1125.17,4345,1372.3
460,600601.SH,20200803,179303,8628.2,180566,8693.21,236301,11368.77,230108,11072.16,299486,14413.91,280446,13491.72,84689,4076.32,108659,5230.12,-28391,-1319.16
461,603949.SH,20200803,18058,5288.37,34308,10047.89,30757,8986.46,44252,12965.8,40664,11885.88,28139,8262.21,27007,7975.26,9786,2860.08,906,262.62
462,300735.SZ,20200803,17123,3454.24,18280,3692.44,34917,7050.7,35070,7079.53,26734,5397.8,28672,5789.12,8709,1760.01,5460,1101.65,-2819,-560.06
463,600578.SH,20200803,34077,1100.81,28903,933.98,39170,1264.8,39720,1282.07,13587,438.4,23359,753.73,5148,165.77,0,0.0,-6115,-193.41
464,600732.SH,20200803,56697,9032.24,27330,4367.77,68785,10960.32,64978,10363.37,43966,7015.64,66022,10513.88,8154,1300.01,19272,3063.19,-29700,-4733.06
465,688981.SH,20200803,107411,91614.1,114625,98483.32,343094,293243.62,362760,310943.98,468080,401117.07,458487,392496.45,514676,441109.21,497389,425160.25,8104,8659.1
466,600863.SH,20200803,61450,1561.49,70800,1798.06,59960,1523.84,55887,1419.34,66539,1689.93,63126,1604.25,11465,291.21,9600,244.81,-42658,-1077.95
467,600425.SH,20200803,226135,12842.41,278055,15843.71,300825,17113.71,328861,18694.41,290174,16518.28,260024,14803.56,154186,8820.12,104380,5952.84,165059,9452.96
468,601118.SH,20200803,115214,6300.48,159330,8721.85,224983,12303.13,187964,10288.97,157324,8604.72,168630,9222.4,65763,3602.46,47360,2577.57,139494,7652.54
469,603927.SH,20200803,5589,3522.22,6847,4321.23,8849,5578.1,8524,5377.61,6606,4174.03,6816,4296.2,1401,884.13,258,163.44,4027,2541.29
470,002895.SZ,20200803,32454,4420.18,30497,4160.07,46524,6341.8,41530,5661.2,20812,2841.36,23953,3266.38,888,121.81,4698,637.49,6881,941.8
471,002775.SZ,20200803,16661,909.29,23706,1295.4,21161,1155.01,16532,903.48,9623,525.88,9727,530.98,4866,267.6,2345,127.93,594,35.08
472,300390.SZ,20200803,117702,23631.42,97056,19522.58,169923,34123.67,153724,30905.86,142070,28583.56,152935,30725.33,46337,9320.2,72317,14505.08,-7216,-1369.41
473,300439.SZ,20200803,48155,11307.05,37322,8785.84,63726,14983.55,63278,14876.04,51342,12070.25,59059,13886.35,13683,3236.87,17246,4049.5,-24316,-5682.76
474,600436.SH,20200803,7072,14401.98,6108,12449.81,14323,29187.59,13066,26640.42,13396,27301.66,14119,28765.81,8193,16704.7,9691,19739.9,-5464,-11117.05
475,603938.SH,20200803,4863,1270.61,4598,1202.82,5092,1331.93,5974,1561.46,2616,683.44,1999,521.7,0,0.0,0,0.0,-2069,-537.5
476,300724.SZ,20200803,15629,14522.18,12454,11554.53,15252,14170.17,13940,12967.2,7355,6842.15,12635,11731.38,4471,4126.44,3678,3407.82,-7987,-7385.22
477,600567.SH,20200803,133462,4279.04,174731,5604.07,201157,6449.43,224068,7185.05,219795,7052.48,162196,5202.88,177942,5709.67,171360,5498.62,15828,530.15
478,600721.SH,20200803,4204,223.57,4321,230.04,6641,353.3,6358,338.36,537,28.73,703,37.19,0,0.0,0,0.0,1278,68.56
479,300855.SZ,20200803,0,0.0,1410,415.64,0,0.0,0,0.0,0,0.0,0,0.0,1410,415.64,0,0.0,-1410,-415.64
480,300405.SZ,20200803,14528,964.18,17597,1168.44,13163,874.04,12229,809.68,7641,504.4,5506,364.5,0,0.0,0,0.0,11099,737.82
481,600248.SH,20200803,31056,1361.39,20539,901.44,39239,1721.03,31160,1367.35,10282,450.95,20984,919.06,0,0.0,7893,345.53,-1041,-42.44
482,601928.SH,20200803,48173,3438.8,68062,4866.19,66769,4772.33,61323,4377.99,52439,3749.33,48761,3484.67,22910,1635.22,12145,866.82,8472,625.1
483,002436.SZ,20200803,147049,19459.88,162881,21589.16,166037,21982.68,165997,21990.63,152434,20184.15,145660,19267.35,57091,7563.11,48073,6342.68,24015,3229.97
484,300051.SZ,20200803,53288,3990.02,53273,3990.48,40090,3000.96,41938,3138.59,20627,1543.21,18534,1386.44,6175,463.48,6434,482.16,38570,2889.6
485,603396.SH,20200803,14563,4530.09,13884,4317.11,13894,4320.0,15210,4730.6,8504,2652.54,7662,2389.29,545,169.88,750,235.51,4967,1545.4
486,688500.SH,20200803,3557,2430.6,3821,2614.52,8907,6091.0,8678,5933.51,6590,4501.73,6343,4335.12,899,614.28,1111,754.46,733,510.27
487,002567.SZ,20200803,142240,17486.44,142983,17603.03,221512,27248.65,216694,26657.96,210982,25969.79,186502,22953.67,71390,8796.61,99944,12286.83,21348,2679.29
488,002721.SZ,20200803,37070,1638.5,39469,1747.24,50358,2226.7,54939,2429.65,34093,1510.78,24316,1075.14,0,0.0,2797,123.95,9055,406.14
489,300182.SZ,20200803,290965,15319.57,273688,14427.11,469464,24716.47,506628,26680.96,394731,20813.86,423052,22295.01,204197,10755.78,155989,8202.61,-54026,-2752.11
490,600228.SH,20200803,11742,1259.58,7917,855.0,19358,2080.98,16187,1739.8,11089,1195.28,18049,1935.47,3000,318.3,3036,323.86,-6426,-683.69
491,603681.SH,20200803,14242,2979.58,11181,2340.1,17331,3629.72,20222,4233.76,11097,2324.01,10315,2159.78,1100,229.65,2052,429.32,7637,1600.6
492,002698.SZ,20200803,36737,5305.29,42476,6145.77,57537,8316.91,67553,9769.78,55567,8035.78,53413,7722.08,19698,2856.06,6099,876.41,7869,1164.2
493,002648.SZ,20200803,54654,10165.93,67401,12548.15,64819,12056.83,58523,10883.98,45979,8562.11,47359,8812.59,10858,2024.03,3027,564.18,-2694,-487.01
494,002802.SZ,20200803,6134,1591.05,10580,2753.24,8281,2151.91,11320,2961.03,10855,2837.46,7173,1888.59,9921,2659.73,6118,1637.29,3558,935.05
495,000063.SZ,20200803,252753,99137.85,184802,72631.0,293215,115093.42,245000,96215.64,269587,105849.6,284928,111830.71,224877,88296.96,325701,127700.48,-89570,-34894.21
496,002872.SZ,20200803,14334,813.87,11852,674.32,20202,1148.06,18279,1038.85,8304,472.06,11962,678.4,3219,182.98,3968,225.4,-6530,-367.62
497,300536.SZ,20200803,10789,1568.61,14610,2132.66,18452,2679.22,18002,2619.47,14251,2075.29,21941,3201.62,16562,2435.83,5501,805.19,493,66.99
498,600379.SH,20200803,22224,1381.15,22185,1379.92,19032,1182.95,20319,1262.94,7402,460.21,6154,381.45,0,0.0,0,0.0,7575,471.38
499,600533.SH,20200803,68988,2531.51,83632,3071.62,85632,3138.27,80687,2960.02,81347,2990.26,73605,2699.84,12337,453.12,10380,381.68,27960,1034.48
500,601226.SH,20200803,27879,1169.54,19158,805.9,34962,1468.72,31404,1320.59,24914,1046.85,29829,1251.25,0,0.0,7364,307.38,-279,-6.92
501,300667.SZ,20200803,11822,2578.8,8681,1895.66,16202,3537.35,13158,2873.3,7603,1661.67,10798,2355.89,490,107.47,3480,760.45,6586,1442.57
502,300821.SZ,20200803,54288,6148.21,52297,5927.5,81417,9222.87,69274,7848.91,48982,5552.12,56480,6395.5,6486,735.5,13122,1486.78,-2108,-227.34
503,600664.SH,20200803,148426,5317.77,196799,7065.79,150330,5384.66,150473,5392.53,133759,4800.53,120425,4310.66,61230,2199.05,26048,933.03,81877,2949.29
504,000528.SZ,20200803,65365,4748.92,74609,5423.91,85919,6243.85,77278,5616.88,78223,5687.45,69936,5082.69,14501,1055.45,22184,1612.18,5766,428.73
505,300798.SZ,20200803,23630,3567.35,29539,4463.24,35475,5361.08,34109,5153.05,17180,2598.66,11357,1714.8,1825,273.42,3105,469.43,-3547,-527.05
506,300740.SZ,20200803,42873,9674.15,52630,11879.36,53131,12025.95,52638,11890.87,47782,10822.27,31505,7118.38,5877,1313.21,12890,2946.97,-19994,-4402.23
507,600583.SH,20200803,66183,3204.22,139064,6735.98,106764,5169.1,102164,4947.96,118970,5762.98,74462,3603.95,41065,1989.34,17292,837.74,-719,-23.03
508,000601.SZ,20200803,57687,4125.94,59094,4236.65,71530,5119.5,77702,5561.66,63031,4515.09,59202,4234.38,29101,2086.55,25351,1814.4,615,62.57
509,300263.SZ,20200803,50598,4246.54,70060,5905.56,93054,7823.8,105738,8903.01,85855,7235.98,65605,5506.49,17873,1510.17,5976,501.42,14984,1284.49
510,600260.SH,20200803,65587,9497.04,78917,11436.26,122065,17683.42,119460,17305.49,124914,18097.79,117430,17008.18,24900,3610.65,21660,3138.97,9989,1476.41
511,600309.SH,20200803,64739,42752.99,41357,27412.96,80239,53024.19,72904,48297.49,79828,52851.67,97100,64212.18,56639,37483.47,70083,46189.7,-17246,-11223.86
512,688558.SH,20200803,6041,2133.37,7441,2630.52,9580,3385.52,9580,3383.89,5594,1974.81,4375,1541.92,500,173.24,319,110.61,-120,-46.3
513,002779.SZ,20200803,7900,1264.93,6930,1112.06,10458,1678.67,11500,1843.29,7070,1140.52,2811,450.86,453,72.43,4640,750.35,6480,1046.56
514,002933.SZ,20200803,17237,7266.77,18240,7709.75,25308,10667.63,29371,12419.62,18625,7865.27,22905,9685.62,11137,4785.01,1792,769.69,18902,8039.23
515,300394.SZ,20200803,14937,10603.06,11050,7858.61,17517,12441.24,17533,12450.49,14821,10534.43,19328,13722.98,3112,2209.94,2476,1756.59,1382,999.53
516,600391.SH,20200803,55142,13790.6,58897,14746.86,81021,20248.07,80106,20046.72,73325,18304.39,73322,18349.77,28477,7157.38,25640,6357.1,48336,12069.83
517,603893.SH,20200803,18530,17567.32,17143,16300.04,25498,24199.72,25134,23836.4,13751,13080.56,14026,13310.69,1544,1474.67,3021,2875.14,-1240,-1107.71
518,300076.SZ,20200803,40974,2117.16,34967,1806.74,33075,1709.36,35067,1810.57,19403,1000.55,23418,1209.75,0,0.0,0,0.0,22122,1144.02
519,300230.SZ,20200803,35548,1679.22,43365,2052.49,54412,2572.27,55794,2639.7,33113,1566.58,28843,1364.65,12938,613.75,8010,374.98,11221,533.41
520,600073.SH,20200803,65124,7084.01,100332,10934.41,143579,15622.02,128791,14024.72,138789,15101.29,145752,15863.92,76155,8319.23,48773,5303.49,25264,2801.58
521,002746.SZ,20200803,54531,8103.48,63398,9445.25,88663,13186.57,96548,14372.86,77635,11564.02,56574,8414.04,14335,2141.07,18642,2762.99,8575,1301.92
522,603090.SH,20200803,6897,1291.62,6952,1304.64,5921,1110.96,5599,1048.51,987,185.81,1254,235.24,0,0.0,0,0.0,977,184.74
523,603139.SH,20200803,8424,1826.02,5389,1168.9,7705,1669.99,6973,1511.77,2450,531.05,6217,1346.39,0,0.0,0,0.0,-2053,-441.71
524,002261.SZ,20200803,72622,6761.48,92829,8656.9,120398,11217.4,115604,10767.07,81253,7569.11,64738,6024.54,13114,1220.35,14216,1319.82,7479,710.56
525,002392.SZ,20200803,90037,4404.9,67566,3314.01,101668,4977.93,79557,3898.32,38527,1890.08,72636,3549.72,10010,493.05,20483,1003.91,-7707,-362.11
526,300056.SZ,20200803,14144,821.58,11731,682.8,21776,1265.32,25870,1504.56,20292,1183.6,15559,904.73,0,0.0,3053,178.4,-3553,-205.11
527,300210.SZ,20200803,58601,2263.45,45158,1746.32,46114,1780.3,48121,1856.27,20516,791.87,30597,1181.14,2645,102.1,4000,154.0,14862,578.08
528,600053.SH,20200803,14337,4309.14,16233,4889.06,18859,5673.49,17186,5175.01,14765,4448.81,10091,3037.11,0,0.0,4450,1330.27,340,109.58
529,603555.SH,20200803,15173,268.27,19632,347.82,14315,253.57,15718,277.97,5862,103.95,0,0.0,0,0.0,0,0.0,2042,36.63
530,688505.SH,20200803,13250,4304.2,11353,3694.04,26455,8596.0,24256,7883.01,22534,7321.82,26226,8516.42,3754,1224.16,4159,1352.72,-2580,-843.79
531,002403.SZ,20200803,12416,1152.16,12516,1162.39,13763,1277.86,14769,1371.3,9433,875.63,8804,816.43,2476,230.28,2000,185.8,-245,-21.34
532,603363.SH,20200803,45371,11064.71,49941,12181.99,55092,13435.78,57385,14000.74,42969,10489.94,43269,10566.26,14902,3647.41,7739,1888.84,3576,899.36
533,688159.SH,20200803,2780,1392.35,3048,1530.94,6165,3091.74,5909,2967.7,3963,1988.59,3446,1727.26,402,203.85,906,450.63,716,357.85
534,002534.SZ,20200803,16914,1524.34,19686,1776.19,24975,2253.5,19694,1777.53,10284,928.71,11433,1029.74,0,0.0,1360,123.1,-16696,-1501.86
535,000671.SZ,20200803,64045,4472.59,52863,3698.86,87129,6088.99,119300,8337.95,133469,9333.87,121425,8482.25,50421,3525.88,41476,2902.27,-2479,-151.3
536,002057.SZ,20200803,71620,5790.21,166811,13692.81,117260,9509.26,179049,14727.54,101279,8254.13,99571,8155.85,167069,13996.8,11796,974.2,115600,9359.1
537,002211.SZ,20200803,57180,3805.79,58657,3908.5,60617,4036.55,60934,4059.48,31524,2104.55,26143,1741.07,2146,142.28,5734,380.14,-7354,-475.33
538,600987.SH,20200803,29766,1735.92,27770,1621.73,39243,2289.14,39102,2280.5,24658,1440.17,29296,1709.96,2500,146.97,0,0.0,10000,587.82
539,002188.SZ,20200803,6796,268.38,12858,511.38,16480,654.15,15418,611.7,8911,355.31,3911,154.76,0,0.0,0,0.0,5409,211.98
540,300006.SZ,20200803,90528,6225.08,127826,8817.17,143876,9877.89,224844,15487.81,271566,18641.98,271289,18675.08,331840,23014.97,213851,14779.86,-57064,-4036.9
541,601965.SH,20200803,29777,3418.55,39492,4542.43,45623,5244.18,44427,5111.54,36713,4229.58,29336,3365.84,5681,655.26,4538,527.75,-5764,-630.73
542,603505.SH,20200803,27435,7017.83,31880,8156.31,29909,7653.34,28154,7197.15,19288,4936.42,17524,4486.05,2850,726.62,1925,494.7,7461,1919.92
543,688098.SH,20200803,14144,4059.03,13695,3942.15,26831,7707.38,24595,7065.96,17250,4966.81,18784,5394.25,1705,490.56,2857,821.41,-5258,-1504.79
544,603728.SH,20200803,9817,1401.39,9814,1402.32,12467,1781.26,11607,1657.94,4588,656.34,5451,778.73,0,0.0,0,0.0,1202,173.53
545,002696.SZ,20200803,60062,4276.85,47963,3419.77,69931,4978.79,64016,4558.36,27856,1984.47,40781,2899.14,3136,222.49,8226,585.32,-18919,-1337.03
546,002850.SZ,20200803,22298,15392.67,21116,14593.97,24226,16735.53,22205,15351.02,12095,8350.32,14147,9748.83,2904,1997.48,4055,2782.18,-8810,-6065.69
547,300514.SZ,20200803,20579,2460.85,14176,1697.61,14973,1791.33,18059,2159.63,7464,895.3,11781,1410.44,1000,120.2,0,0.0,8672,1040.29
548,600511.SH,20200803,102977,45493.27,75300,33321.68,176298,77968.47,159460,70541.18,158680,70206.83,174089,77025.42,45527,20186.91,74632,32967.19,-21697,-9434.5
549,603859.SH,20200803,17468,6791.59,22466,8761.78,19607,7623.53,20595,8031.58,16555,6471.67,10638,4121.41,649,251.76,580,223.8,2319,932.23
550,002981.SZ,20200803,10039,4204.17,11171,4689.73,13020,5458.24,13971,5854.01,6782,2845.03,4820,2015.78,379,159.72,258,107.64,628,264.54
551,300645.SZ,20200803,10820,1765.76,11300,1846.61,14235,2323.55,15625,2550.97,6025,985.44,4155,677.17,0,0.0,0,0.0,9873,1614.0
552,600488.SH,20200803,70400,3795.38,49252,2658.73,79831,4305.99,61736,3330.68,32256,1741.48,62416,3360.66,12920,696.91,22004,1189.69,571,43.63
553,002275.SZ,20200803,25806,4372.4,29577,5003.15,28221,4781.17,34322,5814.21,27700,4681.91,21505,3634.2,5739,970.03,2062,353.96,13363,2300.83
554,601898.SH,20200803,53953,2232.36,41132,1704.36,85406,3533.7,58231,2411.86,72617,3004.45,84274,3486.82,20111,834.34,48451,2001.81,-32433,-1328.82
555,002560.SZ,20200803,133326,14009.63,176069,18616.27,170101,17827.89,191713,20200.46,124720,13117.91,105443,11131.49,68168,7400.6,23089,2407.81,50447,5571.21
556,002609.SZ,20200803,27140,3797.14,32819,4595.25,39382,5511.35,40626,5683.27,27434,3847.23,21960,3076.84,4076,565.29,2627,365.64,6794,969.47
557,600516.SH,20200803,314195,22501.59,477071,34190.56,395208,28275.06,451537,32330.94,480765,34479.74,368983,26383.96,223373,15977.91,115950,8328.84,308006,22016.93
558,002986.SZ,20200803,4690,2351.66,5296,2661.24,7076,3553.43,6721,3374.34,2585,1300.46,2729,1368.77,1017,512.36,623,313.56,2027,1020.7
559,600647.SH,20200803,5731,864.63,5483,828.47,5285,799.34,5960,900.44,1707,258.23,1280,193.28,0,0.0,0,0.0,3913,590.81
560,600801.SH,20200803,70508,19580.5,57111,15895.98,84547,23501.37,88289,24582.82,76336,21268.79,77986,21695.7,32228,9011.65,40233,11187.8,-17016,-4610.4
561,002002.SZ,20200803,182457,7315.05,220332,8848.44,282757,11338.96,291625,11711.17,214304,8605.28,247863,9950.5,159819,6439.17,79516,3188.35,126409,5093.26
562,600778.SH,20200803,34977,1794.99,30795,1584.72,45947,2360.65,38464,1978.58,20827,1074.09,32611,1672.48,8319,424.86,8200,418.8,14948,773.77
563,000593.SZ,20200803,21948,1204.0,24470,1343.5,27308,1499.01,26299,1443.32,12860,704.27,16836,921.79,5489,301.31,0,0.0,-6448,-349.27
564,002133.SZ,20200803,30171,982.4,29036,946.46,28544,929.72,27613,899.69,17609,574.97,19674,640.95,0,0.0,0,0.0,-3322,-105.8
565,603093.SH,20200803,28323,6969.94,33793,8360.14,42133,10386.86,44229,10906.62,33832,8373.66,30821,7594.18,8514,2105.65,3960,975.16,13943,3507.67
566,000927.SZ,20200803,21862,824.56,39793,1500.95,34039,1285.04,44617,1682.63,48981,1846.38,25919,977.83,5447,205.43,0,0.0,33392,1261.66
567,002264.SZ,20200803,54275,2983.87,62518,3439.91,50243,2761.94,55528,3051.72,29064,1597.95,25396,1395.66,17489,964.92,7629,421.37,16789,925.78
568,002395.SZ,20200803,12324,2318.8,7946,1496.9,13090,2462.77,18523,3485.84,8922,1678.19,8480,1591.64,1311,245.87,700,131.25,-3468,-650.18
569,300059.SZ,20200803,508248,138063.27,565664,154485.12,939973,255725.56,977049,266328.97,1310745,356793.68,1291773,351916.01,1480901,404176.28,1405380,382028.69,331602,92150.58
570,601001.SH,20200803,91309,4895.05,82059,4404.53,106481,5709.34,103281,5538.22,72011,3865.26,86596,4642.53,28481,1530.62,26345,1414.99,64077,3454.3
571,603656.SH,20200803,8339,1273.69,7367,1127.26,10304,1577.25,12431,1903.17,4431,678.54,3275,499.06,0,0.0,0,0.0,2936,449.84
572,603810.SH,20200803,9463,3678.34,10472,4072.76,7976,3100.84,7052,2740.87,3498,1360.3,3413,1325.84,0,0.0,0,0.0,448,182.17
573,002827.SZ,20200803,10434,1900.44,14208,2619.09,15908,2904.81,22398,4120.2,19546,3599.79,19826,3654.67,17734,3337.02,7190,1348.1,-5020,-954.93
574,300288.SZ,20200803,22095,2907.03,26439,3484.62,28668,3773.05,28838,3798.13,22133,2921.74,16623,2188.94,2793,367.13,3788,497.26,6695,888.15
575,300442.SZ,20200803,5358,1271.71,4959,1176.26,5063,1199.57,5513,1306.73,2372,564.24,3934,935.17,2471,586.35,858,203.71,-1860,-441.15
576,600285.SH,20200803,95222,11563.25,114320,13914.43,128592,15580.94,180488,21941.85,184927,22432.91,138156,16728.84,79664,9732.09,55441,6724.06,4227,513.52
577,603787.SH,20200803,25052,4989.35,31526,6305.2,27843,5564.12,24290,4866.8,22103,4440.89,20156,4019.15,5320,1072.0,4346,875.22,240,61.4
578,002958.SZ,20200803,298169,16978.71,316688,18058.23,428387,24413.08,397751,22670.76,367495,20961.06,377079,21509.91,178191,10178.01,180723,10291.95,-46472,-2544.38
579,300573.SZ,20200803,2034,4035.45,3430,6839.23,3844,7653.71,5184,10362.81,5080,10160.08,3260,6469.68,2731,5456.3,1815,3633.81,740,1457.38
580,600570.SH,20200803,25073,27453.38,25651,28112.58,42326,46367.7,44844,49143.09,44391,48653.15,44444,48701.49,40027,43905.16,36879,40422.22,-13840,-15089.74
581,600619.SH,20200803,14870,1225.15,11385,938.99,15416,1270.16,15451,1273.99,6385,526.4,9719,799.22,1424,116.77,1540,126.28,6550,541.96
582,000565.SZ,20200803,18498,990.14,18644,1000.24,25123,1347.02,25528,1369.11,10393,557.93,12442,665.94,2600,140.2,0,0.0,8432,454.68
583,603590.SH,20200803,10730,5743.37,10306,5525.88,13264,7105.51,11463,6143.02,8738,4685.37,9486,5078.44,771,416.29,2248,1203.19,979,538.87
584,603639.SH,20200803,12502,2784.13,11468,2557.35,11623,2591.03,12148,2708.82,9382,2092.95,9841,2191.72,448,100.35,500,110.57,1857,417.54
585,002761.SZ,20200803,23461,2272.39,22921,2221.41,23500,2276.96,25957,2514.82,12992,1259.48,11074,1072.61,0,0.0,0,0.0,-3072,-294.75
586,300425.SZ,20200803,23746,1124.32,26102,1236.03,37328,1765.77,38346,1814.94,20842,986.64,21115,999.35,3647,173.59,0,0.0,10036,479.46
587,600268.SH,20200803,66019,5674.58,64257,5528.22,82064,7056.22,77692,6679.55,29046,2503.44,43073,3703.75,10624,913.08,2731,235.81,13788,1188.77
588,600422.SH,20200803,115496,13697.34,88221,10484.4,130948,15533.5,125941,14953.54,87757,10437.37,108011,12819.66,27562,3279.52,39589,4690.14,8772,1066.31
589,002892.SZ,20200803,6784,1642.47,6135,1487.32,7056,1709.41,7382,1787.67,3108,754.24,2916,706.14,0,0.0,516,124.98,-1330,-321.4
590,603880.SH,20200803,151077,25471.33,38768,6575.32,115553,19493.54,53145,8998.25,49235,8300.86,45902,7740.99,12937,2187.89,190987,32139.06,104749,17626.3
591,603929.SH,20200803,19375,3195.28,25893,4278.68,18319,3022.18,17569,2900.57,11821,1956.44,10221,1684.58,4168,689.93,0,0.0,3121,518.05
592,000088.SZ,20200803,120339,10744.76,138192,12482.23,194220,17343.08,230218,20758.72,218090,19541.13,283672,25481.09,257911,23576.28,138477,12483.21,-71493,-6600.1
593,002897.SZ,20200803,22761,8528.12,23690,8884.49,22514,8438.35,22661,8491.09,14902,5590.7,16153,6057.38,3471,1304.77,1144,428.98,-289,-94.11
594,300715.SZ,20200803,7585,3320.49,6763,2961.72,3751,1642.7,4869,2131.89,3831,1677.83,3651,1598.07,116,50.66,0,0.0,1734,761.65
595,600558.SH,20200803,60652,1938.66,69831,2235.88,62922,2009.87,78013,2496.3,55533,1779.37,54543,1743.56,27252,873.78,3973,125.94,47060,1504.64
596,000788.SZ,20200803,66602,5377.12,64524,5216.48,83194,6715.2,75606,6107.0,45223,3657.7,54511,4400.06,14214,1151.49,14592,1177.96,6259,518.85
597,002328.SZ,20200803,57693,3371.43,62702,3662.73,75986,4437.15,77850,4546.02,42754,2493.25,41137,2403.82,7183,421.29,1929,110.55,30590,1791.97
598,603288.SH,20200803,20260,30177.43,12834,19140.61,22302,33232.0,20988,31286.4,13874,20678.72,20346,30284.79,3446,5134.0,5713,8510.34,-9668,-14379.74
599,002459.SZ,20200803,56064,13020.42,41919,9766.64,57063,13264.91,51668,12028.19,31392,7308.92,42504,9867.1,10293,2405.4,18721,4337.73,-37615,-8678.02
600,002613.SZ,20200803,359252,18788.78,301355,15756.37,319758,16725.75,305398,15965.04,194737,10186.13,235038,12289.17,56959,2981.85,88916,4671.93,608,83.25
601,300074.SZ,20200803,42261,1961.74,29566,1371.96,33933,1575.44,45754,2122.98,29989,1391.57,32912,1528.44,2048,94.62,0,0.0,17021,794.4
602,600071.SH,20200803,17607,1998.93,17269,1965.43,21632,2458.87,26474,3012.36,19284,2189.11,20638,2341.2,8814,1007.63,2956,335.54,12158,1381.72
603,688369.SH,20200803,1741,1271.78,1898,1389.15,2909,2127.56,3094,2265.91,2376,1739.27,2393,1746.33,558,408.77,200,146.0,440,324.24
604,300408.SZ,20200803,41735,12125.76,53930,15685.96,62022,18037.84,72693,21144.52,73117,21263.03,60238,17556.1,29251,8579.26,19264,5619.31,11963,3552.21
605,600405.SH,20200803,36883,1886.75,42193,2160.87,49080,2511.82,52687,2695.65,34674,1775.63,32388,1657.8,6633,340.12,0,0.0,16882,868.98
606,000066.SZ,20200803,234168,45923.86,363707,71732.43,425076,83255.76,639080,126150.4,636350,125024.68,786582,155270.36,1307606,260795.36,813830,161846.48,84485,16020.03
607,002875.SZ,20200803,13029,1504.8,13825,1598.05,12695,1467.08,12619,1458.27,5044,583.52,4325,499.08,0,0.0,0,0.0,-4123,-474.32
608,300490.SZ,20200803,13617,1256.5,16663,1544.46,19779,1829.25,20015,1848.19,7640,708.38,5429,501.7,2000,185.69,929,85.49,4603,425.76
609,300063.SZ,20200803,207433,13994.28,179865,12180.06,234820,15851.5,234651,15856.36,145983,9869.75,163574,11029.23,77111,5195.14,87257,5845.04,-70711,-4700.91
610,600060.SH,20200803,99062,14404.28,91218,13288.67,98135,14214.24,107265,15612.95,69667,10137.94,84899,12292.5,35296,5187.45,18777,2749.79,86632,12604.7
611,600109.SH,20200803,193376,28326.37,243233,35729.54,314234,46075.71,328069,48142.89,337706,49573.79,294795,43207.43,184504,27109.29,163724,24005.29,16876,2667.22
612,688358.SH,20200803,1303,1044.86,1798,1443.68,4456,3580.2,4118,3309.97,3779,3039.11,3904,3136.99,543,435.85,261,209.38,778,630.17
613,002579.SZ,20200803,22707,3332.89,25991,3820.79,25909,3800.38,29417,4321.18,20553,3020.63,15641,2291.6,4961,730.92,3082,451.26,10001,1471.23
614,600185.SH,20200803,121646,16278.26,135618,18264.45,152902,20498.97,167792,22547.06,144209,19382.08,119496,16008.7,55111,7440.04,50961,6779.14,30828,4268.41
615,603687.SH,20200803,23146,3146.55,12386,1690.25,21636,2943.86,17325,2357.16,11364,1550.03,21507,2924.08,3834,521.54,8762,1190.47,-9188,-1245.53
616,000049.SZ,20200803,10972,6537.68,11811,7049.45,14133,8429.74,13888,8286.98,14126,8444.59,12070,7199.09,4132,2470.21,5594,3346.7,1246,767.56
617,002858.SZ,20200803,7687,1175.25,6264,958.57,3715,569.03,5920,905.67,2451,375.16,1669,255.21,0,0.0,0,0.0,-627,-94.87
618,300473.SZ,20200803,7746,2135.45,5667,1563.76,11350,3129.44,10280,2834.39,4684,1290.67,6612,1822.0,0,0.0,1222,335.41,1566,433.06
619,600470.SH,20200803,17515,546.69,18375,574.69,35766,1116.78,30130,940.77,16677,520.33,17466,545.41,0,0.0,3986,122.91,11150,351.09
620,600519.SH,20200803,1,13.1,2,40.85,13226,220828.88,9081,151716.5,8787,146813.42,9190,153465.06,12647,211348.7,16388,273781.69,-5194,-86481.48
621,601163.SH,20200803,25275,3809.85,47306,7140.54,42880,6464.1,45876,6921.37,28549,4318.17,17606,2663.16,15167,2293.87,1083,160.92,22287,3362.51
622,601015.SH,20200803,47351,1492.06,44938,1419.57,49130,1548.74,46632,1471.98,40687,1281.97,31793,1001.21,0,0.0,13806,430.01,-252,0.39
623,002792.SZ,20200803,10521,2612.71,12377,3074.98,16757,4162.47,14228,3534.35,11006,2735.97,10956,2721.55,1021,253.26,1744,433.52,-1639,-404.86
624,300456.SZ,20200803,33785,10190.69,43628,13180.46,50034,15106.17,51470,15538.97,37319,11276.17,34408,10385.29,12476,3768.07,4108,1236.38,7131,2165.59
625,300610.SZ,20200803,20869,3183.96,24878,3802.19,23015,3514.79,28850,4415.6,23868,3668.51,12148,1859.88,0,0.0,1875,289.59,3180,503.55
626,600299.SH,20200803,76796,11585.6,74581,11283.76,77891,11745.63,100184,15163.06,71693,10823.82,84761,12882.09,60971,9490.88,27826,4317.02,34508,5166.12
627,603955.SH,20200803,7622,1364.82,6740,1209.57,7453,1337.3,7290,1307.16,2697,485.64,3741,671.02,0,0.0,0,0.0,498,92.53
628,300587.SZ,20200803,41510,5954.51,41730,6014.67,65584,9403.28,59102,8487.85,48008,6917.2,53142,7635.08,9916,1422.55,11044,1559.93,-15276,-2161.82
629,300741.SZ,20200803,13412,7451.88,14444,8040.88,21445,11897.16,21505,11946.5,21576,11983.7,20090,11153.44,6528,3645.01,6922,3836.93,4999,2813.34
630,600584.SH,20200803,238483,111644.41,233272,109466.19,367683,172163.36,399621,187352.58,396205,185722.73,384993,180387.78,285680,133935.32,270164,126259.27,81307,38734.14
631,600918.SH,20200803,293256,51454.0,371601,65698.3,408013,71788.77,453954,79936.58,316874,55855.71,328484,57843.74,261229,46424.59,125334,22044.46,148704,26911.84
632,000733.SZ,20200803,69525,27247.75,75026,29423.81,100531,39403.23,133497,52327.75,113763,44628.41,117456,45967.61,79875,31214.09,37716,14774.32,-38976,-15145.08
633,002119.SZ,20200803,56099,7521.78,64643,8681.04,71596,9611.26,73058,9808.01,47530,6385.09,47451,6362.52,10960,1472.77,1034,139.33,33680,4535.84
634,600272.SH,20200803,9657,806.67,9260,774.57,9228,771.07,8500,709.54,2759,231.02,3884,324.66,0,0.0,0,0.0,2212,185.34
635,002945.SZ,20200803,181312,31877.71,147439,25940.03,233168,41058.89,236737,41658.58,213900,37698.95,219978,38722.6,101205,17956.82,125430,22271.18,47279,8465.13
636,300560.SZ,20200803,14376,2899.1,12700,2561.62,18372,3706.3,17359,3501.22,11676,2357.24,10212,2063.05,0,0.0,4153,836.75,7836,1584.05
637,300609.SZ,20200803,7452,3387.75,12733,5805.35,14569,6631.58,12144,5524.45,9315,4248.28,7828,3565.16,2079,950.87,710,323.5,-5077,-2286.95
638,600606.SH,20200803,256891,20894.24,245580,20005.0,444059,36140.83,422896,34454.61,437230,35636.91,426998,34794.47,205313,16738.88,248020,20156.78,-121272,-9717.6
639,000421.SZ,20200803,361097,31500.83,220523,19341.82,399025,34898.0,369132,32371.72,219155,19218.05,333675,29180.36,116141,10400.65,172088,15123.64,-47836,-3987.73
640,300691.SZ,20200803,10425,1772.66,7592,1292.28,13200,2245.18,11520,1960.1,3683,626.12,7495,1273.81,2211,376.38,2911,494.15,-38,-4.43
641,600737.SH,20200803,67335,5642.73,83626,7016.5,129754,10876.74,114857,9635.29,114408,9589.92,90566,7593.26,20844,1747.49,43292,3611.83,30403,2569.4
642,000552.SZ,20200803,39636,988.02,43630,1086.84,69166,1724.16,63401,1580.3,48130,1198.62,66967,1669.4,27066,674.74,10000,249.0,-5616,-136.35
643,600868.SH,20200803,117341,3942.98,107564,3618.97,138097,4642.74,128548,4321.34,108696,3656.24,123805,4161.41,28950,974.16,33167,1114.4,32048,1092.39
644,688002.SH,20200803,14187,12402.96,12986,11272.36,38835,33682.06,45197,39282.09,73433,63868.34,74230,64717.85,54753,47482.8,48795,42163.86,48546,42375.48
645,000683.SZ,20200803,106602,2091.18,187221,3687.48,133818,2626.36,180017,3542.81,104693,2056.46,106555,2093.67,179009,3539.65,50329,989.69,149106,2951.59
646,000727.SZ,20200803,86328,1945.28,91489,2062.69,152076,3433.79,127586,2878.4,156342,3525.29,141312,3191.47,24639,556.88,58998,1328.68,-33600,-742.68
647,002064.SZ,20200803,113578,7747.56,131245,8962.28,130860,8936.19,95903,6546.33,81236,5547.38,86291,5894.69,7647,522.56,19882,1350.39,10395,734.63
648,002189.SZ,20200803,38261,8078.26,52911,11162.32,63840,13453.7,69020,14553.37,56685,12008.44,44436,9393.36,14989,3162.39,7408,1593.76,55765,11885.75
649,002343.SZ,20200803,65973,5781.19,70438,6171.93,95907,8394.36,109416,9575.49,70337,6149.15,61902,5415.27,20590,1801.63,11052,963.63,33222,2913.56
650,300007.SZ,20200803,31422,5250.97,34864,5829.68,47739,7973.52,50495,8438.22,37288,6233.63,31767,5301.81,6943,1161.81,6266,1050.22,3686,613.93
651,600004.SH,20200803,109338,15495.49,73316,10399.36,132031,18723.62,94872,13451.97,95112,13489.41,140029,19858.66,19246,2733.51,47510,6732.03,-103248,-14595.19
652,601966.SH,20200803,34393,8337.02,44240,10736.59,38526,9340.03,36184,8777.16,35629,8644.5,26415,6400.66,6415,1557.76,8124,1964.89,-11440,-2748.71
653,603506.SH,20200803,6231,1689.38,7104,1928.44,4991,1354.58,4950,1342.93,2459,669.91,1628,442.49,0,0.0,0,0.0,677,186.9
654,688099.SH,20200803,3440,1889.63,4665,2568.18,7860,4323.2,8181,4502.85,5532,3050.83,4764,2619.29,778,426.66,0,0.0,626,352.21
655,002474.SZ,20200803,35828,2639.3,39458,2907.77,40315,2970.97,39171,2886.24,26266,1936.84,25591,1886.96,3195,236.43,1384,102.57,20814,1536.81
656,300138.SZ,20200803,40337,6815.48,43172,7306.8,58825,9941.17,47980,8111.94,44748,7573.76,40158,6787.94,9204,1556.32,21805,3680.05,-33749,-5694.29
657,600135.SH,20200803,154149,12478.71,108201,8762.61,173176,14010.27,147893,11986.36,102804,8323.83,126669,10251.64,9332,760.06,56699,4572.25,-70560,-5657.4
658,600698.SH,20200803,32994,788.27,49207,1181.04,54341,1302.11,57610,1380.45,39009,935.5,24409,583.0,4881,118.61,0,0.0,49466,1185.78
659,000716.SZ,20200803,95379,3942.31,85405,3533.55,130672,5402.03,117969,4875.9,89934,3719.36,92948,3842.68,22912,949.24,42575,1760.81,69307,2880.87
660,002053.SZ,20200803,24961,1983.17,23892,1903.3,31778,2530.43,35453,2829.11,19364,1551.97,17115,1364.49,2161,172.41,1804,141.08,12089,971.46
661,600983.SH,20200803,30178,1557.26,30474,1574.49,30150,1557.69,41862,2162.29,21690,1122.77,13334,688.63,3652,187.68,0,0.0,12718,659.43
662,002184.SZ,20200803,42542,6991.76,33790,5559.89,51609,8485.41,51554,8477.02,28146,4632.41,35290,5796.37,4512,739.53,6175,1015.84,-11757,-1913.65
663,300002.SZ,20200803,235875,16620.24,317424,22400.97,369353,26048.0,358325,25258.97,376387,26532.82,324842,22854.42,122952,8642.77,103975,7329.48,218171,15410.49
664,603501.SH,20200803,29666,58849.63,19954,39701.36,37010,73698.69,32859,65453.75,25314,50419.34,34550,68692.61,12788,25440.96,17415,34560.9,-9829,-19567.47
665,000978.SZ,20200803,23631,1184.62,26992,1353.97,27195,1363.48,30785,1543.3,17051,855.66,11717,587.83,1617,81.34,0,0.0,11242,565.91
666,002518.SZ,20200803,29616,4689.75,32340,5133.23,40635,6444.6,47242,7503.76,35878,5707.26,30108,4782.69,9456,1512.05,5896,933.99,18749,2988.98
667,300133.SZ,20200803,174591,13556.95,254675,19788.76,264289,20472.34,322453,25045.07,263802,20444.72,268302,20881.18,220403,17326.27,77654,6085.28,100235,7525.72
668,600130.SH,20200803,185625,8213.4,243632,10839.7,258952,11476.52,314194,13953.54,200702,8930.68,220293,9773.55,199015,8964.95,66174,3018.74,144253,6368.45
669,002649.SZ,20200803,31616,2978.37,40144,3787.79,56101,5288.76,54953,5179.06,27223,2568.3,27075,2556.33,11932,1130.71,4700,442.95,20306,1927.22
670,002803.SZ,20200803,26204,10838.39,26954,11151.61,37801,15632.32,39397,16302.39,27372,11340.77,24207,10027.96,6804,2827.5,7623,3157.01,5575,2365.68
671,600803.SH,20200803,24901,2996.22,28808,3470.11,24019,2889.41,25332,3051.14,17951,2163.06,14152,1701.7,6044,732.14,4623,557.89,1015,129.04
672,002004.SZ,20200803,85339,4832.36,87970,4986.73,110582,6260.19,105451,5976.32,114515,6484.46,121431,6872.48,41011,2326.2,36595,2067.68,13891,804.17
673,000595.SZ,20200803,27692,563.95,48724,992.04,52728,1070.72,46909,955.06,38795,792.39,20697,422.57,7000,143.5,9885,200.89,20137,410.22
674,002135.SZ,20200803,191516,16567.57,137102,11876.19,194842,16864.62,190679,16508.67,92976,8056.4,134492,11641.46,25039,2176.93,42100,3639.21,-13174,-1111.05
675,000010.SZ,20200803,30929,1300.44,20176,849.35,33664,1415.32,35510,1493.0,29550,1242.96,39457,1658.36,5000,210.0,4000,168.0,-19265,-802.35
676,002665.SZ,20200803,123900,3182.33,155841,4007.39,165107,4243.12,156716,4026.67,153966,3956.26,144253,3709.51,68527,1764.41,54691,1402.56,4932,143.85
677,300280.SZ,20200803,13469,6970.57,9687,5012.32,12665,6551.03,10446,5407.81,11170,5774.76,8821,4562.99,4878,2523.94,13228,6837.17,6326,3276.27
678,300329.SZ,20200803,33083,2603.04,14840,1170.33,36315,2859.78,44149,3475.87,12954,1021.08,13717,1079.04,681,53.66,10326,812.31,-22863,-1795.98
679,600326.SH,20200803,125812,13247.91,144929,15295.47,180144,18984.53,231345,24399.23,264166,27859.29,196954,20756.09,120560,12737.0,117453,12377.94,-25663,-2618.82
680,601019.SH,20200803,33685,2303.68,29982,2053.94,26102,1785.48,17187,1177.01,15249,1043.81,21175,1446.07,2008,137.55,8700,593.5,-2325,-153.86
681,603828.SH,20200803,129522,8367.78,127590,8270.98,154590,10003.11,150725,9770.74,157964,10238.05,151571,9843.06,57107,3762.31,69298,4486.47,7935,491.76
682,002796.SZ,20200803,22763,4839.15,13228,2817.95,32521,6917.56,23535,5010.03,18334,3900.55,22458,4776.15,1122,239.18,15518,3292.32,-9060,-1916.03
683,002950.SZ,20200803,53997,16482.15,74081,22682.44,67362,20602.7,73770,22584.29,55149,16878.15,42613,13039.67,26710,8265.97,12754,3922.57,19997,6179.27
684,600611.SH,20200803,20127,815.17,33675,1365.06,27761,1125.41,37094,1503.78,37054,1503.15,14172,574.89,0,0.0,0,0.0,13042,530.9
685,603959.SH,20200803,34843,3303.34,23904,2268.77,36772,3493.53,34520,3275.41,14757,1399.48,21577,2044.18,0,0.0,6371,607.99,26736,2544.75
686,300745.SZ,20200803,8991,1823.9,6804,1382.3,7066,1434.07,9608,1950.9,4424,900.28,4232,858.44,163,33.39,0,0.0,2702,550.65
687,600588.SH,20200803,46261,22131.11,69326,33257.25,77541,37130.53,95002,45491.82,91196,43645.86,81535,38996.36,63227,30351.87,32362,15513.94,5693,2754.31
688,300268.SZ,20200803,13795,1553.25,9731,1097.91,14920,1681.06,15232,1715.7,5216,588.92,8099,911.6,1861,210.29,2731,308.32,-5743,-645.4
689,300422.SZ,20200803,29325,3649.81,28875,3598.7,48975,6095.9,47780,5949.0,35342,4402.13,35985,4477.4,4223,527.92,5226,650.67,13325,1668.97
690,600265.SH,20200803,1175,239.61,1008,207.13,1525,310.72,1692,344.44,576,116.8,576,115.56,0,0.0,0,0.0,50,11.22
691,603767.SH,20200803,20142,1621.38,13914,1121.17,20382,1642.65,20766,1674.91,8357,674.62,12951,1042.22,0,0.0,1249,100.35,7116,575.04
692,002938.SZ,20200803,33013,17073.25,40373,20919.58,46531,24087.87,61528,31884.89,47487,24633.36,28150,14606.02,15673,8152.54,12654,6536.53,-2406,-1168.88
693,300399.SZ,20200803,11223,2047.32,10171,1856.03,14270,2604.13,13531,2469.93,4961,907.24,7423,1354.82,1804,328.98,1133,206.9,655,121.22
694,300553.SZ,20200803,1866,709.07,1798,683.44,1351,513.95,1614,613.85,1001,381.24,806,306.97,0,0.0,0,0.0,758,289.91
695,600396.SH,20200803,69443,1890.1,78301,2134.87,71065,1936.59,74773,2036.07,56346,1533.87,39874,1084.94,0,0.0,3906,104.68,26886,736.03
696,600550.SH,20200803,116554,6686.59,120935,6953.13,157757,9061.95,149002,8556.07,109895,6314.88,112900,6485.24,23918,1371.84,25288,1440.81,-11530,-626.64
697,603898.SH,20200803,6,1.06,1652,292.59,271,47.97,2217,392.59,1030,182.41,1979,350.48,4541,804.21,0,0.0,-5848,-1035.66
698,300684.SZ,20200803,20318,7280.09,20268,7267.8,24943,8951.63,21350,7649.63,10048,3609.18,19690,7054.8,11115,3983.53,5117,1852.2,-655,-222.09
699,600681.SH,20200803,21116,1158.19,18650,1024.37,22929,1258.73,25038,1373.9,21927,1203.88,24136,1323.73,1852,101.21,0,0.0,21333,1171.9
700,000545.SZ,20200803,52221,1446.31,62460,1731.3,55776,1544.89,57357,1589.13,38976,1081.79,27156,752.56,0,0.0,0,0.0,30357,846.63
701,603045.SH,20200803,35017,5202.04,29353,4364.22,35450,5273.0,40021,5954.26,24585,3656.42,28284,4199.96,4517,674.13,1911,287.16,13608,2033.05
702,002155.SZ,20200803,136190,13088.57,91004,8745.06,153728,14766.06,147785,14193.21,127864,12266.2,147502,14152.15,28797,2767.66,60288,5798.05,-59836,-5721.68
703,601778.SH,20200803,131313,10356.31,109520,8643.54,131249,10353.46,119358,9418.92,84304,6652.95,93867,7406.01,27977,2209.64,52098,4103.88,-58637,-4602.78
704,603318.SH,20200803,81934,9023.66,59946,6621.33,93653,10326.18,88212,9737.0,52106,5751.85,62078,6834.12,9161,1012.3,26618,2921.53,-37801,-4132.55
705,000949.SZ,20200803,60649,2137.58,59540,2099.81,60635,2137.81,56025,1974.81,39695,1399.15,41162,1451.35,3000,106.2,7253,254.78,12995,461.55
706,002286.SZ,20200803,177815,34572.21,164061,32022.26,198847,38722.4,216628,42237.66,137319,26766.82,159516,31073.11,60800,11955.13,34576,6683.53,-7164,-1139.21
707,002440.SZ,20200803,63370,6239.12,77969,7690.94,99355,9783.11,100652,9918.22,90228,8913.36,79429,7833.79,19001,1879.86,13904,1372.49,39942,3905.77
708,603429.SH,20200803,30672,12011.79,24520,9696.88,37108,14619.38,37197,14678.82,32853,13040.03,36760,14477.36,10524,4152.19,12681,4970.34,-8500,-3233.99
709,002397.SZ,20200803,51544,3042.35,49883,2946.3,58962,3480.25,60545,3573.24,36000,2125.23,35811,2113.36,4074,240.88,4341,255.82,-1867,-104.14
710,002551.SZ,20200803,208367,19265.81,162244,15033.47,224378,20766.86,233292,21587.55,126974,11763.23,146372,13537.09,25192,2345.46,43002,3983.25,-5509,-447.95
711,300215.SZ,20200803,50320,3770.34,46339,3479.79,48959,3665.94,48454,3634.68,39463,2971.23,37795,2834.94,1836,139.36,7990,597.47,9270,700.56
712,600058.SH,20200803,31409,2189.85,39448,2751.24,40829,2846.94,30582,2134.49,21560,1502.52,21970,1530.46,2091,146.58,3889,269.69,17638,1231.6
713,600212.SH,20200803,13000,413.71,13165,420.11,20507,653.51,19930,635.02,8228,262.74,8640,274.84,0,0.0,0,0.0,859,29.57
714,002682.SZ,20200803,17326,737.41,16204,690.62,20267,863.31,28569,1216.78,15658,668.22,11478,489.65,3000,128.1,0,0.0,5242,225.19
715,600742.SH,20200803,1597,159.49,14806,1483.95,4871,485.57,18749,1876.47,17254,1726.27,11492,1149.3,33076,3316.96,11751,1178.58,-13011,-1317.84
716,000606.SZ,20200803,126586,6164.48,138060,6740.71,151162,7359.91,148147,7215.57,111741,5434.97,116286,5626.44,26004,1263.48,13000,640.12,63210,3108.83
717,600873.SH,20200803,228353,14522.38,293998,18819.25,350099,22278.83,426953,27299.72,397163,25289.14,528915,33799.39,627882,40583.4,353631,22755.4,-306299,-19946.02
718,601566.SH,20200803,8238,783.26,9268,881.38,12955,1232.28,11389,1083.15,4210,400.61,4746,451.63,0,0.0,0,0.0,-400,-36.64
719,603106.SH,20200803,49964,5140.59,42652,4394.79,62411,6425.89,63280,6515.49,33148,3415.86,39323,4045.89,4647,479.73,4915,505.91,-8398,-858.39
720,000737.SZ,20200803,21835,691.34,31448,998.48,28539,903.42,26129,827.67,16437,521.92,10977,346.23,1743,55.69,0,0.0,21328,676.09
721,000961.SZ,20200803,159250,15227.51,127356,12192.61,200779,19220.5,187289,17931.8,167019,15981.82,188020,17988.18,20237,1949.68,44620,4266.91,13437,1331.51
722,002347.SZ,20200803,56244,2696.33,51215,2456.1,67470,3231.57,64238,3077.53,32587,1564.07,37587,1802.81,2163,104.47,5425,260.0,18390,883.23
723,002501.SZ,20200803,33532,483.98,30884,446.83,47435,685.51,40471,585.3,15430,222.29,25041,359.65,0,0.0,0,0.0,-10162,-142.52
724,600008.SH,20200803,149596,5057.2,229878,7780.68,175768,5941.4,169243,5723.47,172834,5843.4,111263,3763.42,169231,5734.0,157045,5308.43,215562,7295.93
725,605001.SH,20200803,12948,2648.48,14943,3059.48,17976,3678.88,16658,3407.41,9320,1906.92,9230,1887.03,587,119.63,0,0.0,5576,1144.37
726,002478.SZ,20200803,26702,1421.78,51150,2722.04,54753,2919.25,46541,2477.29,28919,1536.69,31303,1668.79,20620,1097.21,2000,106.8,10229,547.18
727,002632.SZ,20200803,51554,5029.46,37264,3642.55,80253,7835.25,91837,8965.13,44030,4302.26,44537,4343.63,4500,440.52,6699,656.17,-33365,-3242.45
728,300093.SZ,20200803,11455,1385.44,7415,896.94,13282,1605.48,9929,1201.79,8146,985.29,15509,1873.86,0,0.0,30,3.62,-8220,-992.24
729,603161.SH,20200803,10457,1372.12,11129,1464.28,10025,1317.18,14643,1922.98,7167,942.75,5113,672.36,3236,427.57,0,0.0,9252,1218.09
730,688111.SH,20200803,19,77.62,41,169.89,4947,20580.48,7257,30272.87,6802,28272.61,5982,24940.0,5660,23839.56,4149,17387.5,2458,10275.56
731,002178.SZ,20200803,47869,2210.6,52320,2417.69,59326,2741.16,55241,2552.02,51147,2363.27,41157,1903.27,14579,674.72,24204,1116.77,47625,2203.11
732,002332.SZ,20200803,52958,8120.32,64544,9929.63,58697,9014.68,77340,11877.84,74812,11515.76,45506,6993.12,13032,2004.25,12109,1854.42,35473,5504.91
733,000655.SZ,20200803,58890,4446.21,103740,7836.5,73380,5526.93,99643,7523.66,93212,7033.33,53885,4063.63,44906,3429.46,13120,1012.14,68893,5273.83
734,601818.SH,20200803,330774,12555.41,397910,15121.8,457665,17378.64,614500,23321.39,520746,19779.02,456616,17347.94,580340,22054.89,420499,15976.83,-16110,-497.84
735,000786.SZ,20200803,58336,17939.18,39976,12327.71,52106,16046.51,49783,15350.05,43759,13478.72,54853,16865.39,20869,6404.97,30458,9326.23,9,44.58
736,002326.SZ,20200803,51913,6440.05,75781,9410.76,70995,8808.8,84380,10473.38,81430,10106.64,60018,7449.34,21524,2685.83,5683,707.84,48604,6045.05
737,601949.SH,20200803,100038,6295.01,81264,5114.69,71086,4473.58,75101,4727.98,37942,2380.32,40047,2512.31,0,0.0,12654,793.93,-37788,-2357.72
738,603286.SH,20200803,4791,878.57,4565,837.3,3733,685.05,4636,850.27,1999,366.34,1322,242.39,0,0.0,0,0.0,945,173.06
739,002457.SZ,20200803,115274,12333.35,107391,11500.04,130938,14010.93,126808,13574.1,65606,7022.79,79907,8552.48,19534,2101.84,17247,1842.3,-38,18.64
740,002611.SZ,20200803,54246,2722.54,65911,3313.09,78017,3917.11,88070,4427.19,79959,4019.08,67066,3364.97,28495,1436.35,19671,989.83,65466,3300.1
741,300072.SZ,20200803,102728,6252.58,94228,5744.04,168564,10263.77,125694,7662.94,165146,10070.79,177522,10819.38,49109,2999.97,88103,5360.74,-80455,-4849.53
742,300224.SZ,20200803,75420,8464.91,78284,8805.54,78015,8766.91,79439,8922.39,49320,5568.35,43982,4952.33,4910,552.15,5960,672.06,3022,368.45
743,600067.SH,20200803,17069,628.36,21084,777.35,22589,831.29,29090,1070.58,21539,791.64,15271,561.64,7749,286.39,3500,128.1,7544,280.88
744,600221.SH,20200803,374068,5933.14,265597,4215.6,500848,7943.12,337282,5354.82,429144,6803.19,319224,5059.96,366411,5805.88,748368,11854.94,-156387,-2426.0
745,603569.SH,20200803,11484,1118.61,7799,760.98,13554,1323.14,14895,1454.72,3233,315.89,5578,541.94,0,0.0,0,0.0,2753,268.78
746,002691.SZ,20200803,68473,4922.75,67257,4844.48,74650,5372.12,77809,5596.5,40915,2956.44,40310,2897.6,12414,889.61,11076,802.34,-4990,-321.28
747,300355.SZ,20200803,134437,4045.68,202431,6100.08,171820,5158.23,221899,6678.26,163897,4939.58,149034,4485.87,140495,4239.2,37284,1118.49,265183,7996.88
748,600198.SH,20200803,143169,19916.62,151329,21044.31,186304,25883.91,189304,26318.1,121403,16899.65,125069,17416.03,39775,5546.96,24949,3468.71,30873,4263.1
749,600352.SH,20200803,278615,43204.12,415331,64344.45,558565,86547.68,613216,94931.27,690363,106783.28,629937,97666.09,527545,81778.46,396604,61371.72,303523,47199.4
750,300486.SZ,20200803,3860,815.43,4842,1023.65,5846,1236.05,5828,1232.64,3830,810.77,2966,627.02,1100,231.97,1000,210.9,3547,751.96
751,300640.SZ,20200803,25793,2299.15,32466,2896.54,28624,2553.66,24464,2181.95,12278,1099.04,11822,1053.99,3331,295.07,1274,114.45,-8352,-734.88
752,600483.SH,20200803,39477,3583.32,42810,3897.32,81249,7405.42,54695,4978.36,23761,2163.38,39223,3560.3,9644,875.97,17402,1592.12,32007,2939.79
753,601330.SH,20200803,48529,5085.3,55866,5859.67,67403,7065.7,63094,6614.27,39520,4146.93,37182,3895.5,3382,354.79,2692,283.29,1012,104.9
754,300213.SZ,20200803,73151,6699.82,102817,9423.23,136822,12498.17,204512,18763.91,154324,14114.39,151194,13852.1,175714,16295.51,81488,7568.65,-21375,-2172.47
755,002127.SZ,20200803,95887,18814.97,101161,19852.06,76055,14948.91,71843,14113.12,48403,9498.96,49861,9789.61,8933,1749.34,6413,1257.39,-37060,-7225.83
756,603087.SH,20200803,9263,20505.69,7038,15618.67,18136,40174.04,18102,40107.76,12971,28758.52,14461,32026.59,4209,9337.23,4979,11022.45,-2845,-6262.89
757,688037.SH,20200803,3628,4333.71,4242,5078.19,8390,10037.55,8832,10577.44,7610,9122.01,6438,7709.93,1940,2326.79,2057,2454.49,809,980.77
758,002258.SZ,20200803,59264,13064.0,61745,13605.62,53967,11896.46,52894,11660.93,35848,7895.44,36360,8013.44,8232,1814.31,6312,1390.22,4256,979.18
759,002412.SZ,20200803,70316,5863.8,85444,7146.11,140690,11746.29,123714,10327.56,76645,6402.99,96480,8048.06,47774,3997.1,29786,2488.46,26314,2223.38
760,688168.SH,20200803,1293,1227.01,1617,1532.7,3041,2888.18,2703,2568.26,1353,1284.8,1366,1299.01,0,0.0,0,0.0,167,160.66
761,001696.SZ,20200803,186198,18979.41,187547,19159.83,274398,27951.09,257425,26239.57,281969,28787.48,262680,26777.85,81064,8294.28,115977,11835.0,-12887,-1218.08
762,002389.SZ,20200803,89719,22530.0,145207,36560.65,156550,39190.29,209495,52629.59,246396,61727.0,204321,51226.14,181702,46015.01,115344,29045.93,127148,31902.12
763,002543.SZ,20200803,18417,1564.27,21337,1813.94,25506,2167.64,26184,2226.63,15719,1337.96,10506,892.44,385,32.74,2000,169.6,19931,1696.59
764,300207.SZ,20200803,125035,30191.96,97558,23622.58,165583,39972.96,173259,41922.77,210040,50659.13,190453,45968.26,118134,28617.99,157522,37928.44,-19241,-4574.65
765,603706.SH,20200803,12748,2565.57,17012,3424.62,14278,2873.99,14385,2896.72,8202,1653.66,4331,872.16,500,100.28,0,0.0,2776,558.96
766,002105.SZ,20200803,80720,7511.88,82935,7733.5,104408,9725.13,100679,9393.13,76107,7098.96,80547,7493.66,12066,1125.53,9140,841.2,-8015,-720.81
767,688015.SH,20200803,6963,3051.16,7232,3159.05,10629,4628.95,13201,5773.12,7973,3476.67,7925,3465.06,2792,1240.45,0,0.0,6766,2980.66
768,000850.SZ,20200803,62591,2421.61,99520,3868.06,83287,3232.09,90972,3529.62,61261,2380.46,42311,1638.9,35458,1375.77,9795,373.35,75619,2923.36
769,002236.SZ,20200803,101310,21829.16,91908,19849.01,173146,37322.63,165183,35662.4,215029,46402.12,209864,45253.73,133007,28730.28,155536,33519.05,4332,1046.66
770,603196.SH,20200803,13025,1061.17,9777,797.29,12281,1000.85,11017,897.66,2809,229.5,9460,772.99,6407,521.29,4268,344.87,2272,190.24
771,600165.SH,20200803,0,0.0,7996,592.54,0,0.0,12083,895.35,0,0.0,7782,576.65,37844,2804.28,9983,739.74,-37844,-2804.28
772,601012.SH,20200803,85563,49973.53,64795,37898.67,135956,79448.46,133085,77837.15,158880,92935.7,163978,96029.19,197101,115523.54,215643,126116.21,18079,10879.09
773,603667.SH,20200803,16487,1430.6,12889,1119.2,16999,1475.76,18557,1610.81,7786,675.97,11122,965.07,1296,112.75,0,0.0,2136,187.53
774,002838.SZ,20200803,56987,19154.53,71005,23931.26,80168,26973.33,83783,28212.78,61836,20789.06,56500,18967.57,22955,7789.77,10656,3595.07,24287,8235.38
775,300299.SZ,20200803,330308,35862.34,217543,23659.46,386047,41922.06,368573,40206.45,413829,44990.57,404344,44148.65,152712,16825.53,292437,31585.94,-209280,-22655.84
776,300453.SZ,20200803,4933,1219.93,8500,2102.08,10084,2493.77,13013,3218.11,11175,2763.58,12695,3139.36,40020,9897.04,32005,7914.77,-64550,-15963.3
777,603798.SH,20200803,13853,1574.94,13703,1560.6,18122,2062.81,17061,1942.07,8604,980.12,9815,1115.2,0,0.0,0,0.0,-3045,-341.99
778,002969.SZ,20200803,17637,1525.32,25736,2227.62,25351,2190.77,31693,2744.38,22888,1985.2,10447,904.29,2000,175.0,0,0.0,18518,1607.13
779,600712.SH,20200803,295507,23163.89,225786,17815.87,289129,22785.2,293172,23132.99,156302,12336.49,205661,16104.73,38967,3073.52,55286,4305.51,-54947,-4145.82
780,300846.SZ,20200803,56191,18947.26,58011,19896.44,69186,23402.48,69364,23629.2,54742,18584.89,70929,24143.36,50601,17696.88,32416,10962.51,-10505,-3323.95
781,600689.SH,20200803,10464,913.65,11459,1001.7,12405,1084.54,13593,1187.18,6199,541.7,4016,351.02,0,0.0,0,0.0,5370,470.21
782,600843.SH,20200803,9490,694.56,9960,730.3,11716,858.44,10174,745.72,4403,323.22,5475,400.19,0,0.0,0,0.0,2855,210.1
783,000707.SZ,20200803,12561,316.05,8308,209.49,14152,356.25,13590,342.45,7409,187.08,12225,307.43,0,0.0,0,0.0,-5235,-129.99
784,002044.SZ,20200803,94173,14557.52,91905,14221.55,108872,16842.22,99402,15371.64,63838,9871.08,76327,11804.11,27093,4195.02,26341,4068.54,-21118,-3225.38
785,000838.SZ,20200803,38639,1077.18,38424,1072.95,35553,992.95,45667,1272.73,22874,639.19,17707,495.2,4732,131.55,0,0.0,8768,249.32
786,300556.SZ,20200803,22469,4557.43,26771,5441.87,38475,7808.76,36041,7312.85,22990,4669.28,18128,3677.76,2413,492.55,5407,1095.55,-3143,-631.32
787,300710.SZ,20200803,5011,1391.44,4025,1119.58,4072,1132.59,4543,1261.07,2401,668.45,2545,708.69,0,0.0,371,103.14,2672,743.54
788,600399.SH,20200803,16741,1033.13,30690,1900.45,34352,2123.33,47354,2930.49,57802,3578.19,53974,3341.71,27124,1684.6,4000,246.6,49956,3098.06
789,000417.SZ,20200803,56233,3789.27,76610,5216.12,82975,5596.25,98203,6647.54,79873,5434.16,67278,4559.28,27211,1881.38,4200,278.12,29881,2079.96
790,300687.SZ,20200803,17518,3826.53,18216,3981.18,13709,2996.12,15083,3298.73,8529,1866.48,7616,1666.33,3684,812.26,2524,555.15,6414,1408.48
791,300841.SZ,20200803,0,0.0,0,0.93,5959,53794.89,5898,53698.83,4615,41998.23,5092,46237.04,7695,70169.97,7280,66026.28,1538,14244.61
792,300539.SZ,20200803,10387,795.52,10364,794.15,10040,769.23,11486,879.1,7604,582.65,7753,595.39,1572,121.24,0,0.0,1860,142.0
793,600536.SH,20200803,42641,43146.15,65119,65947.99,87318,88345.11,116132,117771.8,113797,115054.28,111587,113004.51,120627,122798.55,71545,72619.79,29887,30602.8
794,601229.SH,20200803,46070,3830.46,50195,4173.23,73459,6107.09,71563,5951.06,42768,3556.47,41154,3421.02,14065,1168.75,13449,1117.46,-24643,-2040.2
795,300824.SZ,20200803,31548,9644.16,31782,9732.91,39329,12039.42,41411,12670.31,20236,6196.33,18875,5771.17,2452,751.94,1497,457.45,2796,881.51
796,600667.SH,20200803,134519,15803.33,160243,18866.33,170023,19997.29,178724,21026.46,153673,18097.42,133405,15678.0,60561,7144.09,46404,5471.34,33344,3989.58
797,600821.SH,20200803,8374,390.7,15986,746.01,26121,1218.98,28012,1308.12,18101,846.46,10908,508.51,2311,106.5,0,0.0,5405,248.57
798,002022.SZ,20200803,75472,17843.06,67158,15921.15,113823,26936.29,113552,26889.72,105304,24965.15,108045,25567.94,27205,6447.46,33049,7813.15,-2186,-445.36
799,600798.SH,20200803,45033,1461.45,51470,1671.95,75140,2438.42,82942,2692.01,70456,2287.92,57564,1869.19,8493,276.99,7146,231.64,36920,1203.18
800,000816.SZ,20200803,60224,855.03,53852,766.69,76877,1092.17,90060,1280.51,52959,754.98,75515,1073.93,29367,418.95,0,0.0,32545,471.03
801,002153.SZ,20200803,24623,9251.39,22685,8545.79,21674,8151.32,28181,10605.29,16105,6062.96,15156,5707.1,9658,3651.34,6038,2258.83,7427,2801.08
802,603316.SH,20200803,14584,1303.43,14711,1315.05,19373,1731.69,21397,1911.98,10710,957.01,6831,610.44,0,0.0,1728,154.66,3422,308.27
803,002284.SZ,20200803,26714,1446.08,28180,1527.13,30041,1627.93,32396,1754.61,18568,1006.03,14747,798.3,0,0.0,0,0.0,13759,747.63
804,002289.SZ,20200803,4164,427.35,1639,168.48,5696,584.29,5067,520.87,5195,533.99,8350,856.29,0,0.0,0,0.0,855,88.42
805,002989.SZ,20200803,9233,4635.95,10669,5373.12,14339,7206.57,13920,6999.55,9729,4897.85,9370,4706.4,1488,753.69,831,414.98,3166,1604.54
806,300807.SZ,20200803,6167,2616.17,4181,1774.21,5992,2540.88,7466,3167.06,4096,1740.39,4944,2099.54,455,193.57,119,50.22,881,376.13
807,600804.SH,20200803,132443,12520.86,185104,17525.15,207554,19619.02,227404,21511.02,138250,13065.52,145032,13703.81,102188,9709.3,22894,2174.72,91452,8733.77
808,002005.SZ,20200803,36888,457.38,35747,443.26,40826,506.4,41300,512.06,27294,338.11,27961,346.56,0,0.0,0,0.0,-31154,-383.25
809,601628.SH,20200803,59109,21900.22,79155,29382.26,78845,29215.29,101688,37700.37,106804,39570.49,79924,29591.77,61357,22787.34,45347,16798.94,6610,2554.28
810,000596.SZ,20200803,4647,9802.97,3362,7106.36,7061,14899.02,5969,12608.36,5899,12440.64,8057,16991.38,2319,4903.16,2538,5339.7,-3649,-7692.52
811,000750.SZ,20200803,421336,23994.73,431516,24622.54,626912,35728.46,650342,37067.75,683508,38983.41,611787,34880.27,302269,17258.85,340380,19394.88,1361,263.33
812,002136.SZ,20200803,68978,6925.97,70288,7074.65,81255,8163.34,73400,7388.68,41269,4157.75,39776,3999.64,13982,1418.11,22020,2202.2,26701,2717.92
813,603096.SH,20200803,3203,1975.81,3154,1946.17,1847,1138.61,2100,1295.5,1461,901.14,1512,930.09,255,156.19,0,0.0,-2000,-1235.31
814,688200.SH,20200803,39,119.55,88,272.08,4685,14420.51,5289,16311.93,5159,15884.11,4259,13100.63,2349,7256.93,2596,7996.47,1008,3152.85
815,000881.SZ,20200803,45678,4468.43,64039,6304.48,64479,6282.29,77814,7635.19,57308,5632.81,53433,5254.22,44964,4539.82,17142,1729.46,39956,3938.44
816,002267.SZ,20200803,23778,1609.05,23756,1609.37,35029,2370.78,28179,1907.28,17390,1177.31,21796,1473.63,1965,132.83,4430,299.69,12534,852.35
817,002421.SZ,20200803,131698,5580.85,198564,8426.39,207866,8802.75,223069,9457.61,225501,9570.32,183754,7780.61,77402,3272.72,37080,1562.02,141170,6007.04
818,002069.SZ,20200803,362452,22852.5,261200,16531.22,281358,17778.24,299382,18910.23,130190,8240.38,195873,12362.69,65284,4164.27,82829,5231.24,-129266,-8038.16
819,002223.SZ,20200803,80035,29643.66,71623,26555.77,107997,40015.41,104203,38609.29,89556,33182.3,101696,37673.91,33011,12248.32,33077,12250.72,13459,5065.24
820,600999.SH,20200803,162345,34722.71,121248,25978.1,229829,49204.82,213400,45729.22,178102,38182.66,205913,44112.18,76457,16414.29,106172,22704.99,-80438,-17151.45
821,603183.SH,20200803,40860,3265.93,45160,3610.72,38020,3042.97,43349,3468.54,24858,1987.49,16629,1329.1,1400,111.96,0,0.0,24713,1982.72
822,002354.SZ,20200803,40567,1521.44,43732,1641.68,69283,2600.98,54983,2064.59,50738,1910.03,57551,2164.5,3185,118.45,7507,280.14,8370,324.13
823,300018.SZ,20200803,103215,7523.77,107693,7885.76,161002,11755.14,158814,11609.37,148636,10859.6,140269,10233.37,35919,2645.9,41996,3055.9,-14874,-1023.99
824,600015.SH,20200803,71532,4574.79,101396,6484.38,112219,7176.9,112975,7226.94,96119,6148.62,80479,5148.97,43434,2780.06,28454,1820.09,-61581,-3924.19
825,603517.SH,20200803,11217,9630.12,9627,8279.94,8877,7621.76,11259,9670.74,10084,8664.04,9960,8548.56,4331,3718.4,3663,3135.07,2886,2512.21
826,002485.SZ,20200803,34270,1884.64,28544,1573.56,38364,2111.92,52962,2917.34,18451,1019.29,15326,843.07,23312,1282.24,17565,964.13,-5030,-273.84
827,300149.SZ,20200803,20905,4211.63,24395,4921.9,24007,4840.61,30743,6205.41,32987,6656.8,20320,4096.41,7507,1516.41,9947,2001.74,-16248,-3265.44
828,300303.SZ,20200803,372914,27933.02,295250,22159.4,440678,33030.82,422542,31695.78,406370,30451.3,461391,34565.08,209107,15686.46,249884,18681.35,19719,1597.78
829,600146.SH,20200803,50375,1010.8,54671,1099.05,75988,1526.94,67201,1350.13,52366,1051.42,56857,1139.99,0,0.0,0,0.0,-20481,-404.72
830,603637.SH,20200803,8211,834.92,8192,833.23,10616,1079.89,10779,1096.49,1747,178.2,4208,428.36,3604,366.88,999,101.8,3430,350.39
831,002808.SZ,20200803,42139,4863.87,36788,4241.63,40682,4693.09,47048,5423.19,41970,4843.57,54687,6325.18,22669,2628.04,8937,1038.57,2241,275.75
832,300269.SZ,20200803,49075,1730.79,37737,1330.43,33505,1180.86,31923,1125.0,14665,516.58,14920,527.84,2384,84.03,15050,528.97,9855,350.52
833,300423.SZ,20200803,26765,3760.88,18446,2593.24,24662,3466.34,26988,3792.15,15954,2240.85,22299,3132.36,3140,441.78,2788,392.1,6757,954.29
834,600266.SH,20200803,40018,2239.15,44968,2521.37,62763,3511.21,53616,3005.13,53487,2996.44,50434,2820.64,12401,694.17,19651,1093.82,1881,110.84
835,600420.SH,20200803,69076,7791.65,71238,8042.08,90245,10178.97,103190,11645.83,81165,9163.92,70530,7956.1,15189,1719.93,10717,1210.47,-2543,-257.6
836,601113.SH,20200803,17974,588.19,36001,1183.11,36647,1198.95,56223,1839.62,59921,1956.44,41753,1365.71,19435,644.87,0,0.0,36797,1217.42
837,603768.SH,20200803,11958,2009.64,9584,1610.25,10793,1814.76,11061,1859.03,11223,1888.86,8154,1373.71,8525,1435.01,13700,2305.28,21813,3672.6
838,603922.SH,20200803,11368,2079.08,10452,1910.51,13588,2482.91,12528,2290.9,2927,534.59,4903,895.17,0,0.0,0,0.0,-4386,-796.67
839,002890.SZ,20200803,4570,1990.31,4508,1964.98,4275,1863.59,6399,2793.83,4420,1934.12,3262,1427.72,1210,533.43,306,134.92,-421,-189.7
840,002939.SZ,20200803,89458,13089.59,91419,13394.73,148868,21797.3,145821,21354.14,143981,21089.91,137545,20134.48,51412,7536.49,58934,8629.95,-21519,-3109.48
841,300554.SZ,20200803,15937,3579.95,23940,5403.35,23880,5367.4,37782,8531.57,33213,7484.2,34487,7785.56,33850,7708.72,10671,2419.79,4317,965.19
842,600397.SH,20200803,71209,1798.61,52869,1338.51,54930,1390.01,57845,1462.71,48923,1237.46,57157,1442.93,10363,261.59,17555,443.52,13857,356.53
843,300264.SZ,20200803,37356,1831.31,37772,1857.67,41482,2034.93,40282,1979.85,26569,1309.1,27353,1337.83,0,0.0,0,0.0,20085,987.91
844,600261.SH,20200803,87948,4177.35,94532,4498.98,164242,7801.68,133836,6367.59,81880,3897.93,111838,5306.09,24401,1163.46,18266,867.76,-23946,-1112.88
845,300395.SZ,20200803,12664,5466.67,15097,6533.43,14342,6212.94,15302,6612.86,14397,6234.01,12138,5261.45,2698,1175.2,1563,681.08,-2434,-1055.19
846,600392.SH,20200803,146822,12913.18,220553,19460.75,293481,25833.72,328604,28944.51,322629,28418.08,283253,24975.44,139797,12413.17,70319,6197.45,147420,13115.92
847,000410.SZ,20200803,21624,989.31,14881,681.67,24945,1141.96,23299,1066.83,11304,517.48,17883,817.51,0,0.0,1810,82.75,-2615,-116.61
848,300680.SZ,20200803,14265,3678.91,18510,4779.61,18972,4891.21,30582,7901.59,23464,6075.57,21297,5537.27,28284,7404.12,14596,3831.34,-4850,-1279.24
849,300729.SZ,20200803,17438,9090.03,22128,11518.06,17837,9305.26,16146,8440.29,11354,5924.79,12781,6664.11,7598,3958.61,3172,1656.23,-7341,-3774.42
850,600726.SH,20200803,65432,1394.94,53570,1143.66,65995,1406.78,59886,1277.5,35075,748.98,52626,1121.1,5000,107.0,5420,115.45,-42805,-906.72
851,000541.SZ,20200803,88577,5820.78,68613,4511.75,94031,6181.39,89263,5870.48,57060,3746.74,67984,4461.08,17444,1142.53,31250,2048.12,-61938,-4052.94
852,600857.SH,20200803,7953,760.48,4988,477.14,9527,911.6,13352,1277.64,6192,592.66,6550,626.63,1218,116.68,0,0.0,1540,148.78
853,603041.SH,20200803,13513,2302.15,17340,2954.8,14392,2450.68,12087,2059.77,6114,1045.65,3909,666.6,0,0.0,682,117.3,1397,243.37
854,000672.SZ,20200803,75779,23112.74,60196,18400.2,80361,24591.43,89095,27260.85,60748,18578.8,66111,20224.81,18419,5669.12,19905,6066.23,-37723,-11476.4
855,002058.SZ,20200803,4413,856.32,3410,663.89,5639,1095.44,5451,1059.02,972,188.9,2162,417.75,0,0.0,0,0.0,-1384,-264.61
856,600118.SH,20200803,58841,21663.73,130914,49057.5,101351,37406.81,159873,59842.08,128244,47507.68,141527,52896.59,236271,90287.51,92392,35069.56,4303,-333.54
857,002588.SZ,20200803,92561,4940.18,94179,5036.01,117182,6260.07,109010,5824.66,88148,4711.18,82280,4392.41,21349,1136.86,33771,1795.23,-19529,-1022.03
858,002742.SZ,20200803,25429,1836.57,21987,1589.14,18579,1341.82,22040,1591.99,10570,763.31,10552,760.57,0,0.0,0,0.0,-873,-59.04
859,300406.SZ,20200803,17812,3782.41,18879,4010.28,17366,3686.69,14615,3105.72,16888,3588.69,17039,3617.63,1638,349.08,3172,673.24,-8747,-1845.3
860,600249.SH,20200803,30764,1528.99,31717,1578.07,36867,1833.9,37464,1863.26,17049,849.85,15499,771.41,0,0.0,0,0.0,16421,820.06
861,600403.SH,20200803,44451,1737.44,50981,1998.7,39606,1550.61,44447,1741.78,49663,1946.75,45781,1791.16,10489,412.64,3000,115.8,31053,1222.77
862,002873.SZ,20200803,18799,4212.84,20497,4610.84,28369,6380.79,25857,5813.88,15764,3550.34,17041,3829.0,997,227.55,534,117.81,-3778,-850.09
863,300537.SZ,20200803,21714,3871.03,24959,4452.45,23521,4194.76,25651,4573.96,14652,2616.33,10471,1868.38,1194,212.68,0,0.0,9832,1751.73
864,300668.SZ,20200803,6256,1076.46,9158,1578.35,8029,1384.19,8437,1455.58,3751,647.09,2644,453.72,2202,379.9,0,0.0,4156,716.1
865,300822.SZ,20200803,4244,1862.88,5312,2334.1,7194,3158.4,7791,3419.74,4380,1924.08,3103,1361.92,387,170.41,0,0.0,1167,517.33
866,600665.SH,20200803,15441,556.27,22381,810.37,18931,682.2,23503,851.8,27315,992.91,15803,569.21,0,0.0,0,0.0,17928,650.2
867,601512.SH,20200803,16833,2033.33,15466,1869.25,20190,2440.1,18212,2201.42,12673,1531.13,15018,1814.3,1000,120.8,2000,240.39,-3677,-443.78
868,000529.SZ,20200803,44759,3969.99,49842,4428.35,69211,6144.05,79303,7042.74,50809,4515.42,36581,3252.42,10053,889.95,9107,795.91,9142,826.58
869,002310.SZ,20200803,61591,3158.57,66104,3395.28,104354,5353.1,95337,4892.26,91972,4720.31,99979,5129.19,56892,2924.25,53388,2739.49,27826,1441.91
870,601933.SH,20200803,271044,24856.31,320048,29383.12,339957,31168.75,431706,39618.95,369462,33870.97,338858,31011.16,247811,22688.85,137662,12571.64,155389,14259.69
871,603319.SH,20200803,12326,2846.12,19246,4448.28,17996,4178.3,21330,4929.07,21373,4941.6,12722,2960.24,2603,608.77,1000,237.2,14577,3391.47
872,688066.SH,20200803,16181,8657.28,17427,9268.22,33568,17834.64,34182,18211.94,37981,20218.42,38594,20567.9,12072,6452.36,9598,5114.63,26996,14502.82
873,603587.SH,20200803,12009,2275.69,9221,1748.38,9610,1821.87,10093,1913.66,2890,548.58,5195,984.1,0,0.0,0,0.0,-2082,-393.15
874,002758.SZ,20200803,13212,1576.54,12936,1544.23,18259,2178.02,18702,2233.07,12476,1490.48,12311,1467.75,0,0.0,0,0.0,3428,410.22
875,002912.SZ,20200803,13940,12346.44,22218,19786.92,31021,27420.19,33480,29796.66,27413,24389.88,27608,24447.71,20047,17892.81,9114,8018.04,23929,21425.85
876,300373.SZ,20200803,35049,11803.39,43649,14723.64,47322,15942.02,52933,17839.01,40856,13777.37,43200,14564.84,30925,10461.27,14371,4856.57,-3506,-1134.82
877,600370.SH,20200803,99358,3728.28,75806,2852.6,84470,3171.69,87394,3287.56,58515,2203.69,67696,2539.27,7788,294.88,19235,719.11,-10115,-358.45
878,600419.SH,20200803,38414,5858.32,37864,5785.79,47069,7183.27,43673,6666.8,30774,4704.66,24429,3731.23,1200,184.56,11492,1746.99,-424,-54.36
879,002889.SZ,20200803,5803,1432.61,9187,2275.84,8097,1999.98,9020,2233.48,5129,1272.03,4066,1008.9,3244,813.6,0,0.0,5697,1415.67
880,300707.SZ,20200803,15775,2739.61,15872,2759.81,14545,2527.34,15449,2685.7,5497,958.85,4496,780.3,0,0.0,0,0.0,8312,1447.06
881,600704.SH,20200803,73959,3414.07,90337,4174.76,114465,5284.75,111359,5145.47,119529,5524.91,151512,7000.2,64677,2990.26,19423,893.56,19071,895.4
882,300518.SZ,20200803,7705,2235.3,9459,2752.42,10398,3019.18,9620,2792.9,4218,1230.29,4198,1217.72,1521,444.61,566,166.34,-842,-244.28
883,600515.SH,20200803,259838,17997.57,243767,16934.17,345615,23967.74,335692,23311.3,339452,23550.49,355359,24623.92,110740,7723.51,120827,8369.94,-20456,-1349.77
884,601208.SH,20200803,45125,4082.39,51445,4660.12,68453,6191.21,68220,6176.64,40736,3682.51,39282,3549.05,9217,842.41,4584,412.72,35959,3261.78
885,002985.SZ,20200803,7996,13580.8,9789,16607.24,12120,20471.59,15657,26569.64,12629,21385.21,11111,18807.8,8654,14668.15,4842,8121.07,7839,13292.92
886,300649.SZ,20200803,7218,1362.07,6301,1189.68,5046,952.33,5590,1054.11,1235,233.37,1608,303.98,0,0.0,0,0.0,-2288,-430.1
887,300803.SZ,20200803,14369,7858.47,16600,9105.42,23127,12655.56,22164,12119.84,14781,8098.97,15868,8685.2,4176,2290.02,1821,992.56,460,228.84
888,300457.SZ,20200803,27928,9982.61,33261,11914.3,51668,18399.57,58602,20923.1,56079,19926.66,68060,24289.69,71472,25800.08,47224,16981.83,-22459,-8067.29
889,300611.SZ,20200803,15291,1556.31,10761,1098.98,20540,2091.59,17888,1823.49,16841,1716.86,22184,2254.81,6031,615.9,7870,803.38,-8075,-812.61
890,603956.SH,20200803,45160,8474.54,39367,7401.37,49254,9252.18,42499,7988.61,30491,5735.78,40294,7564.84,7140,1343.4,9886,1851.08,-7219,-1321.82
891,300588.SZ,20200803,16628,1729.82,19761,2060.89,20962,2185.69,21036,2193.6,7446,777.17,7467,776.61,3227,338.43,0,0.0,3626,382.95
892,300742.SZ,20200803,13248,3452.9,14057,3671.46,17732,4627.78,17042,4447.91,8980,2347.51,9802,2555.76,1312,344.62,371,97.67,-1949,-511.51
893,600585.SH,20200803,56591,35404.08,66098,41410.02,115829,72499.08,111942,70108.11,114586,71830.78,109928,68853.48,79037,49613.94,78075,48976.27,15624,9933.0
894,002132.SZ,20200803,56228,1545.32,56238,1545.54,78947,2169.51,68894,1891.78,47842,1313.75,62596,1721.29,4711,130.03,0,0.0,51702,1421.31
895,000926.SZ,20200803,26430,1497.25,33859,1924.98,38706,2193.09,40971,2324.47,41918,2382.45,50870,2886.73,25680,1460.92,7034,397.53,18496,1050.74
896,002263.SZ,20200803,174887,4854.18,259185,7190.79,205862,5703.52,238970,6619.47,163081,4507.4,151398,4190.96,122869,3411.61,17146,475.5,151614,4200.94
897,601886.SH,20200803,20370,1279.09,23082,1450.69,35200,2211.49,31487,1979.33,31600,1987.0,32287,2027.97,1605,101.12,1919,120.71,7049,446.92
898,002394.SZ,20200803,32060,3473.71,44577,4829.94,45760,4955.4,39783,4311.65,45655,4927.6,32490,3493.32,13085,1415.17,19710,2136.96,32172,3481.73
899,300058.SZ,20200803,375816,28595.68,358733,27405.41,471645,35940.89,457805,34893.54,431476,32909.73,421788,32126.37,96335,7347.62,136946,10368.61,-140034,-10451.14
900,300212.SZ,20200803,14283,7308.84,18956,9736.7,20178,10336.0,22068,11311.09,24331,12470.59,22843,11715.64,15786,8132.1,10711,5484.11,6943,3549.58
901,600055.SH,20200803,51295,8963.78,48004,8397.36,73239,12806.55,69278,12113.12,47779,8357.05,51118,8936.9,7476,1313.93,11389,1993.93,-6522,-1110.11
902,300020.SZ,20200803,39537,4482.8,45046,5112.93,66544,7540.54,68844,7809.09,65971,7483.89,55557,6303.25,14060,1603.04,16664,1885.01,10342,1191.06
903,603365.SH,20200803,8698,1377.15,8593,1362.08,6122,970.74,5015,794.59,2337,370.21,2549,402.72,0,0.0,1000,158.7,5203,826.11
904,000996.SZ,20200803,38906,3895.18,44976,4511.07,55745,5583.87,62165,6233.69,46160,4634.23,36793,3685.65,8929,897.96,5806,580.83,20804,2099.9
905,002536.SZ,20200803,57658,3551.8,62639,3866.51,57781,3567.75,58756,3621.72,28782,1778.21,24918,1537.4,2093,127.88,0,0.0,22453,1394.9
906,300151.SZ,20200803,30735,7154.94,37723,8868.6,44255,10276.55,57804,13559.05,53325,12423.6,61577,14440.01,76308,18181.06,47519,11168.49,-12531,-3055.65
907,600186.SH,20200803,64365,1658.6,52198,1347.48,58642,1512.48,54654,1409.23,43438,1121.01,59592,1535.39,0,0.0,0,0.0,-11932,-303.47
908,600340.SH,20200803,60351,10587.1,70414,12379.25,93759,16460.51,84029,14762.42,70037,12305.71,80689,14161.12,35626,6272.12,24640,4322.64,24489,4348.58
909,603688.SH,20200803,17694,4266.93,23322,5635.12,30978,7481.6,29972,7243.73,35333,8567.53,31616,7654.02,8738,2100.39,7832,1883.58,11086,2707.38
910,002859.SZ,20200803,20985,6078.26,23246,6743.55,24429,7089.53,22001,6377.25,13471,3910.1,15153,4396.85,4755,1380.91,3239,941.14,1740,513.23
911,300474.SZ,20200803,15685,12448.52,18827,14966.78,26532,21112.1,30568,24379.2,29306,23368.89,25599,20362.95,8497,6821.02,5027,4041.6,12374,9943.54
912,300808.SZ,20200803,5813,1193.9,5486,1128.07,9283,1907.55,7525,1545.61,2649,545.19,5073,1042.54,500,102.85,161,33.28,1305,268.97
913,600805.SH,20200803,22400,1002.68,25085,1125.68,31595,1415.78,33796,1515.27,26470,1191.18,21584,968.69,0,0.0,0,0.0,9451,422.72
914,000620.SZ,20200803,46649,1969.33,42563,1800.86,77188,3258.25,87587,3701.27,63185,2669.76,53522,2258.81,9711,413.16,13061,549.56,-24055,-1004.56
915,002798.SZ,20200803,11100,4404.2,10295,4101.89,16593,6614.49,17843,7108.0,8627,3448.56,7004,2800.36,3261,1302.32,4439,1759.33,5204,2082.49
916,002952.SZ,20200803,8769,1608.11,9616,1765.15,9615,1765.49,9379,1720.38,4392,806.43,2951,541.02,30,5.53,860,159.01,4821,886.5
917,300616.SZ,20200803,10450,6909.14,11037,7290.55,10592,6986.05,12388,8168.3,9209,6079.73,8038,5340.31,2638,1763.65,1426,939.42,3196,2124.19
918,600459.SH,20200803,54264,14586.77,65833,17689.38,81400,21865.62,87989,23665.6,75485,20307.74,67852,18258.47,21606,5830.05,11080,2976.73,21473,5812.07
919,600613.SH,20200803,153249,13086.94,100995,8640.15,172342,14726.85,149221,12768.53,93509,7993.19,135455,11570.78,19401,1666.61,52830,4494.12,-8797,-716.18
920,002137.SZ,20200803,98881,8371.12,116350,9884.96,132823,11258.05,133569,11338.72,74223,6311.58,61564,5206.09,13006,1117.64,7451,628.62,-4105,-309.74
921,000882.SZ,20200803,66157,1349.4,69665,1421.98,92100,1878.91,81833,1669.45,62641,1277.99,81197,1656.15,21796,445.28,10000,204.0,14389,300.17
922,002268.SZ,20200803,45296,10265.25,67817,15420.93,76535,17355.19,85321,19386.21,88277,20058.22,81065,18407.76,50512,11565.5,26417,6029.26,53432,12180.29
923,002422.SZ,20200803,53284,12220.32,46612,10704.83,83912,19265.46,96767,22208.18,87743,20126.72,76255,17498.09,36510,8403.61,41814,9605.02,-11462,-2540.0
924,688178.SH,20200803,1855,783.66,2777,1175.52,4621,1955.03,3933,1663.77,2402,1014.76,2168,914.15,0,0.0,0,0.0,1441,608.78
925,002399.SZ,20200803,33913,8380.56,34910,8634.32,38695,9564.16,35568,8792.77,39766,9837.51,35794,8849.12,6985,1729.54,13086,3235.57,-10891,-2681.06
926,002553.SZ,20200803,22303,1606.87,19641,1416.96,22485,1620.28,21565,1554.98,11729,847.17,15311,1102.37,0,0.0,0,0.0,6013,433.68
927,300217.SZ,20200803,107889,2890.29,118230,3167.95,139209,3728.39,140822,3770.19,70615,1893.66,91891,2461.65,38229,1021.95,5000,134.5,66909,1802.92
928,603716.SH,20200803,8498,1476.69,9997,1739.66,15626,2718.09,13458,2338.4,8054,1400.73,6973,1213.29,0,0.0,1750,304.16,7359,1285.02
929,002230.SZ,20200803,85976,32223.46,110717,41528.29,125073,46892.29,130769,49028.84,128203,48065.4,125848,47195.46,89418,33546.6,61336,22975.16,38722,14602.12
930,601699.SH,20200803,48284,3131.31,82718,5372.26,82226,5334.12,100580,6526.83,97254,6314.05,78468,5089.05,43297,2812.87,9296,604.21,69277,4509.08
931,603239.SH,20200803,17339,3018.95,17967,3131.93,26953,4696.28,23393,4075.93,10448,1825.0,12381,2156.87,0,0.0,1000,175.5,-3359,-583.27
932,002361.SZ,20200803,102330,5949.39,203721,12122.53,152484,8954.76,231016,13733.82,148888,8830.78,172634,10279.7,265136,16071.19,61467,3670.07,-282681,-17261.83
933,600345.SH,20200803,11194,2394.8,15723,3366.05,19714,4217.66,19122,4092.84,12349,2642.28,9391,2009.17,2000,431.1,1020,217.78,8291,1779.85
934,601038.SH,20200803,101861,14418.74,116343,16489.49,134325,18988.68,133131,18826.41,79516,11264.36,71408,10104.17,18450,2614.6,13269,1866.31,42086,5963.1
935,300479.SZ,20200803,16425,2801.98,14498,2477.54,16035,2739.47,18856,3220.31,6536,1117.51,6997,1193.61,1355,232.5,0,0.0,9401,1607.47
936,300633.SZ,20200803,12617,4241.19,13194,4439.24,11883,3994.62,12867,4325.05,9327,3140.11,7584,2551.19,3035,1022.63,3216,1083.08,-1993,-661.15
937,600476.SH,20200803,32844,4783.84,45391,6644.34,46472,6778.9,48338,7048.44,31646,4632.35,22495,3282.05,6854,1009.44,1593,229.7,17771,2612.69
938,600630.SH,20200803,21193,1523.68,21901,1575.49,25858,1859.47,24372,1752.53,11812,849.76,12590,904.9,0,0.0,0,0.0,2158,156.77
939,601169.SH,20200803,115010,5578.86,133252,6462.36,178578,8660.42,184094,8931.08,170458,8269.73,176654,8572.4,108654,5273.01,78700,3816.18,-18501,-873.51
940,603978.SH,20200803,11098,2648.15,11900,2842.28,18778,4482.39,19693,4699.01,10444,2492.7,9228,2202.49,501,120.54,0,0.0,2823,682.1
941,600761.SH,20200803,21923,2377.09,16613,1803.49,25472,2762.93,20781,2254.63,14111,1533.51,22141,2401.25,0,0.0,1971,214.16,-13949,-1507.96
942,000625.SZ,20200803,155045,17286.0,197433,22030.29,184298,20563.58,191167,21326.89,132184,14752.69,127592,14232.84,81965,9141.66,37300,4153.92,29405,3332.01
943,001979.SZ,20200803,46937,8076.02,84190,14523.05,78155,13466.19,90454,15605.55,79667,13733.6,61175,10546.72,50579,8762.97,19521,3363.47,-23709,-4049.31
944,002826.SZ,20200803,72246,11701.53,63187,10245.1,80025,12949.14,80212,12998.53,49288,8000.49,63380,10281.34,17299,2811.71,12079,1937.9,4895,957.07
945,300287.SZ,20200803,177155,8005.25,231309,10442.71,302681,13631.49,313329,14119.25,237251,10688.41,250361,11268.22,103530,4670.06,25618,1165.04,209971,9491.46
946,603985.SH,20200803,56864,15655.95,32519,8974.83,62164,17127.61,53344,14715.92,41827,11532.26,63192,17390.86,6477,1796.17,18278,5030.38,-26416,-7238.72
947,000501.SZ,20200803,132021,33773.29,110231,28297.37,189797,48815.61,172611,44351.62,241835,62401.58,269695,69725.31,194359,50726.77,205474,53342.95,-18038,-3528.2
948,300771.SZ,20200803,8116,3164.69,6152,2403.12,7100,2772.27,7537,2941.11,4344,1697.04,6199,2419.6,914,358.69,586,228.85,913,357.69
949,600817.SH,20200803,2306,229.98,1647,164.46,5833,581.37,4987,497.32,3387,337.84,4892,487.4,0,0.0,0,0.0,-2503,-248.37
950,603001.SH,20200803,10456,895.34,9079,778.52,15972,1369.63,14540,1245.37,3506,300.7,6316,541.77,0,0.0,0,0.0,7876,677.46
951,000632.SZ,20200803,31627,1531.53,30588,1483.42,40807,1977.05,35929,1740.96,23260,1127.94,29177,1412.14,0,0.0,0,0.0,-14173,-684.17
952,002149.SZ,20200803,73412,5940.34,60268,4879.01,85533,6916.81,87172,7052.1,50752,4117.25,62248,5043.69,7430,603.01,7439,602.6,71897,5833.54
953,002303.SZ,20200803,159047,8613.56,133672,7245.29,181074,9808.18,191299,10355.34,115175,6243.37,132580,7185.94,40837,2204.97,38582,2083.52,58079,3162.56
954,002434.SZ,20200803,32462,3014.08,27856,2586.95,31728,2945.91,29876,2773.63,22381,2079.06,26819,2490.48,1080,100.12,3100,288.1,-4376,-400.34
955,001872.SZ,20200803,26394,4574.0,27454,4780.2,31167,5410.8,35468,6161.03,32644,5679.05,27241,4714.83,4169,727.73,4211,735.51,20387,3581.15
956,000779.SZ,20200803,10333,1164.95,10693,1207.08,10580,1192.41,12866,1450.43,5466,617.28,4007,451.38,1187,134.25,0,0.0,2612,296.05
957,000933.SZ,20200803,101883,5516.96,128513,6973.17,169362,9169.04,168654,9142.88,173982,9429.42,166158,8993.2,81647,4438.87,63550,3445.03,101771,5546.25
958,002270.SZ,20200803,119285,7717.14,127592,8271.61,131899,8533.79,140108,9065.55,79008,5118.85,70536,4572.41,25928,1697.43,17885,1157.65,32385,2122.5
959,688299.SH,20200803,7936,2360.86,11363,3396.79,17921,5341.77,18352,5472.93,14269,4264.01,11906,3540.35,2292,678.51,797,235.09,6662,1995.47
960,002674.SZ,20200803,17570,2289.53,17273,2253.66,20543,2678.58,22664,2955.83,11917,1554.62,9128,1187.71,0,0.0,965,125.52,-9982,-1297.33
961,600887.SH,20200803,101941,38658.78,122386,46448.24,198916,75462.94,212594,80654.09,221734,84136.6,231821,87964.84,263918,100142.92,219708,83334.08,26724,10325.12
962,688021.SH,20200803,2452,1795.46,3114,2283.93,5794,4223.08,6137,4489.32,5154,3790.32,5765,4233.85,2428,1795.03,812,596.78,3715,2718.99
963,000905.SZ,20200803,36452,2684.02,38947,2871.1,42117,3100.38,43398,3194.23,30343,2234.38,26567,1953.46,0,0.0,0,0.0,13453,997.06
964,002088.SZ,20200803,16769,1673.48,15905,1590.26,20566,2052.99,22616,2258.0,10692,1070.7,6303,629.1,0,0.0,3203,319.82,676,71.4
965,002242.SZ,20200803,28895,11115.02,28608,11010.44,17957,6906.77,16756,6448.28,9213,3544.24,9431,3621.91,1226,472.41,2495,957.8,-10780,-4136.8
966,601865.SH,20200803,61576,14243.13,54826,12700.63,70969,16434.29,72406,16770.29,47750,11047.71,53185,12306.76,13258,3075.52,13137,3022.96,7889,1875.84
967,002373.SZ,20200803,50187,12037.83,84356,20266.91,94108,22582.47,104082,24975.77,110735,26593.31,96629,23209.31,88593,21310.26,58556,14071.88,2220,558.01
968,300037.SZ,20200803,21958,12670.9,27935,16152.07,30017,17371.88,28677,16589.99,19213,11113.66,15476,8945.57,4506,2605.43,3605,2074.25,1588,944.08
969,601996.SH,20200803,49659,1440.25,38165,1108.26,57875,1679.35,59116,1715.42,38211,1109.61,47122,1366.98,4074,118.55,5417,157.09,13582,398.93
970,603536.SH,20200803,16222,2319.22,12194,1744.76,13042,1865.82,15966,2283.5,5933,848.96,6042,863.44,0,0.0,995,142.29,5371,770.38
971,002707.SZ,20200803,102220,10500.21,142386,14685.63,139937,14403.33,143671,14817.15,134438,13892.26,110867,11423.93,55521,5743.38,35191,3612.47,25238,2677.03
972,003816.SZ,20200803,170953,5234.8,183246,5616.28,206140,6313.0,207248,6351.85,140290,4297.4,113164,3466.59,73571,2259.8,87295,2670.28,36522,1142.85
973,300584.SZ,20200803,15591,5264.41,13605,4596.66,17234,5801.62,18487,6259.33,13747,4664.37,16226,5490.41,4304,1473.64,2558,857.64,12983,4421.77
974,600581.SH,20200803,157843,6142.33,208476,8135.14,208778,8130.1,186393,7263.51,167649,6542.56,143413,5576.45,77055,3000.16,73043,2840.05,106399,4167.92
975,601608.SH,20200803,97112,3998.86,139925,5768.18,145684,6004.63,171274,7047.95,163074,6722.24,139311,5744.43,71922,2957.64,27282,1122.81,136626,5648.82
976,000576.SZ,20200803,117848,13341.54,179325,20463.23,166977,18918.84,215966,24554.75,192883,22005.37,144510,16477.92,107671,12446.5,45578,5216.35,72943,8423.27
977,002116.SZ,20200803,26708,2062.59,36370,2822.41,25159,1944.63,26100,2024.23,23274,1810.67,15914,1227.2,6346,494.29,3102,238.35,8674,675.67
978,603076.SH,20200803,5433,1856.77,6099,2086.11,5278,1806.58,4781,1635.92,3143,1073.57,2443,833.93,0,0.0,531,180.97,-4330,-1476.85
979,688026.SH,20200803,3417,3259.9,3412,3264.22,11136,10631.83,10858,10375.69,8504,8119.05,9708,9261.08,1911,1834.88,990,944.67,-733,-698.45
980,000861.SZ,20200803,180463,6897.37,147950,5671.01,185918,7111.53,240162,9199.59,166802,6389.91,174035,6662.2,139668,5367.49,110703,4233.49,18447,766.98
981,002247.SZ,20200803,30589,668.7,36612,802.88,59185,1293.02,51571,1129.11,46355,1021.23,47378,1040.53,27135,599.68,27703,610.12,-15261,-340.06
982,002401.SZ,20200803,32825,5495.46,28633,4799.74,33129,5544.77,35702,5980.09,22856,3831.65,23670,3958.12,2744,460.52,3548,594.45,5284,888.01
983,688157.SH,20200803,4889,5072.87,2396,2482.38,5419,5588.41,6718,6963.23,6000,6198.39,5911,6115.67,1811,1890.34,3094,3188.74,4053,4225.0
984,600684.SH,20200803,19327,715.82,23350,867.42,20854,773.01,25998,963.11,14085,523.32,11117,411.28,6200,229.65,0,0.0,17725,660.76
985,601377.SH,20200803,240030,19904.81,276087,22958.93,394701,32760.05,388735,32314.14,460057,38215.33,410325,34060.29,282769,23509.62,302410,25056.46,22055,2000.79
986,000548.SZ,20200803,20683,861.23,13858,577.47,25143,1047.13,29659,1235.91,13512,563.27,15821,658.25,0,0.0,0,0.0,12767,533.66
987,000702.SZ,20200803,60411,3644.0,44139,2666.44,56221,3393.21,60237,3634.03,25929,1563.73,44815,2703.69,6630,403.22,0,0.0,427,33.09
988,000679.SZ,20200803,8270,323.42,6520,255.15,12822,501.61,9256,361.74,2310,90.32,4627,181.16,0,0.0,3000,117.3,1081,43.42
989,000833.SZ,20200803,39152,1998.99,54085,2765.22,55144,2811.6,62365,3189.92,50788,2604.34,31151,1583.68,9666,493.86,7149,369.96,42062,2175.83
990,002170.SZ,20200803,201288,9427.36,159305,7471.13,207407,9723.26,214977,10071.66,123256,5773.65,154721,7251.12,38000,1782.29,40948,1912.66,-75940,-3517.0
991,002219.SZ,20200803,49975,825.5,39775,658.81,54032,894.25,44249,732.73,11960,198.04,24443,402.16,0,0.0,7500,124.09,-41355,-679.06
992,603179.SH,20200803,19728,4569.99,18361,4278.4,15473,3596.73,23112,5409.89,12181,2873.15,12053,2829.79,9265,2216.32,3121,738.12,13708,3138.66
993,603333.SH,20200803,36597,2696.54,28350,2093.08,36632,2701.59,34084,2515.75,16312,1203.73,27362,2012.47,1749,129.43,1494,109.99,30,9.5
994,688080.SH,20200803,974,805.8,1345,1114.14,2560,2115.16,2356,1951.17,1525,1266.05,1633,1349.15,276,227.45,0,0.0,289,241.1
995,002504.SZ,20200803,81982,2335.96,89733,2552.05,81414,2319.99,113334,3227.87,85811,2446.33,54806,1570.37,13149,376.25,4484,128.24,72573,2074.68
996,002635.SZ,20200803,67347,17516.22,63966,16647.52,94264,24522.45,87882,22864.32,86327,22466.41,89963,23407.06,17892,4653.33,24020,6239.51,1680,469.87
997,002443.SZ,20200803,52205,3743.05,68698,4938.31,61824,4437.6,63367,4551.93,40031,2887.32,35654,2564.98,19169,1385.76,5510,398.52,44524,3217.91
998,300107.SZ,20200803,35666,2202.36,32546,2015.53,49291,3049.3,55455,3430.07,28830,1785.81,28956,1788.7,3170,196.83,0,0.0,11422,713.91
999,600104.SH,20200803,116079,21276.11,155241,28458.68,160669,29466.3,161050,29533.34,127447,23379.42,108996,19992.04,55625,10198.96,34533,6336.75,-23805,-4305.15
1000,603606.SH,20200803,100481,23421.97,74183,17284.04,110771,25771.54,111484,25984.66,85413,19853.6,88563,20620.44,33766,7873.11,56200,13031.09,32468,7566.97
1001,688199.SH,20200803,2457,1539.35,2921,1836.75,5797,3632.28,5352,3356.75,5432,3407.04,4836,3029.39,1042,654.68,1619,1010.45,1994,1249.78
1002,002574.SZ,20200803,38275,1993.31,32256,1683.19,37107,1933.12,40499,2110.62,23261,1214.25,26353,1372.49,2666,139.63,2200,114.0,7021,370.95
1003,300238.SZ,20200803,36699,13744.9,42954,16113.74,54136,20197.06,63269,23698.96,57578,21579.32,61172,22966.55,73559,27947.27,54578,20689.29,-21101,-8116.45
1004,600235.SH,20200803,33920,1867.74,36997,2038.44,41117,2268.39,42959,2367.68,27839,1536.5,25920,1432.41,3000,165.9,0,0.0,16026,885.45
1005,603737.SH,20200803,5342,8584.51,4222,6769.03,4859,7766.1,5496,8820.13,4067,6522.25,4486,7207.75,2317,3763.87,2382,3839.82,1566,2496.57
1006,000050.SZ,20200803,108606,19392.64,187826,33572.94,181099,32322.39,238685,42634.2,215601,38466.01,189024,33702.9,180766,32238.05,70537,12509.05,139519,24941.46
1007,002908.SZ,20200803,29350,4185.07,20710,2958.27,22652,3230.87,25284,3607.82,12960,1853.38,18760,2674.05,865,122.55,1072,151.72,771,119.4
1008,300369.SZ,20200803,26995,6069.49,27762,6261.63,35264,7950.81,42355,9543.02,29280,6613.57,25444,5748.69,13728,3109.72,9706,2190.25,8454,1927.54
1009,688177.SH,20200803,3506,2071.57,2888,1716.49,9774,5792.28,8409,4985.12,7309,4330.32,7109,4203.95,180,107.06,2363,1395.67,1520,904.05
1010,002398.SZ,20200803,64965,6953.5,78911,8433.48,61514,6560.09,69352,7397.61,51412,5479.24,55557,5905.71,36781,3906.59,10852,1162.61,47916,5136.83
1011,002552.SZ,20200803,29370,5021.63,32504,5557.01,35755,6111.26,34312,5860.5,15135,2587.51,13267,2272.39,714,122.67,891,153.16,17894,3069.4
1012,600059.SH,20200803,45689,4517.73,42145,4169.0,47279,4668.27,57378,5669.65,36841,3640.53,42388,4185.45,14306,1414.68,2204,217.1,39205,3898.21
1013,600213.SH,20200803,17539,1356.29,19851,1536.47,22002,1702.23,23278,1801.19,18299,1415.28,13362,1031.79,0,0.0,1350,104.36,11967,928.19
1014,605188.SH,20200803,0,0.0,2961,290.45,0,0.0,0,0.0,836,81.98,0,0.0,2125,208.46,0,0.0,-2961,-290.45
1015,688598.SH,20200803,3102,3091.01,3733,3734.5,6575,6557.91,8571,8571.05,8847,8872.87,7299,7307.65,2545,2548.84,1467,1457.44,3936,3929.84
1016,002973.SZ,20200803,16519,4510.77,19074,5206.8,22625,6173.56,21067,5748.45,8660,2357.93,8856,2413.91,2332,634.01,1140,307.1,7992,2169.74
1017,300637.SZ,20200803,12231,1211.66,15499,1540.6,15126,1500.57,18068,1794.58,10706,1064.54,6635,656.84,3747,376.47,1609,161.22,12291,1220.86
1018,600634.SH,20200803,36484,369.4,23193,235.26,28560,289.01,38851,393.55,5000,51.0,8000,80.6,0,0.0,0,0.0,-11860,-117.93
1019,300768.SZ,20200803,8588,4119.73,13186,6347.04,14213,6824.51,12414,5961.65,11935,5736.99,8309,3978.24,1491,717.62,2318,1111.93,-694,-339.92
1020,600765.SH,20200803,107702,15272.09,144879,20539.24,159092,22487.98,146977,20790.68,122934,17399.27,101185,14309.54,29942,4250.89,26630,3770.77,80241,11403.82
1021,000629.SZ,20200803,112931,2517.69,171157,3818.11,188025,4190.63,185833,4143.28,176524,3941.97,157660,3518.21,105760,2360.91,68590,1531.59,86820,1951.17
1022,600551.SH,20200803,16213,1597.42,22754,2244.38,22294,2197.98,21282,2096.32,12536,1237.98,7007,692.69,0,0.0,0,0.0,6905,686.5
1023,603899.SH,20200803,11587,7487.96,13770,8901.26,10240,6622.96,8109,5243.77,5370,3474.35,5049,3266.24,821,533.11,1091,707.13,-7238,-4673.05
1024,000415.SZ,20200803,129706,4020.43,121822,3777.4,122965,3812.23,109867,3409.37,116093,3599.93,137857,4270.03,10467,323.48,9685,299.27,-37781,-1148.26
1025,300559.SZ,20200803,20147,4320.95,14781,3174.99,20928,4492.13,28032,6022.13,14591,3137.78,9923,2127.32,1319,282.78,4250,909.21,-3306,-704.3
1026,300713.SZ,20200803,16694,2388.36,13644,1954.17,16281,2328.04,15065,2156.68,5739,823.43,10005,1428.98,0,0.0,0,0.0,13081,1872.03
1027,600556.SH,20200803,31004,5961.94,21305,4099.7,38142,7336.53,40854,7862.68,24196,4660.23,33431,6430.07,3583,690.27,1335,256.53,-19133,-3674.79
1028,600710.SH,20200803,68992,3701.0,65723,3537.1,104549,5617.16,93088,5005.72,73797,3968.06,82979,4456.31,29410,1584.59,34959,1871.68,21177,1163.33
1029,600687.SH,20200803,75489,961.75,73709,946.34,100373,1280.7,107218,1369.56,71248,919.16,66183,845.72,0,0.0,0,0.0,41648,534.62
1030,600841.SH,20200803,9419,737.7,12470,977.34,5894,461.92,5714,447.85,5065,398.04,2194,172.47,0,0.0,0,0.0,2891,225.91
1031,000705.SZ,20200803,32059,2568.27,38160,3063.3,38038,3052.09,46637,3744.32,37148,2988.22,29469,2367.28,7021,566.33,0,0.0,16577,1336.24
1032,002042.SZ,20200803,23769,1355.8,21280,1215.59,44985,2564.76,39249,2239.36,19222,1098.15,21051,1200.02,1800,103.14,8196,466.89,-6682,-377.71
1033,000836.SZ,20200803,188439,7134.93,216355,8221.35,240733,9123.25,234807,8906.29,184070,6997.77,161565,6124.79,60861,2313.43,61377,2316.95,44164,1732.62
1034,002173.SZ,20200803,60057,4265.03,57848,4167.03,63981,4555.22,73000,5222.46,68284,4881.84,76036,5437.36,39993,2983.3,25431,1858.54,15063,1135.93
1035,002212.SZ,20200803,26162,6237.06,36179,8645.94,34198,8157.65,39572,9451.11,39306,9386.96,29367,7024.57,20556,4936.81,15105,3596.86,5630,1350.24
1036,600988.SH,20200803,342961,62674.8,257151,47303.6,400672,73333.34,387821,71207.69,326817,59921.05,361427,66019.03,168579,30941.43,232629,42340.29,-44652,-7610.49
1037,688122.SH,20200803,19038,7354.86,21735,8322.45,33365,12773.97,33198,12750.72,38994,14909.6,42522,16254.62,19791,7522.87,13733,5233.52,25477,9729.57
1038,688088.SH,20200803,6567,4818.38,8485,6227.16,17535,12844.55,16671,12237.29,20985,15375.49,19051,13940.97,5867,4312.75,6747,4945.74,7244,5307.26
1039,002463.SZ,20200803,96608,23466.79,107354,26113.68,141296,34327.87,138566,33686.67,114874,27928.81,112208,27256.05,52127,12699.87,46777,11366.94,15405,3803.98
1040,300127.SZ,20200803,35323,6514.1,42967,7923.54,54467,10033.19,53229,9812.37,31967,5888.88,30085,5537.68,5524,1024.61,1000,187.2,32107,5929.16
1041,603626.SH,20200803,89106,14267.63,93663,15008.28,59694,9562.45,54881,8798.27,36612,5837.75,41817,6662.53,14198,2260.41,9249,1459.16,25899,4168.02
1042,002594.SZ,20200803,43099,36765.7,38067,32581.25,88478,75554.0,79575,68030.11,85660,73183.1,85347,72873.14,63068,53932.03,77314,65950.33,-6395,-5239.61
1043,300258.SZ,20200803,15845,2078.53,20839,2737.28,21252,2792.53,22711,2987.95,17435,2299.71,8272,1087.81,1476,194.72,4186,552.46,-9881,-1297.83
1044,300412.SZ,20200803,44980,4842.85,33120,3578.77,57384,6195.63,57402,6193.74,37760,4081.51,42561,4586.4,7486,804.03,14527,1565.1,-25926,-2775.2
1045,600255.SH,20200803,216645,2511.81,116182,1360.68,368380,4275.1,189377,2209.65,249658,2900.36,351765,4078.41,0,0.0,177360,2038.53,206026,2422.29
1046,603757.SH,20200803,7364,1283.45,6056,1057.96,8452,1476.31,8797,1535.48,2619,457.68,3581,624.0,0,0.0,0,0.0,1741,304.93
1047,603496.SH,20200803,11707,2601.17,11876,2649.23,14581,3246.06,14828,3301.31,8953,1996.95,10886,2416.64,2350,522.98,0,0.0,7446,1658.6
1048,603650.SH,20200803,34313,11906.63,48141,16797.85,52525,18277.16,50243,17483.55,34573,12078.43,26334,9156.48,10535,3690.26,7228,2514.6,3991,1481.61
1049,688600.SH,20200803,5337,1512.67,5202,1477.52,9658,2740.39,10106,2869.8,5670,1613.42,5747,1630.94,390,111.77,0,0.0,948,270.63
1050,000012.SZ,20200803,319995,20737.02,373686,24354.03,421465,27337.52,453252,29512.74,417837,27160.62,483168,31406.69,336450,22130.92,185641,12092.62,56603,3716.17
1051,002667.SZ,20200803,18076,1443.28,13177,1054.17,14255,1138.08,17060,1361.94,4455,357.56,6548,522.81,0,0.0,0,0.0,-4087,-325.5
1052,002821.SZ,20200803,8048,17317.99,5208,11229.77,11315,24355.54,12079,26004.73,8134,17505.05,11389,24536.92,10359,22347.7,9180,19754.86,-3783,-8111.03
1053,300282.SZ,20200803,26364,1598.65,22420,1359.94,28192,1709.52,28313,1715.66,9356,568.46,11156,677.24,749,45.24,2771,169.03,9211,559.91
1054,600328.SH,20200803,33566,2823.71,39427,3327.17,57132,4813.44,64638,5447.53,48574,4098.38,49559,4179.41,21002,1782.28,6650,563.71,23994,2045.73
1055,600727.SH,20200803,32765,2415.23,32884,2426.27,32536,2398.87,36618,2699.41,17283,1276.29,13608,1003.89,2801,206.56,2274,167.37,12311,912.85
1056,600858.SH,20200803,25239,1899.05,20994,1586.7,26465,1995.08,23283,1755.9,11838,894.21,19266,1445.74,0,0.0,0,0.0,-5834,-434.21
1057,603042.SH,20200803,17617,3177.46,19937,3597.89,22966,4142.44,23378,4216.24,13722,2475.96,12738,2297.43,3678,663.4,1930,347.69,9284,1682.08
1058,000673.SZ,20200803,59624,790.57,62114,824.19,74987,994.85,64473,854.77,25030,332.62,39312,522.32,6258,83.23,0,0.0,-19363,-252.91
1059,002059.SZ,20200803,57666,3521.9,50663,3097.52,56104,3429.97,54981,3359.69,23552,1440.52,34082,2081.79,2707,165.07,303,18.45,-7367,-437.69
1060,300747.SZ,20200803,4519,4903.72,5115,5551.01,7949,8628.89,7653,8306.16,7929,8614.91,7012,7618.65,3253,3535.45,3870,4207.17,2088,2288.02
1061,600744.SH,20200803,49164,1277.02,42530,1106.26,46259,1202.47,52264,1359.83,26615,692.28,36665,952.35,19421,505.94,10000,259.27,21783,571.76
1062,000608.SZ,20200803,17214,798.06,10816,502.09,16806,779.24,14122,656.05,4623,214.51,11140,515.22,4244,196.92,6809,315.38,-9647,-445.37
1063,600875.SH,20200803,138438,14720.89,134544,14332.95,197272,20978.31,174719,18590.72,143326,15252.77,144891,15411.59,48272,5141.73,73153,7758.44,34804,3753.14
1064,603108.SH,20200803,52767,7908.28,48470,7249.77,55079,8251.0,56063,8385.36,53118,7944.64,47974,7191.54,17982,2693.29,26438,3970.55,52793,7938.71
1065,000690.SZ,20200803,212301,14469.19,168343,11466.84,169718,11515.09,182266,12361.06,150473,10209.14,193612,13143.17,59722,4055.94,47994,3278.29,40462,2753.3
1066,000739.SZ,20200803,63366,15524.86,57701,14158.67,72441,17756.83,66165,16225.61,46387,11420.42,65722,16162.27,20771,5130.77,13375,3286.33,45162,11104.2
1067,002076.SZ,20200803,16339,464.99,40203,1152.07,32228,920.1,44612,1275.99,34997,1003.98,31086,891.34,32337,930.33,0,0.0,46237,1326.41
1068,300139.SZ,20200803,63351,5523.52,56960,4973.96,80615,7028.56,89764,7827.78,52338,4565.79,52838,4601.08,3259,284.95,0,0.0,34520,3017.69
1069,600136.SH,20200803,23385,2030.68,32378,2815.14,40510,3519.94,37768,3282.09,36896,3209.28,27979,2432.06,1547,135.36,4214,365.96,7801,681.98
1070,603638.SH,20200803,11640,7080.09,10363,6300.76,10321,6289.85,10149,6172.4,5362,3260.91,5286,3222.11,1371,846.17,2895,1781.75,5754,3538.84
1071,002760.SZ,20200803,5236,1185.92,5566,1260.42,8196,1853.99,7472,1691.15,2326,527.56,2720,615.89,0,0.0,0,0.0,4554,1033.76
1072,002809.SZ,20200803,21300,3018.46,26110,3711.93,30414,4323.31,29618,4205.77,17676,2504.68,16878,2384.5,4046,573.7,831,117.95,20460,2891.09
1073,300025.SZ,20200803,41210,2053.31,45394,2267.96,52012,2594.96,54432,2716.9,44323,2216.56,32612,1625.69,7447,372.84,12555,627.13,14955,755.08
1074,600022.SH,20200803,162118,2237.14,133918,1846.57,233280,3217.62,169234,2335.28,279384,3851.53,183463,2528.95,57803,795.68,245969,3391.17,-87684,-1194.92
1075,002492.SZ,20200803,60473,3753.96,65142,4053.38,65998,4099.38,75608,4697.03,40914,2543.74,33955,2105.73,12786,800.42,5465,341.36,43472,2707.28
1076,300156.SZ,20200803,34358,45.76,34554,45.37,36638,47.63,36442,48.02,0,0.0,0,0.0,0,0.0,0,0.0,-29308,-37.09
1077,300310.SZ,20200803,104779,6513.56,126447,7861.71,151962,9439.13,165503,10284.57,125434,7791.0,102776,6388.67,36279,2266.1,23726,1474.83,43537,2722.05
1078,600153.SH,20200803,73510,6966.52,86349,8186.24,90062,8537.18,88587,8397.22,55652,5279.87,64237,6091.68,32178,3052.88,12229,1161.31,13632,1304.91
1079,601000.SH,20200803,111281,2749.33,147266,3640.28,141842,3499.65,172330,4262.39,181245,4477.93,137387,3401.03,76765,1907.49,54149,1330.71,109921,2741.53
1080,603655.SH,20200803,6133,1753.98,6009,1719.8,6317,1808.0,7729,2211.98,5053,1448.17,3765,1078.37,0,0.0,0,0.0,1817,522.7
1081,000017.SZ,20200803,29026,811.68,25093,704.43,25230,705.85,33460,937.58,14532,409.83,15373,429.88,5138,144.53,0,0.0,2126,63.75
1082,300686.SZ,20200803,26696,6005.09,26542,5972.26,30101,6775.18,29527,6649.68,17171,3870.53,17750,3991.38,5646,1273.51,5795,1310.99,1443,338.66
1083,300840.SZ,20200803,51757,11736.86,45556,10398.17,69654,15841.0,68333,15589.35,72084,16469.06,70524,16069.45,18730,4301.27,27812,6291.22,-3399,-691.56
1084,600683.SH,20200803,22086,959.01,21099,917.73,21345,927.86,22276,966.81,13142,572.77,15751,686.16,2553,111.06,0,0.0,12860,561.56
1085,000547.SZ,20200803,110736,21010.23,224432,42757.83,223893,42503.18,294219,56083.23,269466,51118.01,254943,48456.94,299642,57701.62,130143,25035.04,149053,28013.31
1086,300441.SZ,20200803,21935,2193.09,20245,2024.01,42751,4271.4,41685,4169.99,28292,2832.08,29178,2916.95,15180,1521.92,17049,1707.54,8920,902.94
1087,600284.SH,20200803,26403,1771.12,33226,2231.71,41402,2777.28,38678,2596.34,33358,2242.43,31009,2080.22,8157,547.8,6407,430.36,12303,831.83
1088,603786.SH,20200803,4306,3472.41,5779,4672.02,4138,3335.76,4224,3409.49,2410,1942.81,1225,989.1,1774,1444.17,1400,1124.54,-3725,-3014.18
1089,002957.SZ,20200803,5486,1421.54,6454,1673.75,6553,1698.77,6952,1801.47,3457,896.51,1549,401.52,859,222.56,1400,362.65,2859,742.52
1090,300572.SZ,20200803,8051,5747.27,10362,7405.9,11047,7891.76,9638,6881.41,8691,6209.57,7916,5658.04,2269,1625.33,2142,1528.57,-8343,-5951.66
1091,600618.SH,20200803,73995,6540.58,76401,6790.17,103678,9174.68,103013,9120.63,60784,5397.87,57123,5047.37,5056,452.22,6975,607.18,9780,873.2
1092,600749.SH,20200803,2537,314.84,6288,780.3,3989,495.03,5201,645.42,4149,514.89,6984,866.71,13177,1635.21,5379,667.53,-19700,-2444.78
1093,600903.SH,20200803,39729,4502.38,50633,5746.1,48474,5499.39,47859,5427.18,32794,3722.29,24046,2726.09,2616,296.59,1076,121.29,24927,2835.7
1094,000564.SZ,20200803,556591,24507.9,610267,26974.93,596568,26283.32,575295,25389.33,353827,15605.29,351056,15416.47,133527,5949.65,103895,4565.43,139019,6274.96
1095,002104.SZ,20200803,124340,13757.51,110412,12246.83,195563,21658.13,183651,20357.11,171150,18972.35,173808,19255.18,43443,4804.06,66625,7332.93,-4884,-478.66
1096,002634.SZ,20200803,45855,4359.05,43602,4146.8,60163,5697.47,59592,5643.38,37579,3562.92,34351,3250.19,5276,491.42,11327,1070.48,12544,1188.93
1097,300095.SZ,20200803,52417,5862.57,64088,7166.79,62389,6959.9,78876,8827.3,56694,6354.61,55725,6287.56,30520,3484.6,3331,380.03,33312,3831.35
1098,002765.SZ,20200803,37266,2048.71,40910,2252.19,32400,1781.64,27863,1530.91,10253,563.3,13692,751.14,2546,140.59,0,0.0,-1685,-86.86
1099,000910.SZ,20200803,23560,3958.11,23423,3944.48,38200,6434.63,35901,6043.37,25157,4234.26,29518,4963.99,5891,990.43,3965,665.59,-2575,-428.94
1100,002093.SZ,20200803,45323,4198.46,59124,5481.18,64430,5970.34,68304,6330.21,59434,5512.92,43573,4038.14,10720,993.55,8907,825.74,9463,887.35
1101,601919.SH,20200803,202231,9557.88,263334,12441.34,317967,15001.66,339688,16043.32,323917,15260.84,433946,20486.78,354698,16805.73,161844,7654.67,136826,6408.24
1102,603256.SH,20200803,25847,3587.6,23214,3228.54,28779,3996.71,25936,3602.81,12396,1722.99,14015,1941.26,0,0.0,3857,534.7,4010,561.3
1103,000887.SZ,20200803,124701,12553.75,194956,19603.95,207316,20779.31,275075,27646.3,230668,23097.2,199760,20105.54,162493,16544.72,55387,5619.19,221550,22495.88
1104,300042.SZ,20200803,58881,12605.07,43811,9431.13,91204,19558.68,85533,18381.33,62180,13389.14,74851,16032.63,9008,1932.77,17077,3640.56,-20552,-4334.55
1105,603387.SH,20200803,14070,5773.47,15503,6371.54,17889,7347.18,15211,6254.49,14818,6095.58,13797,5667.69,3451,1420.61,5717,2343.12,1466,616.74
1106,002558.SZ,20200803,45357,9761.25,49731,10721.95,65198,14031.93,62569,13481.33,70636,15242.29,67074,14463.07,29692,6408.98,31509,6778.09,13491,2968.52
1107,002712.SZ,20200803,21266,1802.06,48394,4151.29,61407,5198.6,91555,7869.47,62430,5363.33,68050,5890.88,84692,7481.57,21796,1933.93,-29829,-2643.57
1108,300173.SZ,20200803,31472,2550.5,24553,1996.34,41851,3394.65,40558,3293.85,19920,1620.14,26387,2139.81,6606,538.63,8352,673.91,-12376,-1000.28
1109,600170.SH,20200803,80665,2529.6,104115,3265.95,120109,3767.05,102313,3209.49,84723,2657.35,97555,3058.78,41514,1301.84,23028,721.61,-13483,-412.87
1110,601727.SH,20200803,178247,10362.91,391365,22861.07,280383,16327.5,409007,23861.34,332505,19338.58,275016,16013.38,431326,25339.96,147073,8633.17,418132,24575.93
1111,300789.SZ,20200803,1454,886.85,1253,765.52,1236,754.52,1459,890.61,572,350.25,792,483.76,244,149.51,2,1.23,110,67.06
1112,600219.SH,20200803,293293,7007.43,289834,6928.8,332801,7946.06,402087,9611.18,375179,8964.46,385433,9203.55,387555,9268.27,311475,7442.69,232324,5621.83
1113,000034.SZ,20200803,43943,10488.7,45615,10897.27,74410,17768.62,72868,17399.38,73852,17636.41,66212,15810.27,16958,4053.53,24469,5840.34,-2120,-473.34
1114,002689.SZ,20200803,78830,2935.76,100132,3732.36,79740,2966.29,87001,3236.66,51311,1913.36,42851,1596.66,23837,889.19,3735,138.93,63701,2383.33
1115,002843.SZ,20200803,17773,1562.44,16934,1491.62,22695,2000.17,18663,1642.25,3298,290.62,8170,719.36,0,0.0,0,0.0,7547,665.18
1116,300507.SZ,20200803,28795,3540.63,33345,4106.35,32793,4034.82,28322,3483.41,15034,1851.38,16153,1981.7,2167,264.46,969,119.83,13500,1663.78
1117,688599.SH,20200803,44919,7873.18,75669,13299.84,123584,21659.17,136767,24005.19,124557,21899.68,109639,19252.2,51057,8994.1,22043,3868.89,42487,7491.17
1118,300638.SZ,20200803,17441,12744.28,16212,11903.6,26810,19616.79,27413,20111.22,27800,20356.75,36303,26555.75,32420,23815.14,24544,17962.4,9498,6896.78
1119,600635.SH,20200803,79444,3995.91,100360,5055.11,123872,6230.26,140068,7051.71,132611,6679.66,113247,5696.63,73300,3686.8,55552,2789.17,60250,3049.7
1120,601328.SH,20200803,317033,15104.98,256717,12228.38,578780,27574.01,468969,22349.51,586600,27954.46,484683,23100.38,490473,23372.4,762517,36327.58,-475828,-22592.64
1121,300769.SZ,20200803,3814,3816.54,4819,4871.6,5560,5599.81,4761,4807.8,4389,4448.82,4145,4171.99,1578,1613.55,1616,1627.33,3637,3663.51
1122,600766.SH,20200803,68131,5437.34,46492,3712.29,69963,5588.05,67552,5393.89,28281,2259.63,43528,3475.17,4210,338.36,13013,1042.05,-20690,-1640.78
1123,300817.SZ,20200803,16430,4940.23,24018,7236.0,25356,7630.14,28744,8660.59,17412,5268.16,11539,3515.59,8043,2483.97,2940,910.32,8588,2531.38
1124,600814.SH,20200803,51268,3604.8,53138,3753.8,62908,4430.68,58187,4103.35,38273,2708.74,43124,3031.08,2000,144.0,0,0.0,6492,471.4
1125,002015.SZ,20200803,42753,2408.18,39957,2252.29,47841,2695.47,47919,2699.77,26997,1520.62,28580,1608.83,9059,511.74,10194,575.13,20885,1180.87
1126,600897.SH,20200803,5952,1065.24,6680,1197.33,6551,1174.02,6607,1183.97,3568,640.24,2784,498.2,0,0.0,0,0.0,1649,297.89
1127,603081.SH,20200803,11052,1336.76,10958,1326.13,15120,1828.99,14491,1753.39,5409,655.57,6133,741.8,0,0.0,0,0.0,1238,151.38
1128,000915.SZ,20200803,15804,5006.32,15047,4775.48,15689,4973.83,15235,4833.19,11054,3506.17,12435,3936.72,4330,1375.68,4160,1316.6,1053,336.2
1129,002098.SZ,20200803,19368,1091.77,18644,1050.93,19250,1085.56,16824,948.43,3802,214.25,10591,596.58,3639,204.37,0,0.0,5792,327.85
1130,002252.SZ,20200803,266171,27514.33,246940,25575.81,383507,39681.62,366063,37884.39,368349,38137.43,404275,41840.17,220065,22797.46,220815,22830.48,-64687,-6501.12
1131,002383.SZ,20200803,23762,2606.07,60525,6744.31,53081,5833.85,69508,7741.26,45582,5047.52,46631,5184.99,66509,7528.3,12270,1345.19,-2954,-456.16
1132,300047.SZ,20200803,54519,4584.12,58336,4912.83,91212,7673.01,89477,7532.17,69514,5856.7,58249,4901.53,10696,902.24,19879,1669.54,27255,2308.72
1133,300201.SZ,20200803,91938,3717.89,80558,3260.9,121506,4918.5,106892,4334.0,70485,2858.3,81566,3301.3,2805,117.04,17718,715.52,22437,925.99
1134,603700.SH,20200803,9138,2715.44,8620,2562.38,9547,2836.49,10808,3211.97,6640,1974.12,5550,1648.99,363,108.6,711,211.3,1678,499.75
1135,002717.SZ,20200803,118164,5348.57,180326,8186.22,220124,9971.43,239471,10861.23,214525,9733.65,165777,7512.94,72843,3321.03,40081,1814.29,109062,5002.55
1136,600125.SH,20200803,56383,3344.22,59064,3505.56,62879,3731.08,58037,3443.96,48280,2866.68,41165,2443.14,1797,106.92,11073,656.23,14977,898.36
1137,002595.SZ,20200803,16330,3576.98,17092,3741.44,11577,2534.28,11883,2604.39,9510,2082.77,8502,1861.4,1265,278.29,1205,265.1,-1416,-298.21
1138,300259.SZ,20200803,63050,3271.07,80127,4157.42,86054,4464.09,75792,3933.04,50598,2626.1,39955,2074.12,2966,153.38,6794,350.06,21394,1106.01
1139,601808.SH,20200803,46662,6481.78,62991,8755.64,64810,9004.2,56627,7871.37,40104,5574.73,36318,5047.32,12452,1735.13,8092,1121.52,-15414,-2129.15
1140,000776.SZ,20200803,133072,21063.3,185672,29462.33,259056,41031.75,271885,43110.02,288300,45678.63,247527,39221.09,198358,31527.28,173703,27507.51,44575,7228.5
1141,000930.SZ,20200803,126190,10298.37,141162,11532.12,176849,14438.73,206336,16846.34,150708,12308.71,131960,10767.3,44384,3624.23,18673,1524.28,23343,1942.46
1142,002316.SZ,20200803,45210,3170.76,52414,3678.06,45888,3219.42,50008,3507.93,31536,2218.41,27636,1943.55,8936,627.39,1512,106.44,9792,689.82
1143,601890.SH,20200803,252367,17622.31,315569,22057.82,269340,18776.53,265761,18543.34,214405,14966.59,184714,12884.26,68326,4784.84,38394,2664.85,214012,14903.6
1144,601939.SH,20200803,263572,16153.27,191200,11717.62,277352,16993.64,240100,14719.76,248081,15203.31,321087,19676.39,250069,15329.32,286687,17565.77,-119900,-7299.65
1145,002447.SZ,20200803,95456,2140.33,81478,1830.1,120403,2702.82,134225,3007.6,139472,3129.55,131150,2942.52,25510,572.54,33989,765.02,-30504,-666.47
1146,002601.SZ,20200803,246380,53347.08,185469,40389.47,298796,64755.27,253942,55185.79,286183,61924.65,321531,69470.63,183066,39297.88,253484,54279.0,-68257,-14755.52
1147,300062.SZ,20200803,47623,2775.97,44637,2606.79,38265,2234.12,55601,3246.32,22869,1338.77,17818,1042.52,13500,792.95,4201,246.18,40311,2360.1
1148,300736.SZ,20200803,27630,2992.44,24520,2669.37,30301,3276.65,19054,2071.55,25993,2800.13,19787,2156.0,14497,1578.23,35059,3750.54,8480,911.54
1149,600579.SH,20200803,34913,2065.05,26107,1544.9,32695,1934.43,32815,1942.28,14610,865.44,23296,1377.74,0,0.0,0,0.0,3410,203.53
1150,600733.SH,20200803,63423,4365.26,78611,5426.68,90355,6225.06,95790,6604.16,81256,5605.35,81439,5604.1,30146,2082.14,9340,642.86,9220,664.18
1151,600864.SH,20200803,114228,8546.41,143583,10765.88,152538,11423.05,172653,12935.69,167879,12579.51,139385,10433.05,43389,3262.53,22413,1676.88,-11123,-771.73
1152,300413.SZ,20200803,30310,21015.5,34241,23748.84,35909,24894.26,39027,27066.6,30793,21283.57,25142,17386.02,12095,8375.36,10696,7367.21,3692,2637.62
1153,600256.SH,20200803,88108,2602.66,95709,2826.5,110687,3267.98,103376,3055.31,119394,3526.54,81339,2402.33,31944,943.94,69710,2056.99,-5474,-146.16
1154,600410.SH,20200803,140262,20878.89,154450,23022.56,223210,33237.69,208079,31006.17,165845,24717.41,163328,24318.42,68509,10223.93,71969,10710.77,1951,357.08
1155,603758.SH,20200803,15015,1296.33,14226,1228.65,17888,1543.57,14183,1223.87,5166,445.13,8010,690.62,0,0.0,1650,141.9,-4107,-352.52
1156,603912.SH,20200803,11074,2361.37,13980,2981.86,13810,2946.03,12253,2611.89,9001,1918.26,7593,1619.16,600,128.4,659,141.16,1350,287.81
1157,002880.SZ,20200803,9177,6345.96,12308,8542.16,12128,8402.57,12239,8473.55,8383,5817.15,5925,4098.15,1135,792.5,350,244.34,-765,-510.05
1158,002929.SZ,20200803,9245,2788.06,10679,3223.62,15246,4600.54,12802,3861.66,8219,2481.77,8055,2433.31,381,114.76,1555,466.54,2916,881.05
1159,600387.SH,20200803,23609,1903.49,24119,1946.54,32599,2630.35,34931,2818.15,23074,1862.56,20259,1634.41,1305,105.57,1278,102.88,8907,716.95
1160,603889.SH,20200803,25597,1452.48,18882,1072.08,27176,1542.18,26887,1526.76,8757,497.32,15848,898.66,2022,114.85,1935,109.33,-12914,-730.67
1161,002350.SZ,20200803,48205,2769.15,56583,3256.82,70585,4059.9,64199,3691.04,44312,2550.2,42929,2467.59,4487,259.5,3877,223.3,36832,2131.5
1162,300014.SZ,20200803,59575,35895.54,44463,26823.27,109020,65720.03,95657,57685.31,112989,68134.73,107623,64886.94,58889,35537.96,92731,55892.74,-11634,-6878.81
1163,600011.SH,20200803,68859,3244.23,78686,3705.95,76418,3599.89,78333,3689.23,63592,2993.56,49575,2335.89,8321,392.5,10597,499.12,5126,249.67
1164,603359.SH,20200803,14209,2728.88,14919,2868.42,13071,2510.03,13274,2548.3,9281,1783.43,6964,1336.47,596,114.25,2000,383.4,4603,882.26
1165,688309.SH,20200803,3501,1911.68,4073,2231.2,9047,4951.57,7796,4265.28,5298,2898.62,5138,2808.01,192,105.8,1031,563.17,2417,1329.49
1166,000821.SZ,20200803,108680,7565.68,94602,6597.73,135527,9429.16,113436,7895.02,87276,6080.24,114419,7952.21,11507,801.87,20532,1431.98,17264,1267.16
1167,002207.SZ,20200803,16232,1215.36,16820,1258.67,19156,1431.34,16283,1216.52,6133,458.84,8418,630.34,0,0.0,0,0.0,9007,674.13
1168,603167.SH,20200803,40555,3633.38,37886,3396.17,37193,3331.37,42677,3827.98,36764,3288.11,32643,2916.4,8391,749.95,9697,862.26,18399,1666.19
1169,603321.SH,20200803,28033,2231.69,26646,2123.86,27256,2171.87,30623,2439.32,10245,817.54,10162,809.64,1897,151.71,0,0.0,2871,232.85
1170,000798.SZ,20200803,23051,2039.18,23306,2069.04,35790,3170.02,36794,3263.16,25665,2284.52,29780,2647.77,20668,1851.26,15294,1365.02,-12432,-1113.51
1171,000952.SZ,20200803,32322,3103.52,27724,2666.78,40653,3903.76,44314,4256.88,30740,2957.1,24902,2389.98,1205,116.72,7981,767.45,7868,762.28
1172,002338.SZ,20200803,38483,11444.7,44511,13262.34,44949,13374.68,47356,14080.11,33414,9968.33,25942,7732.16,4159,1234.95,3196,948.04,7881,2372.03
1173,603298.SH,20200803,20853,2657.49,22814,2910.66,25904,3302.88,26116,3330.0,15485,1974.39,10632,1353.14,0,0.0,2680,340.96,350,51.49
1174,002319.SZ,20200803,16049,1073.56,10826,724.19,21146,1414.88,19605,1311.96,31144,2082.79,33692,2253.17,66733,4458.5,70948,4740.41,89442,5977.18
1175,603279.SH,20200803,12846,2681.22,12257,2560.73,17617,3678.46,15290,3195.72,12941,2707.51,15153,3162.7,4996,1049.94,5700,1197.98,-7116,-1477.26
1176,688180.SH,20200803,15074,19976.88,15756,21087.49,44846,59844.28,40072,53764.39,44576,59669.53,44408,59304.69,14963,20117.25,19224,25451.37,1084,1708.68
1177,300065.SZ,20200803,27574,4520.95,29638,4868.57,37188,6095.91,37487,6154.22,31762,5216.02,37042,6070.99,12423,2051.08,4781,790.18,23754,3913.1
1178,600062.SH,20200803,61454,9096.74,59507,8824.9,101128,14984.08,87101,12913.48,85817,12732.88,90134,13354.03,18301,2719.98,29958,4441.26,-22342,-3288.7
1179,002735.SZ,20200803,4245,1271.03,4735,1422.45,6357,1905.55,4730,1416.98,2755,828.3,3397,1019.28,0,0.0,496,146.17,162,46.17
1180,300196.SZ,20200803,27364,4033.47,31208,4606.68,32471,4775.88,39110,5767.6,24689,3642.13,24009,3526.21,13844,2041.48,4041,592.47,-5986,-882.12
1181,300350.SZ,20200803,44165,1873.83,40744,1729.94,45070,1915.7,44149,1874.06,26456,1123.57,24698,1047.41,2635,114.1,8735,375.78,33922,1453.69
1182,600193.SH,20200803,4600,227.02,5617,277.89,9179,454.26,10584,524.66,5465,270.39,3043,149.12,0,0.0,0,0.0,2679,133.46
1183,002866.SZ,20200803,86360,19398.58,77454,17396.98,109310,24589.64,105347,23644.49,85259,19210.31,71175,16055.49,19645,4417.31,46598,10518.88,-11001,-2370.83
1184,600056.SH,20200803,118712,19786.93,140242,23426.26,224238,37391.8,205894,34348.42,250545,41816.93,221565,36934.31,80836,13492.59,106629,17779.26,30599,5274.27
1185,600210.SH,20200803,38489,1822.77,37831,1794.25,65762,3115.74,55106,2612.56,58755,2781.86,46428,2199.79,10407,492.02,34047,1605.79,27658,1306.48
1186,603558.SH,20200803,20181,1879.8,15152,1412.0,17194,1597.62,17941,1670.78,6613,617.43,10895,1012.06,0,0.0,0,0.0,8966,838.16
1187,300168.SZ,20200803,36797,9970.65,51951,14105.35,73015,19793.72,75005,20355.55,80203,21762.0,78254,21244.21,46769,12729.08,31574,8550.34,27749,7563.69
1188,300322.SZ,20200803,23859,3980.11,31254,5223.29,36374,6067.19,38358,6403.24,30121,5031.03,25638,4273.78,11971,1998.93,7076,1176.95,12935,2165.82
1189,300338.SZ,20200803,23767,2101.93,14639,1296.4,28764,2543.18,20984,1859.89,11981,1060.75,24446,2154.51,0,0.0,4443,395.05,-5319,-463.26
1190,600335.SH,20200803,56459,2875.77,53316,2721.49,55450,2824.0,55383,2823.1,32801,1680.94,31394,1598.82,5136,264.6,9753,501.9,36173,1845.64
1191,601028.SH,20200803,25053,2880.79,23400,2693.98,18757,2155.45,17558,2018.35,11043,1270.37,10955,1258.13,0,0.0,2940,336.14,1882,221.49
1192,000150.SZ,20200803,64767,2475.37,73503,2811.56,71417,2730.68,64115,2450.17,36202,1381.61,37380,1425.33,9567,365.76,6955,266.36,36806,1405.13
1193,300469.SZ,20200803,33089,4035.9,31896,3896.14,40079,4892.75,42274,5158.2,26904,3287.39,25866,3157.25,2928,358.21,2965,362.66,-7362,-891.07
1194,300623.SZ,20200803,34508,10050.16,38790,11304.08,47459,13824.23,46200,13461.58,35685,10385.49,29718,8652.05,7549,2202.33,10493,3044.51,-4820,-1374.94
1195,600466.SH,20200803,93379,5068.57,73624,3997.1,97140,5272.97,96525,5239.61,70968,3854.05,77756,4221.98,21326,1157.85,34909,1894.76,1954,122.56
1196,600620.SH,20200803,20495,1733.25,16781,1421.98,27205,2301.09,31594,2676.2,26596,2252.43,29852,2526.92,15812,1344.94,11882,1006.61,5092,437.66
1197,603968.SH,20200803,22840,4109.28,24245,4364.16,28404,5115.67,22181,3994.25,8260,1485.79,13078,2352.32,0,0.0,0,0.0,-17100,-3071.22
1198,600597.SH,20200803,85097,16297.38,71445,13715.4,119101,22821.8,98216,18836.22,86817,16662.37,94081,18024.5,31289,6017.43,58562,11222.85,2484,512.61
1199,600751.SH,20200803,151139,4959.01,183243,6023.75,183928,6034.54,170305,5594.5,144501,4749.54,169291,5549.28,61040,2010.02,17769,585.57,71798,2367.55
1200,688311.SH,20200803,10827,15683.41,11941,17396.06,41716,60473.26,41892,60800.87,53115,77026.33,50705,73391.98,21229,30772.98,22351,32367.07,5537,8431.0
1201,002378.SZ,20200803,94402,5185.25,103698,5706.84,129688,7127.22,131468,7227.38,84850,4670.75,89399,4913.57,22234,1228.6,6609,364.04,9026,510.41
1202,002532.SZ,20200803,43915,3782.73,54462,4697.64,61109,5270.03,74909,6458.18,59771,5156.93,36776,3170.53,7577,652.45,6225,535.8,16008,1399.57
1203,600039.SH,20200803,79192,3429.51,77864,3370.53,80938,3505.59,84137,3644.94,67162,2911.54,47452,2056.97,8918,386.15,26757,1160.34,10559,468.12
1204,688288.SH,20200803,3314,1734.31,4403,2310.27,9228,4840.52,9416,4936.52,6853,3594.89,5627,2949.51,250,132.98,200,106.4,2454,1291.68
1205,002663.SZ,20200803,75719,1789.93,81327,1924.39,95777,2264.5,87069,2057.91,54254,1284.34,86368,2042.68,36680,867.13,7666,180.92,37493,894.48
1206,300327.SZ,20200803,54156,20291.52,41835,15702.61,93675,35126.98,63520,23838.13,64153,24079.98,72152,27086.36,38837,14565.33,73314,27436.72,20028,7558.6
1207,603826.SH,20200803,8836,2575.71,10415,3038.64,7144,2084.55,8382,2444.02,4807,1402.33,3046,888.81,1875,548.12,820,239.25,-4319,-1257.37
1208,300458.SZ,20200803,34567,14350.67,39278,16372.98,70597,29334.13,68823,28622.49,68445,28494.08,66255,27514.66,20649,8583.31,19902,8252.06,-7993,-3232.26
1209,300612.SZ,20200803,13454,6122.17,11493,5234.5,21304,9703.32,19130,8708.97,15203,6933.84,17542,8004.24,6385,2938.4,8181,3750.02,3017,1394.2
1210,600455.SH,20200803,10659,2725.27,10528,2696.64,10890,2789.24,13361,3423.61,6682,1717.52,3542,906.92,0,0.0,800,204.86,-451,-117.24
1211,300589.SZ,20200803,24375,3581.36,34135,5063.83,29054,4258.52,40834,6064.55,19084,2824.51,17354,2545.7,20991,3183.69,1181,174.0,9925,1423.11
1212,300743.SZ,20200803,6311,1089.19,5070,876.06,4718,814.94,5827,1006.37,1902,328.5,2034,350.2,0,0.0,0,0.0,934,162.69
1213,300096.SZ,20200803,185862,19224.36,122289,12688.23,219851,22778.48,196150,20343.3,144770,15039.09,160196,16650.65,24567,2559.34,96415,9919.09,-32435,-3286.55
1214,300250.SZ,20200803,17165,2402.22,14686,2057.42,19993,2799.36,22655,3174.37,9990,1400.3,11674,1630.65,1867,260.57,0,0.0,5700,802.9
1215,600093.SH,20200803,89354,12507.11,104284,14658.84,151531,21235.79,146511,20559.76,130539,18314.27,115162,16111.46,27475,3869.44,32941,4596.55,-27610,-3815.19
1216,603595.SH,20200803,7077,2262.18,6175,1976.48,8550,2733.48,8080,2583.65,4923,1574.8,4364,1395.04,0,0.0,1931,615.28,-358,-112.6
1217,002766.SZ,20200803,14834,490.36,11488,380.05,12823,423.69,15634,517.62,6386,212.17,6097,201.54,3376,110.73,4200,137.76,4305,143.29
1218,002920.SZ,20200803,14347,10307.69,13317,9571.28,12624,9069.39,14096,10129.7,10274,7387.11,10026,7201.67,3829,2760.19,3635,2621.74,140,118.59
1219,300381.SZ,20200803,40208,6307.05,43127,6774.34,74730,11735.59,53218,8353.3,46535,7308.2,47963,7531.22,9705,1522.7,26871,4214.68,10273,1635.49
1220,002050.SZ,20200803,112720,26750.95,124123,29534.26,135732,32285.66,147261,35003.36,138045,32732.58,112571,26715.69,36816,8831.63,39358,9347.5,-7067,-1561.23
1221,600980.SH,20200803,28777,4438.1,34247,5290.81,46070,7110.03,46060,7107.15,23997,3702.5,20302,3125.3,1765,272.63,0,0.0,3623,575.43
1222,603059.SH,20200803,6708,2329.88,5270,1833.88,4461,1555.43,5950,2068.86,2466,855.63,2416,838.2,0,0.0,0,0.0,-1652,-575.72
1223,688009.SH,20200803,83911,5410.19,128742,8319.84,207328,13373.85,209853,13543.65,291175,18799.76,243818,15720.32,0,0.0,0,0.0,103781,6733.32
1224,002181.SZ,20200803,28511,1492.67,32411,1697.75,36951,1932.72,40673,2128.94,19075,998.23,14361,750.48,2908,153.54,0,0.0,18035,947.81
1225,000975.SZ,20200803,136430,25260.26,129627,24088.79,167657,31079.05,153793,28545.81,148076,27455.05,163742,30280.41,64021,11864.39,69022,12743.74,-1349,-141.08
1226,300102.SZ,20200803,197838,12540.91,195399,12476.99,238394,15157.09,265312,16868.3,178545,11390.67,177487,11266.08,50479,3249.0,27058,1726.3,-45589,-2753.87
1227,603601.SH,20200803,171802,28922.51,138535,23332.32,214075,35984.53,206365,34752.76,140971,23721.78,162086,27231.85,45307,7672.49,65168,10984.37,-17713,-2857.97
1228,002618.SZ,20200803,50719,5005.75,59627,5892.12,79250,7803.34,72682,7174.64,50560,5003.45,50639,4999.76,18985,1887.54,16567,1633.55,54354,5389.94
1229,300079.SZ,20200803,82574,4231.0,84893,4354.7,149792,7671.24,136187,6981.64,107663,5521.01,113557,5815.92,36119,1854.25,41511,2125.23,34611,1787.0
1230,300233.SZ,20200803,28794,10683.26,25310,9411.08,44768,16644.85,38146,14177.42,33217,12355.31,39219,14578.59,8537,3179.39,12641,4695.71,-14642,-5390.77
1231,600076.SH,20200803,43729,1566.41,32242,1156.05,53856,1930.6,52375,1876.64,27726,994.22,42107,1508.31,26863,964.58,25450,914.81,20634,745.65
1232,600230.SH,20200803,87438,10155.63,92304,10742.96,115587,13445.3,129391,15051.05,88490,10310.03,76135,8855.03,13907,1617.77,7592,879.69,-43318,-4985.91
1233,603578.SH,20200803,12430,3182.0,13079,3348.85,14214,3637.73,13096,3351.79,5979,1530.94,6448,1650.02,0,0.0,0,0.0,3700,952.98
1234,688528.SH,20200803,5076,1298.62,6684,1711.72,10685,2732.46,10611,2716.26,5654,1453.05,4541,1164.41,421,108.26,0,0.0,-1511,-388.94
1235,002749.SZ,20200803,16433,2302.69,14133,1983.84,15232,2135.82,16109,2256.55,5579,781.49,6452,904.36,688,95.49,1238,170.73,4100,582.26
1236,002903.SZ,20200803,13946,2009.45,15374,2217.43,18417,2656.19,15211,2191.97,5375,776.11,6446,930.32,0,0.0,708,102.02,2496,362.26
1237,300364.SZ,20200803,229788,21289.01,176567,16445.43,308499,28622.99,254519,23651.06,208429,19375.74,249941,23134.37,59255,5462.12,124944,11519.01,-44942,-4033.35
1238,002120.SZ,20200803,37797,9202.11,56773,13826.55,54893,13364.33,53320,12980.71,56139,13665.93,38958,9482.57,23995,5850.2,23773,5792.75,-9124,-2216.89
1239,600896.SH,20200803,61110,3123.12,51503,2635.83,60184,3073.34,59272,3030.13,34559,1768.36,32812,1677.83,0,0.0,12265,621.04,3737,199.65
1240,603080.SH,20200803,9340,1371.87,16528,2509.39,10307,1526.55,17935,2733.93,10724,1648.79,11386,1738.74,15478,2434.85,0,0.0,-9005,-1512.82
1241,603129.SH,20200803,7600,7222.73,7059,6725.32,6425,6101.71,6664,6338.49,2970,2835.61,3705,3519.57,692,666.62,260,243.29,-2991,-2837.18
1242,688030.SH,20200803,3128,1375.23,3481,1532.48,8209,3606.66,9402,4137.17,5868,2577.56,5134,2250.16,811,360.37,0,0.0,-1557,-685.26
1243,002683.SZ,20200803,15929,9336.65,29250,17136.1,42407,24862.61,45715,26778.96,59583,34944.3,53348,31349.81,38481,22664.23,28086,16542.92,7013,4214.85
1244,300347.SZ,20200803,27022,28719.67,16064,17090.93,36045,38311.37,30815,32760.69,28144,29919.38,33660,35781.58,10683,11365.02,21355,22682.24,-1915,-1984.82
1245,300501.SZ,20200803,32012,10889.05,28282,9643.96,41538,14111.1,41814,14214.09,45870,15595.56,53310,18174.12,29153,10042.36,25168,8605.9,2610,1039.82
1246,300478.SZ,20200803,9377,1091.74,8447,985.55,7422,866.24,10941,1275.21,5632,656.35,5391,629.05,2348,275.5,0,0.0,-1065,-126.36
1247,300632.SZ,20200803,12812,2132.24,12817,2135.56,15638,2603.9,13398,2230.89,7834,1305.04,7610,1265.0,0,0.0,2459,409.73,-2771,-460.4
1248,600475.SH,20200803,14200,1896.28,10884,1454.23,16998,2270.54,16850,2250.78,7073,946.02,8022,1071.54,0,0.0,2515,336.29,-2947,-390.83
1249,601168.SH,20200803,111304,8990.45,98548,7975.33,183999,14872.43,156247,12642.25,142759,11562.65,166673,13483.01,50892,4118.7,67486,5443.64,-12653,-986.97
1250,000070.SZ,20200803,101581,11963.54,125496,14801.75,140895,16603.46,154962,18239.11,146110,17215.98,104152,12291.88,42422,5027.68,46399,5477.91,40779,4869.72
1251,002928.SZ,20200803,46238,5105.76,59045,6523.7,54326,6002.04,56866,6283.75,47889,5299.84,33588,3713.01,4891,541.12,3844,428.31,14526,1612.59
1252,300389.SZ,20200803,28512,3189.46,23605,2645.63,22456,2514.25,27841,3116.78,13122,1470.89,12841,1435.25,4000,445.27,3803,422.21,9734,1090.8
1253,300543.SZ,20200803,18997,2800.15,19963,2946.02,22260,3282.2,21594,3184.24,9632,1422.48,10310,1516.8,2050,300.33,1072,158.1,-960,-133.08
1254,002031.SZ,20200803,114473,2344.55,113485,2324.97,117454,2403.46,142317,2913.01,97567,1997.69,76201,1558.42,59310,1215.14,56802,1164.44,17212,358.82
1255,600961.SH,20200803,63100,5654.86,78657,7089.2,98299,8827.88,95611,8604.37,73320,6603.32,53614,4800.98,5523,498.6,12360,1090.11,4272,448.62
1256,000825.SZ,20200803,89654,3213.92,112830,4048.2,125899,4514.91,120789,4332.02,106631,3822.6,112974,4047.64,49563,1776.64,25154,900.21,18844,691.82
1257,002162.SZ,20200803,68071,2386.42,60900,2137.4,69830,2448.11,64769,2271.33,31390,1102.29,40440,1417.04,0,0.0,3182,111.05,-8396,-288.12
1258,002293.SZ,20200803,9394,1036.38,9461,1043.79,14853,1637.82,13466,1485.08,11637,1282.12,10837,1195.09,280,30.62,2400,262.98,-782,-84.44
1259,300111.SZ,20200803,133286,4094.75,113993,3510.61,117416,3614.82,114631,3528.43,67466,2086.11,86479,2665.23,5235,161.7,8300,253.1,-68235,-2081.42
1260,603456.SH,20200803,45776,14946.8,19562,6413.0,45420,14871.95,33078,10836.51,41759,13679.29,47052,15394.99,5084,1668.51,38347,12522.04,-21925,-7093.48
1261,603610.SH,20200803,9556,3134.68,12036,3951.72,12698,4169.62,11941,3919.31,7977,2621.37,7472,2453.98,1218,399.34,0,0.0,660,220.65
1262,000695.SZ,20200803,10891,1011.3,10996,1020.89,11513,1069.68,11018,1025.33,2519,235.21,2909,269.96,0,0.0,0,0.0,5400,504.88
1263,002235.SZ,20200803,118786,11780.72,113755,11301.36,194354,19279.66,173061,17175.06,157607,15654.35,172500,17130.37,45775,4561.49,57205,5669.44,-30380,-2961.65
1264,601858.SH,20200803,16789,1601.86,16161,1544.02,24506,2339.57,21605,2063.55,15324,1465.4,20043,1913.3,2329,222.69,1139,108.66,1538,148.66
1265,603195.SH,20200803,3480,5345.58,4947,7607.47,8257,12694.48,6866,10553.96,4536,6971.98,4313,6622.12,2727,4181.36,2874,4409.85,1166,1797.71
1266,000980.SZ,20200803,69896,899.98,59633,768.72,91577,1180.01,85663,1103.19,56132,723.2,72309,931.29,0,0.0,0,0.0,-23354,-297.04
1267,002366.SZ,20200803,145569,8343.82,136809,7835.98,184172,10530.59,166311,9508.93,105907,6058.88,133157,7613.52,30624,1753.2,29995,1728.05,91352,5257.71
1268,002520.SZ,20200803,61214,4603.03,59261,4471.79,68938,5186.29,69495,5233.56,38509,2896.38,46959,3522.13,9978,759.27,2925,217.48,12568,955.7
1269,600027.SH,20200803,113121,4120.8,96038,3500.54,91000,3315.04,84193,3070.34,100932,3679.21,87975,3203.88,16120,589.44,52968,1929.73,-51819,-1870.51
1270,601989.SH,20200803,459853,22877.17,775911,38658.73,711770,35400.34,921017,45825.37,843680,41947.14,667624,33215.88,709964,35462.18,360714,17986.85,548960,27346.16
1271,002497.SZ,20200803,60478,5917.41,105836,10367.34,104507,10203.43,116952,11445.12,96440,9452.75,66893,6550.89,45054,4428.34,16798,1638.58,65114,6397.66
1272,002651.SZ,20200803,48654,3142.07,68449,4438.45,54859,3541.98,71815,4659.79,44528,2894.05,35278,2305.62,36641,2421.42,9140,595.66,19086,1199.0
1273,300315.SZ,20200803,302865,28289.14,255398,23871.37,364144,34033.87,397002,37114.55,263527,24639.71,297691,27822.33,90183,8433.94,70627,6588.42,-200566,-18641.43
1274,000581.SZ,20200803,35796,8164.95,48177,10989.81,59876,13661.73,54760,12498.08,47206,10783.2,46617,10648.67,12496,2853.22,5820,1326.54,2667,636.97
1275,002121.SZ,20200803,27629,994.18,21714,781.62,28804,1036.49,28286,1017.75,15638,562.98,22153,797.21,82,2.93,0,0.0,-12976,-463.93
1276,600158.SH,20200803,27069,2430.67,31842,2864.34,41726,3747.86,42518,3822.29,31597,2838.38,29052,2608.71,9160,825.4,6139,546.98,12440,1125.17
1277,600312.SH,20200803,61402,5110.13,61214,5100.18,84329,7020.21,73611,6130.32,57466,4788.79,74176,6175.15,29504,2456.97,23701,1970.44,-2834,-216.4
1278,601005.SH,20200803,110411,1691.25,148494,2272.57,169493,2593.79,140697,2155.09,141755,2168.86,111100,1701.26,17740,271.42,39108,596.4,20805,326.66
1279,688561.SH,20200803,10846,14014.41,8772,11405.49,29138,37744.73,23700,30776.69,38141,49473.48,35922,46503.55,23632,30609.22,33361,43156.1,8683,11412.86
1280,002782.SZ,20200803,37488,5493.99,41871,6148.14,41148,6036.14,42697,6264.84,17792,2615.96,15066,2206.08,3964,583.25,757,110.27,-4174,-601.87
1281,300446.SZ,20200803,39636,4061.3,39659,4067.46,42774,4375.92,43199,4430.76,26171,2683.35,25465,2609.47,5309,544.68,5566,557.55,25968,2671.26
1282,300600.SZ,20200803,23869,3250.63,28286,3868.22,26496,3614.61,27308,3721.37,20677,2829.65,15448,2105.3,0,0.0,0,0.0,-5862,-789.1
1283,600289.SH,20200803,10629,500.66,19361,914.45,22497,1061.36,25757,1217.17,18433,874.38,6441,304.79,0,0.0,0,0.0,15150,719.86
1284,300577.SZ,20200803,6730,2240.4,9919,3303.07,7561,2525.77,7513,2513.97,6419,2143.26,4210,1402.31,2986,986.34,2055,676.42,-1731,-568.29
1285,300731.SZ,20200803,9411,2878.0,10999,3370.0,11279,3451.56,11080,3385.7,5240,1605.99,4287,1309.61,806,243.9,370,114.15,4910,1492.64
1286,600908.SH,20200803,87196,4976.13,85980,4912.24,91876,5244.95,101979,5823.73,98943,5652.21,73363,4185.29,12699,725.91,29391,1677.95,-2869,-144.87
1287,300178.SZ,20200803,173734,6891.3,166318,6621.17,212045,8401.54,207350,8232.75,89847,3599.15,96385,3825.36,12741,511.1,18314,723.81,91172,3655.74
1288,300332.SZ,20200803,30004,1486.08,27384,1358.51,43316,2145.92,41470,2056.43,25411,1260.78,31004,1533.97,6052,300.63,4925,244.5,2601,134.17
1289,600175.SH,20200803,142811,281.83,71716,138.11,214369,422.13,175464,345.85,30000,60.0,140000,280.0,0,0.0,0,0.0,150542,311.48
1290,002060.SZ,20200803,87606,2920.6,76866,2566.64,90927,3033.27,92733,3094.32,43109,1441.03,51880,1729.5,7415,247.65,7579,252.09,-16867,-552.06
1291,002109.SZ,20200803,49782,1660.64,32897,1100.11,48816,1629.08,46951,1565.52,25277,842.15,39228,1307.23,0,0.0,4799,159.01,-28947,-959.67
1292,600990.SH,20200803,19288,9210.82,19932,9530.35,27012,12890.79,29018,13870.99,23812,11381.23,24614,11760.32,9180,4421.14,5728,2742.32,18972,9081.21
1293,603069.SH,20200803,70933,36186.06,48628,24874.74,98630,50426.08,80673,41228.0,85296,43690.94,97838,49995.03,64960,33571.44,92680,47776.75,-3699,-1600.87
1294,603223.SH,20200803,12135,1738.93,9954,1427.84,10431,1494.0,11308,1619.44,6036,864.57,8389,1201.45,8060,1154.08,7011,1002.85,-5516,-790.68
1295,688019.SH,20200803,12,54.9,40,187.79,6162,28681.86,6158,28730.75,7301,34034.45,9207,42935.74,5407,25244.52,3477,16161.45,-1572,-7185.53
1296,002191.SZ,20200803,97581,11514.34,130405,15393.99,172743,20366.16,169473,20003.28,171631,20264.49,170988,20167.14,87973,10387.64,59061,6968.23,90140,10683.82
1297,000985.SZ,20200803,13768,2075.48,9974,1505.59,14293,2153.88,15251,2295.9,5670,855.55,7521,1133.15,1815,273.54,2800,423.81,1693,258.8
1298,300140.SZ,20200803,146974,16415.44,95904,10765.12,153322,17125.86,151672,17005.69,111815,12526.02,141088,15783.57,43597,4975.2,67043,7488.14,-38288,-4252.01
1299,600108.SH,20200803,172905,6272.38,191829,6969.58,256856,9319.16,220579,8009.23,235713,8560.65,223542,8107.47,110077,3998.87,139600,5064.78,20843,782.0
1300,688357.SH,20200803,1810,998.17,2454,1357.79,3830,2117.21,3998,2211.2,2708,1498.47,2114,1166.68,402,224.78,185,102.97,840,464.36
1301,002578.SZ,20200803,119590,5054.57,94095,3980.59,135078,5713.97,132666,5612.93,68772,2909.18,99861,4223.18,27303,1158.16,24120,1019.16,-36381,-1521.16
1302,603677.SH,20200803,8811,1131.71,5977,768.24,4388,563.99,5002,642.31,1034,133.07,1547,198.97,1240,159.34,2946,378.6,-637,-80.44
1303,000039.SZ,20200803,71309,6244.31,96194,8424.01,111348,9743.8,101618,8890.63,90384,7908.52,77935,6817.46,29851,2619.29,27146,2383.83,57173,5007.65
1304,002848.SZ,20200803,29352,3769.99,22483,2891.42,28807,3697.87,29796,3828.53,15932,2044.36,19299,2471.01,846,109.71,3359,430.97,12058,1550.45
1305,300463.SZ,20200803,39078,20221.56,27254,14160.49,43289,22391.86,50656,26222.35,35834,18641.54,39710,20553.44,9585,4991.08,10165,5309.76,26838,14065.02
1306,600460.SH,20200803,308722,61777.41,241426,48380.79,407556,81679.1,436135,87400.67,388619,77881.31,417705,83745.53,283690,56903.78,293321,58714.61,-131125,-25939.84
1307,600509.SH,20200803,48176,1745.5,46106,1675.53,45340,1648.06,46279,1680.13,28358,1033.2,25458,926.6,2791,100.48,6822,244.98,32240,1176.96
1308,002979.SZ,20200803,18659,6817.11,18757,6857.49,20339,7432.3,19756,7220.24,10057,3679.33,10197,3726.22,827,302.22,1172,427.02,4383,1610.49
1309,300594.SZ,20200803,5625,1498.03,4515,1203.16,6142,1636.83,6326,1685.98,3216,858.73,4142,1104.44,0,0.0,0,0.0,2701,721.76
1310,601618.SH,20200803,332010,9341.66,310056,8720.03,229110,6443.41,246373,6933.64,265598,7468.99,254228,7150.41,99918,2812.57,115979,3262.55,-78318,-2169.18
1311,300675.SZ,20200803,38864,7240.84,49298,9186.92,54696,10212.48,48985,9134.72,25816,4818.98,23719,4432.7,4190,780.11,1564,298.08,-5362,-941.02
1312,000536.SZ,20200803,76729,1300.69,170820,2915.1,121057,2050.55,201303,3413.35,192369,3268.86,94156,1596.18,112592,1923.87,36467,619.34,230163,3928.9
1313,603036.SH,20200803,12931,1263.26,13034,1273.66,19357,1891.52,19716,1926.6,5534,541.18,5072,495.71,0,0.0,0,0.0,2012,198.57
1314,000667.SZ,20200803,125021,4428.38,82134,2914.94,112403,3975.7,97157,3446.55,178954,6335.37,134946,4779.31,89002,3147.46,191143,6746.11,280187,9930.47
1315,601633.SH,20200803,103999,14238.94,121484,16706.91,137007,18834.45,125401,17227.08,83351,11510.97,77270,10646.53,23892,3295.94,24094,3299.77,83111,11548.48
1316,603019.SH,20200803,85006,38993.72,110050,50581.41,181560,83185.45,197409,90650.35,205333,94239.79,188531,86450.35,94625,43418.84,70535,32155.69,53412,24722.86
1317,002141.SZ,20200803,100943,3416.66,83016,2816.45,102802,3480.5,95368,3232.61,57075,1937.3,74720,2530.67,19485,662.5,27200,917.21,-11828,-389.59
1318,688051.SH,20200803,966,1707.3,1403,2506.45,4207,7454.97,3995,7122.69,4422,7876.6,3589,6374.78,2007,3570.91,2614,4605.85,1471,2654.6
1319,000935.SZ,20200803,38811,5860.83,35563,5375.81,55583,8396.72,49876,7537.72,34250,5178.09,39509,5967.06,6337,959.08,10033,1514.14,1971,310.87
1320,002272.SZ,20200803,48351,2355.17,34828,1698.62,62580,3048.16,59362,2891.93,27783,1354.38,38878,1891.63,373,18.2,6019,293.73,3022,153.48
1321,002606.SZ,20200803,61895,5402.08,57224,4997.96,62325,5435.09,66333,5792.27,39881,3485.81,35785,3121.28,3067,268.16,7826,679.63,21027,1841.26
1322,300067.SZ,20200803,180865,7643.28,161559,6834.71,206655,8731.62,211660,8954.58,112127,4748.48,160383,6769.44,55206,2332.45,21252,897.12,77343,3296.68
1323,002469.SZ,20200803,99897,5490.32,80402,4424.7,107598,5917.61,110383,6070.93,57951,3190.25,65423,3595.49,3123,171.63,12361,678.7,274,35.75
1324,002623.SZ,20200803,23793,8876.4,20622,7710.91,23341,8714.71,22054,8237.17,12982,4860.37,16280,6072.5,5271,1976.42,6431,2407.31,1271,478.32
1325,300084.SZ,20200803,22998,1027.3,23495,1049.65,31165,1392.39,37284,1665.05,19547,872.85,13996,625.46,3252,145.6,2187,97.98,8984,403.75
1326,600081.SH,20200803,33222,3768.94,25034,2841.07,42829,4854.29,32331,3666.3,29028,3289.79,20934,2375.03,5212,589.42,31991,3620.04,21364,2420.36
1327,603583.SH,20200803,11852,6777.97,8382,4806.31,12748,7289.05,12169,6971.72,13711,7834.78,14029,7996.43,2165,1229.23,5897,3356.56,-10261,-5875.46
1328,600956.SH,20200803,95826,11235.56,88623,10419.53,107543,12626.5,100493,11799.49,58668,6891.21,55823,6545.83,3237,385.74,20335,2374.16,-15357,-1751.73
1329,002157.SZ,20200803,143532,32671.28,180718,41195.99,244962,55687.15,292949,66798.94,361859,82251.14,394972,89946.07,470937,107480.29,352651,80148.87,109991,25007.37
1330,002311.SZ,20200803,31235,20523.51,28760,18881.21,25873,16946.59,25467,16707.06,16441,10748.06,18805,12319.68,2890,1913.56,3406,2223.76,-786,-486.86
1331,002288.SZ,20200803,200699,12625.19,190840,12006.54,240898,15125.91,248854,15643.73,164787,10358.77,185835,11670.46,71218,4482.41,52072,3271.55,-1900,-52.96
1332,002442.SZ,20200803,82698,3834.43,83440,3871.18,119112,5523.79,110526,5124.95,59651,2768.54,59164,2744.28,0,0.0,8330,386.36,-1307,-47.67
1333,300106.SZ,20200803,38780,3115.85,37885,3046.91,58693,4719.92,59170,4756.34,28011,2251.7,33018,2655.96,4590,371.73,0,0.0,3018,250.58
1334,600103.SH,20200803,53768,1079.89,67543,1356.72,85135,1707.85,74625,1497.7,66870,1342.35,80244,1610.71,24875,500.59,8236,165.54,18848,383.83
1335,600273.SH,20200803,62704,8146.79,52353,6819.25,99310,12906.78,90754,11821.76,141520,18421.02,138498,18027.37,43353,5652.49,65283,8458.7,-27586,-3569.32
1336,002946.SZ,20200803,57091,13539.98,49329,11736.01,63047,14972.59,66053,15698.78,46191,10973.24,45104,10688.49,9134,2182.04,14977,3544.58,-13911,-3252.67
1337,300561.SZ,20200803,40951,7918.72,43533,8423.35,59243,11451.48,65568,12671.94,41906,8094.21,38443,7422.43,8600,1661.08,3156,607.77,1301,274.9
1338,000422.SZ,20200803,14795,380.8,16880,434.95,18505,476.27,22181,571.05,18300,471.38,12539,322.45,0,0.0,0,0.0,9412,243.35
1339,300692.SZ,20200803,23283,3754.95,28003,4520.2,29157,4705.95,25258,4077.62,12372,2000.22,12088,1948.52,1248,200.68,712,115.45,-4211,-675.25
1340,600738.SH,20200803,41211,2486.94,42076,2541.85,52534,3169.25,52257,3154.73,29163,1762.85,27558,1661.2,1700,102.85,2717,164.11,19554,1188.03
1341,000553.SZ,20200803,20902,1933.57,20884,1932.45,24860,2300.19,22431,2075.31,11051,1022.76,10771,996.31,0,0.0,2727,252.45,5777,538.11
1342,300418.SZ,20200803,86850,23631.55,93322,25417.31,152839,41596.31,138918,37822.24,129166,35158.9,128848,35061.82,33500,9122.83,41267,11208.22,-38264,-10359.7
1343,600415.SH,20200803,517241,38274.77,375760,27904.05,476445,35343.91,450736,33433.99,462470,34321.32,493385,36607.18,72292,5398.29,208568,15393.07,-183625,-13486.35
1344,601108.SH,20200803,1469187,248571.0,597299,101841.67,1847932,314555.6,1321495,224764.63,1835977,314282.24,2119612,360507.39,1300751,222279.22,2415440,412574.37,-884659,-148925.5
1345,603917.SH,20200803,17407,2091.32,17599,2117.98,17927,2155.21,17397,2092.46,8474,1017.9,8707,1041.36,895,107.58,1000,120.2,7788,933.51
1346,002885.SZ,20200803,31936,5794.1,25244,4585.87,39880,7240.92,37590,6827.79,14734,2678.22,21998,3988.5,1917,349.75,3634,660.83,-12926,-2337.03
1347,002678.SZ,20200803,8576,721.59,7272,613.14,13264,1117.7,12177,1025.12,5260,443.64,8931,752.18,1280,107.52,0,0.0,1909,164.49
1348,002832.SZ,20200803,24525,3924.48,25905,4148.67,26494,4239.85,31167,4989.6,19353,3097.87,15840,2531.79,4154,666.42,1614,258.58,-15,-2.59
1349,300293.SZ,20200803,100363,25973.63,88429,22940.11,105651,27372.33,113309,29350.89,67298,17443.05,80912,20938.8,22451,5826.21,13114,3385.41,12751,3333.56
1350,600290.SH,20200803,37695,517.92,47993,661.42,61920,855.35,60401,832.59,77892,1074.3,69112,953.56,0,0.0,0,0.0,23124,312.78
1351,600339.SH,20200803,78444,1974.15,99627,2511.75,98717,2484.28,111337,2805.89,98440,2477.78,112147,2822.42,95760,2414.93,48250,1211.07,51696,1322.91
1352,688588.SH,20200803,5034,2045.98,5588,2272.89,14624,5949.35,13117,5334.39,9786,3982.28,10567,4298.21,746,300.97,919,373.08,896,369.2
1353,002963.SZ,20200803,4287,1102.71,4473,1151.22,6216,1599.47,6513,1675.33,2478,637.33,1995,512.96,0,0.0,0,0.0,1624,418.08
1354,300627.SZ,20200803,32895,8160.99,48875,12258.59,52459,13023.29,66381,16594.14,49321,12334.3,47079,11816.18,46423,11866.38,18764,4716.05,-4245,-1173.75
1355,600869.SH,20200803,48544,2014.6,66226,2747.84,68543,2842.05,79485,3297.55,64187,2664.0,53530,2219.97,27291,1132.91,9325,388.22,44821,1861.13
1356,603053.SH,20200803,18356,2804.27,17832,2728.07,25290,3867.13,23405,3579.58,12762,1951.96,17137,2618.05,2966,456.25,1000,153.9,6723,1032.27
1357,688003.SH,20200803,9016,2613.13,12265,3565.18,17278,5002.59,17769,5159.0,16284,4726.88,14303,4131.91,2814,818.55,1056,305.06,-447,-138.36
1358,002224.SZ,20200803,66379,4596.08,77377,5369.83,96754,6707.25,92011,6377.65,81866,5680.28,71273,4936.52,10208,708.37,14546,1007.98,6317,451.33
1359,002355.SZ,20200803,32096,1835.28,25208,1442.86,28429,1625.7,26292,1504.5,13133,751.67,20158,1150.49,0,0.0,2000,114.8,4644,267.5
1360,600482.SH,20200803,72938,14813.45,68217,13850.93,96780,19647.46,96961,19692.73,76016,15455.21,69960,14209.79,10893,2214.09,21489,4376.76,21081,4297.82
1361,300770.SZ,20200803,7820,9432.84,6870,8303.42,5597,6760.9,7174,8657.43,4858,5863.17,5244,6324.08,1924,2322.24,911,1094.21,2369,2867.37
1362,300819.SZ,20200803,8311,2158.13,8188,2127.14,10114,2627.5,10853,2819.4,3582,930.62,3466,899.58,500,129.86,0,0.0,-39,-7.93
1363,600816.SH,20200803,63030,1267.15,56667,1141.35,87147,1753.93,99454,2002.01,73248,1475.24,55672,1119.68,0,0.0,11633,233.28,-26639,-525.79
1364,603000.SH,20200803,66261,13702.7,98508,20406.2,114888,23761.72,118199,24477.64,116206,24040.21,99263,20589.4,53680,11244.03,35065,7275.43,67448,13876.23
1365,000631.SZ,20200803,14590,439.15,13387,403.34,16737,503.69,19742,594.32,18993,572.52,24992,753.28,7801,235.59,0,0.0,5424,165.32
1366,002017.SZ,20200803,26730,3257.08,34566,4213.79,34845,4246.38,30321,3695.86,22641,2760.69,22061,2687.46,7010,854.18,4278,521.21,12904,1570.87
1367,603131.SH,20200803,22719,4925.11,23751,5160.66,28579,6189.71,31668,6876.55,21605,4698.75,17209,3732.69,12049,2641.56,12325,2685.22,22173,4830.69
1368,600624.SH,20200803,47784,4699.1,39667,3905.93,65930,6482.53,54145,5329.7,34345,3379.08,43864,4310.66,7934,778.6,18317,1793.01,-1004,-88.42
1369,300758.SZ,20200803,73730,26990.76,42931,15718.16,77375,28356.66,71154,26082.81,53180,19489.63,69419,25442.11,18322,6734.76,39103,14328.74,-6129,-2157.43
1370,600755.SH,20200803,51911,3653.65,55064,3879.22,69290,4878.3,73192,5154.83,61990,4364.79,64365,4531.4,21677,1529.13,12248,860.41,2648,196.96
1371,000570.SZ,20200803,43744,2284.8,51642,2692.48,45356,2365.37,45839,2390.92,25198,1315.83,23925,1248.41,7107,365.82,0,0.0,23961,1251.56
1372,000619.SZ,20200803,23683,1363.96,15075,868.79,20595,1186.54,22139,1275.22,7272,419.18,13910,800.95,0,0.0,426,24.71,-11691,-669.68
1373,300566.SZ,20200803,21519,7202.94,23368,7844.22,24884,8348.24,30861,10382.33,26122,8769.33,31011,10449.96,25579,8737.88,12864,4381.88,-2759,-961.48
1374,300720.SZ,20200803,4519,777.85,5321,916.64,3670,632.2,3558,612.41,1825,314.78,961,165.6,0,0.0,174,30.17,-1270,-218.57
1375,600563.SH,20200803,8627,5323.4,11309,6992.94,7545,4659.93,9590,5939.3,9265,5757.61,4363,2696.1,645,397.19,821,509.79,-233,-133.31
1376,300697.SZ,20200803,20898,3758.81,12757,2294.39,13589,2441.05,16520,2972.73,6904,1243.39,11190,2011.44,882,157.0,1807,321.68,-9501,-1696.47
1377,300851.SZ,20200803,12580,6820.87,17388,9459.97,20277,11015.25,16955,9197.87,11375,6168.05,8931,4834.52,664,363.41,1623,875.21,-399,-193.4
1378,600694.SH,20200803,15445,4108.36,21827,5825.63,24392,6500.66,27422,7312.59,22011,5880.18,17951,4790.78,7222,1941.74,1870,501.93,6552,1756.67
1379,000558.SZ,20200803,40827,1137.15,47974,1337.41,52849,1472.25,53522,1493.48,29547,824.79,25418,707.02,3691,103.72,0,0.0,16510,465.5
1380,000712.SZ,20200803,181193,35166.17,112774,21937.16,268626,52161.54,204008,39646.47,219102,42622.5,266042,51723.93,96408,18787.17,182507,35429.81,-22239,-4191.52
1381,603058.SH,20200803,19903,2205.3,16722,1855.22,15459,1713.76,17372,1924.3,6394,708.98,7290,807.33,2048,227.98,2420,269.18,-4138,-457.46
1382,300374.SZ,20200803,8348,1651.44,17521,3493.44,14620,2886.65,21928,4357.16,23459,4659.66,18753,3718.51,19678,3953.99,7903,1582.62,-1980,-363.99
1383,600371.SH,20200803,206625,39041.77,171312,32440.01,214711,40594.33,218947,41392.43,136069,25763.37,156789,29657.25,32666,6177.18,43024,8086.96,-39050,-7232.84
1384,300708.SZ,20200803,23324,3610.4,22638,3509.49,23276,3605.8,24756,3835.56,11136,1728.14,10492,1622.62,900,140.25,750,116.92,5876,914.29
1385,002706.SZ,20200803,37146,9165.97,34660,8562.92,31970,7867.88,47055,11617.45,35093,8688.85,44480,11008.85,39747,9938.73,17761,4472.2,-690,-258.52
1386,300167.SZ,20200803,32571,1687.92,32267,1671.92,32382,1678.25,35818,1856.19,20477,1062.33,19696,1022.12,2351,121.73,0,0.0,14707,767.57
1387,300321.SZ,20200803,4730,904.25,4460,853.62,4329,827.99,3460,661.66,1416,270.47,2555,487.42,0,0.0,0,0.0,361,69.16
1388,601011.SH,20200803,78774,3168.7,116259,4680.1,108947,4383.83,119096,4794.31,106463,4285.28,71295,2866.45,24206,974.25,11740,471.2,63569,2572.41
1389,603666.SH,20200803,3486,3865.29,4491,4983.39,4368,4839.38,3921,4354.25,3124,3462.14,3302,3650.78,1518,1693.86,783,872.26,-2602,-2869.11
1390,000028.SZ,20200803,28638,14610.91,26040,13322.0,41692,21304.82,40689,20802.23,36103,18464.59,37211,19009.67,10731,5489.4,13222,6735.82,-4167,-2147.65
1391,002837.SZ,20200803,36372,10337.89,43620,12385.76,43478,12328.02,47856,13601.73,27132,7723.35,21411,6074.0,8488,2403.21,2582,730.98,15214,4310.98
1392,300298.SZ,20200803,26472,11849.57,21443,9630.13,33424,14972.98,31278,14024.08,20297,9097.09,26456,11830.16,2515,1135.35,3530,1570.62,-3694,-1633.29
1393,300452.SZ,20200803,9811,2643.65,18867,5156.06,14881,4022.28,23760,6479.26,15184,4128.96,16852,4579.45,28844,8003.57,9240,2583.69,-13164,-3691.24
1394,600295.SH,20200803,99598,10433.51,91559,9666.87,126525,13261.94,130135,13707.14,102584,10776.99,116891,12281.54,74301,7906.35,64422,6723.23,-26893,-2776.69
1395,603797.SH,20200803,18301,1707.26,18662,1743.02,22538,2104.96,27374,2557.42,18611,1740.96,12334,1151.45,0,0.0,1080,101.3,4964,461.49
1396,603212.SH,20200803,19149,5572.97,22300,6522.67,22229,6471.12,25874,7561.53,16547,4876.56,15078,4476.81,10516,3235.09,5190,1594.73,-5730,-1853.57
1397,002695.SZ,20200803,19182,5121.28,19315,5166.66,22731,6078.22,19543,5226.33,10620,2844.38,10305,2753.28,400,108.44,3770,1006.06,-10605,-2818.78
1398,300359.SZ,20200803,81850,5502.92,92904,6241.73,88717,5947.53,96901,6504.46,57521,3862.07,52747,3534.85,20054,1342.27,5590,373.76,66012,4429.61
1399,300513.SZ,20200803,16520,2303.09,21176,2957.33,27163,3790.65,26587,3711.83,13628,1903.53,13240,1847.09,3692,518.99,0,0.0,8512,1189.23
1400,600356.SH,20200803,20797,1631.77,30501,2417.03,27514,2167.31,25949,2059.88,20576,1636.5,17139,1340.94,4702,382.27,0,0.0,9777,768.42
1401,600510.SH,20200803,35475,2918.19,29105,2398.73,38846,3199.25,49075,4040.82,28183,2323.68,25145,2069.95,2090,172.74,1269,104.37,3991,334.53
1402,603858.SH,20200803,49955,14506.48,48540,14108.13,67748,19679.66,65911,19145.4,61307,17823.29,65127,18929.33,18738,5454.72,18170,5281.28,-24940,-7227.2
1403,002980.SZ,20200803,14864,11198.11,14938,11288.4,19914,15021.36,18962,14302.25,14699,11095.77,15362,11567.53,1887,1424.42,2103,1581.48,649,532.13
1404,300644.SZ,20200803,6818,2239.52,6161,2025.89,6593,2167.0,6365,2090.79,2710,890.79,3632,1192.85,452,148.72,415,136.5,404,135.26
1405,600487.SH,20200803,101506,16964.61,100570,16826.2,157302,26300.77,152158,25439.51,119587,19998.0,119680,19994.87,43598,7285.19,49585,8288.0,23760,3993.45
1406,600641.SH,20200803,41052,8641.61,45571,9610.36,77262,16277.18,76208,16067.79,86903,18335.77,87538,18442.31,29221,6158.63,25120,5292.74,12331,2637.55
1407,603989.SH,20200803,20162,6899.41,28809,9899.46,27980,9564.2,30656,10514.74,28506,9792.27,24872,8534.26,28058,9716.89,20369,7024.3,6676,2273.41
1408,000505.SZ,20200803,82639,7508.44,92180,8385.09,131624,11961.05,125332,11394.01,98010,8909.41,96582,8774.75,35581,3243.2,33759,3068.24,187,36.96
1409,000159.SZ,20200803,110830,6952.69,175605,11081.32,133498,8390.89,197581,12468.21,136274,8584.08,111287,7018.51,140984,9040.01,37113,2399.64,108856,6712.82
1410,603712.SH,20200803,36300,16552.66,51743,23616.02,65550,29902.51,66262,30270.27,48286,22092.8,40698,18611.26,17702,8127.93,9135,4178.36,-2259,-985.73
1411,688508.SH,20200803,7159,11111.64,4684,7350.78,20814,32335.61,15223,23788.31,25829,40204.38,22360,34803.28,11607,18017.58,23143,35726.83,5069,7992.07
1412,002729.SZ,20200803,6368,2483.5,8408,3282.2,9316,3641.76,8231,3218.4,3971,1560.39,3125,1228.21,508,201.4,399,158.24,155,56.48
1413,300344.SZ,20200803,23233,1071.1,15208,702.5,28981,1336.27,23834,1100.75,17578,812.99,30751,1417.11,0,0.0,0,0.0,9549,442.42
1414,600187.SH,20200803,44960,1116.44,153068,3937.51,67373,1689.49,139908,3594.5,117138,2999.1,109618,2812.23,225058,5907.04,51936,1367.83,-92330,-2515.26
1415,603689.SH,20200803,13427,1438.91,13875,1489.68,16257,1744.27,17024,1826.02,9028,969.36,8865,949.19,1052,112.35,0,0.0,3792,411.72
1416,603843.SH,20200803,40886,2099.06,28193,1449.2,38210,1961.92,34742,1786.79,20001,1025.45,34294,1754.84,2076,106.08,3944,201.68,-24900,-1268.68
1417,300475.SZ,20200803,6829,594.8,6828,595.07,7868,685.52,6849,597.06,2821,245.84,3841,334.03,0,0.0,0,0.0,3765,328.53
1418,300760.SZ,20200803,8925,30696.26,7533,25937.71,14487,49848.28,15075,51876.41,14730,50719.21,17476,60132.42,14830,51010.97,12888,44328.17,-4789,-16421.19
1419,300809.SZ,20200803,5310,1107.15,4737,988.4,5396,1125.59,6125,1277.56,2202,460.01,1946,405.97,500,104.05,600,124.86,1227,257.12
1420,002007.SZ,20200803,96093,64531.67,88341,59924.29,148982,100296.75,146635,99243.26,183227,123402.03,193278,130710.41,160810,109874.68,160858,108227.18,21685,16269.49
1421,603121.SH,20200803,39781,6235.35,44945,7050.78,56632,8868.72,53709,8420.62,26731,4193.56,27910,4366.2,4457,701.98,1038,162.01,9979,1577.07
1422,000598.SZ,20200803,63675,3302.74,76221,3956.42,83206,4316.94,81318,4220.39,72816,3777.69,66832,3465.83,26457,1373.45,21783,1128.17,19080,997.69
1423,000615.SZ,20200803,28411,1190.88,27992,1173.89,28087,1177.38,37578,1575.59,20867,875.55,15933,668.18,11614,486.9,7476,313.06,-121,-3.0
1424,600882.SH,20200803,19221,8693.72,21791,9872.5,28055,12728.39,27266,12331.04,37185,16867.03,31583,14365.74,18369,8324.7,22190,10044.56,33213,15046.65
1425,603115.SH,20200803,13106,2518.59,10218,1965.81,10470,2013.83,11506,2212.78,2614,503.29,3847,738.82,608,117.16,1227,235.45,418,82.7
1426,000900.SZ,20200803,23986,931.78,40708,1581.02,31964,1239.78,37240,1445.9,32661,1269.06,13695,531.85,4000,156.0,968,37.85,28031,1091.54
1427,002083.SZ,20200803,58758,3229.89,81138,4462.62,89634,4926.0,101521,5582.1,77305,4248.95,53841,2958.21,23094,1274.25,12290,676.15,20235,1117.88
1428,601860.SH,20200803,106228,4692.72,126994,5614.01,163494,7225.24,155812,6887.72,112650,4979.76,115874,5119.84,63754,2817.78,47446,2093.92,29160,1310.34
1429,002417.SZ,20200803,134756,10643.52,121223,9585.08,131264,10364.61,128121,10121.9,63711,5029.94,75682,5968.39,11313,899.47,16018,1262.17,29886,2402.44
1430,300032.SZ,20200803,35183,1606.43,25794,1180.62,44374,2024.93,42352,1936.44,22781,1043.17,31210,1423.11,2948,134.96,5930,269.32,9784,452.02
1431,601991.SH,20200803,89398,2173.7,135134,3287.22,101788,2479.2,113929,2775.85,77760,1895.22,52154,1270.1,38062,924.63,5791,139.56,82429,2009.85
1432,603377.SH,20200803,10908,2430.08,10020,2232.79,21141,4712.64,20815,4642.35,9134,2037.86,12365,2757.17,4672,1042.83,2655,591.11,1853,418.31
1433,002548.SZ,20200803,168955,19688.05,198942,23214.74,251230,29241.08,252601,29445.78,245522,28635.2,226363,26357.46,103713,12198.75,91514,10745.09,81164,9591.79
1434,002702.SZ,20200803,147670,13591.52,132877,12264.61,150083,13836.0,166850,15373.76,96709,8923.1,91706,8450.77,21390,1979.59,24419,2241.07,-37173,-3366.24
1435,300163.SZ,20200803,22518,1081.15,10713,514.3,28156,1352.06,31423,1508.72,8713,417.7,17297,829.98,2430,116.77,2384,114.67,3677,179.93
1436,600586.SH,20200803,163657,5979.09,145912,5337.85,165558,6051.95,154048,5630.75,123666,4523.33,155862,5696.74,34433,1257.66,31492,1146.69,13838,531.03
1437,600740.SH,20200803,89482,4602.8,156625,8058.78,150879,7756.68,183659,9440.15,169746,8723.82,122907,6312.21,73184,3764.13,20100,1036.28,158182,8142.81
1438,600871.SH,20200803,78554,1440.88,76896,1412.87,98589,1808.88,89509,1644.81,111162,2043.1,78160,1434.97,19036,349.7,62776,1149.92,-19340,-343.55
1439,000735.SZ,20200803,151013,16575.0,182222,20012.99,221277,24287.37,230088,25258.38,217402,23855.6,192477,21133.58,95075,10452.69,79979,8765.72,72491,8012.79
1440,002072.SZ,20200803,9966,525.45,9774,516.26,18932,999.19,18679,983.75,10929,576.32,11374,600.95,0,0.0,0,0.0,889,48.47
1441,002406.SZ,20200803,48857,3445.17,54566,3851.35,46635,3289.16,40602,2861.35,24721,1743.79,26612,1876.18,3735,265.81,2168,155.04,41688,2941.04
1442,300606.SZ,20200803,8993,2031.91,10151,2294.21,11976,2704.15,13560,3063.21,7304,1651.18,5520,1247.61,1901,430.97,943,213.19,4544,1027.74
1443,600449.SH,20200803,52808,9827.35,59455,11097.3,66742,12449.24,76720,14315.7,65195,12161.71,57453,10713.33,28294,5296.35,19410,3608.32,-43587,-8091.94
1444,600603.SH,20200803,85853,4950.05,85529,4938.08,82950,4781.77,97180,5607.31,54388,3143.04,46693,2693.11,15398,890.82,9187,527.2,11288,665.08
1445,605288.SH,20200803,3853,5011.54,3404,4445.87,5288,6883.11,4622,6023.1,2950,3846.17,3696,4807.21,720,939.24,1089,1403.87,308,403.14
1446,300737.SZ,20200803,15402,4109.28,16910,4524.98,19068,5099.52,19596,5238.92,16896,4518.19,24453,6528.76,12130,3242.69,2537,677.02,-9553,-2533.32
1447,600734.SH,20200803,48688,941.09,50058,970.57,49745,962.08,54907,1065.04,35853,698.04,29320,565.61,0,0.0,0,0.0,-8400,-152.0
1448,600865.SH,20200803,27933,2015.37,23933,1728.34,32540,2348.54,27463,1982.67,13843,1000.17,22920,1653.06,0,0.0,0,0.0,3222,236.6
1449,002515.SZ,20200803,264059,21066.32,227009,18119.63,278309,22230.38,317158,25338.74,217112,17350.71,210972,16852.56,36850,2946.95,41190,3283.42,-55213,-4321.28
1450,300130.SZ,20200803,33951,4893.31,35874,5174.92,53088,7652.63,58153,8384.57,37915,5470.0,30564,4405.93,4458,644.65,4821,695.17,17909,2587.95
1451,002646.SZ,20200803,12344,1343.51,13164,1434.24,12147,1323.98,13139,1430.84,9155,998.62,7359,801.37,1000,107.8,984,107.45,1992,218.05
1452,002800.SZ,20200803,6368,1443.73,5610,1273.94,5695,1292.18,6348,1439.43,2236,508.52,1619,366.81,0,0.0,722,164.26,3699,840.0
1453,300261.SZ,20200803,254552,18278.66,162110,11672.4,260230,18735.9,258113,18573.01,162879,11726.87,236619,17026.41,31306,2264.83,52125,3734.44,-103458,-7365.92
1454,600307.SH,20200803,87874,1457.17,112293,1860.26,141176,2338.81,129688,2150.12,87652,1450.94,78145,1294.9,33149,550.27,29725,491.91,-8112,-122.68
1455,603809.SH,20200803,5725,1163.42,10407,2117.15,10853,2204.88,16820,3424.3,17595,3582.47,17852,3652.35,30584,6286.55,19678,4043.52,-6131,-1257.86
1456,002777.SZ,20200803,12345,3460.47,14576,4086.99,14237,3993.39,13697,3841.03,10489,2944.87,8226,2308.98,555,156.34,1128,318.06,2181,625.52
1457,002931.SZ,20200803,12059,2154.57,14878,2664.16,17571,3143.03,16554,2961.54,6729,1208.54,4932,881.52,6,1.07,0,0.0,9347,1675.43
1458,300392.SZ,20200803,19994,1843.62,23861,2200.7,39714,3654.43,37119,3420.5,16364,1506.59,16222,1488.34,1130,104.89,0,0.0,12853,1184.52
1459,600438.SH,20200803,123484,33823.19,96288,26469.55,166633,45707.92,136903,37584.59,216634,59576.44,201893,55446.92,71813,19778.84,143480,39385.32,-58116,-15764.07
1460,000099.SZ,20200803,26925,2212.17,52778,4427.5,48323,3976.52,66131,5536.93,42665,3553.47,47504,3948.57,60933,5202.72,12432,1031.88,9874,707.42
1461,600361.SH,20200803,41079,2075.39,48187,2438.42,42280,2137.56,44154,2233.47,29973,1519.78,22994,1162.39,2003,101.55,0,0.0,8823,453.94
1462,603863.SH,20200803,25796,3459.34,24681,3314.76,31763,4264.74,35319,4736.83,13442,1806.74,11001,1479.24,0,0.0,0,0.0,9861,1326.73
1463,300495.SZ,20200803,27818,2355.61,28802,2440.15,44245,3745.89,40369,3418.74,21572,1828.16,24369,2063.21,4076,345.36,4171,352.93,4205,361.65
1464,000510.SZ,20200803,66323,3127.44,56909,2685.17,66472,3134.8,58130,2742.67,32035,1511.22,41071,1934.92,2230,105.7,10950,516.4,31763,1502.66
1465,300780.SZ,20200803,14945,2877.96,12276,2369.33,24230,4672.17,22201,4280.42,7697,1483.75,7929,1528.35,0,0.0,4466,855.79,-1901,-360.25
1466,300829.SZ,20200803,4130,3727.43,5713,5185.38,8906,8041.88,10342,9352.62,7606,6841.01,7310,6638.51,6785,6281.03,4063,3714.84,-534,-615.92
1467,600826.SH,20200803,18211,2128.14,12279,1437.01,24418,2857.15,16668,1950.28,14972,1750.43,27374,3199.41,3169,369.41,4450,518.44,-3569,-414.79
1468,601519.SH,20200803,196981,21296.2,196675,21316.99,289443,31299.35,273899,29654.76,231851,25124.24,251397,27185.89,66134,7175.73,62438,6737.87,36832,4095.74
1469,603010.SH,20200803,54421,9664.38,46712,8374.43,66108,11761.39,83518,14912.19,67569,12087.17,77775,13909.57,57262,10408.32,37354,6725.06,-298,-227.74
1470,002027.SZ,20200803,548682,32554.24,448075,26623.0,619101,36761.37,757697,45024.68,549301,32646.42,931298,55331.21,740381,44033.64,320394,19016.79,-235658,-13866.47
1471,002158.SZ,20200803,61145,9177.57,74619,11283.28,88504,13318.08,101393,15294.83,74700,11287.99,71099,10705.42,45740,6940.78,22978,3440.89,34593,5285.13
1472,002312.SZ,20200803,116887,6618.63,150581,8525.56,182727,10324.96,152688,8639.35,117438,6642.14,100804,5695.91,39569,2247.35,52548,2972.25,101581,5757.29
1473,603977.SH,20200803,33745,2479.66,42943,3158.72,35454,2605.96,37441,2750.74,24605,1816.87,14853,1095.61,1433,102.57,0,0.0,31104,2295.06
1474,300763.SZ,20200803,8960,8112.94,12429,11276.58,8886,8059.56,9654,8738.0,5558,5053.54,3966,3588.59,3318,2984.94,672,607.8,219,231.08
1475,600760.SH,20200803,74866,50720.6,83341,56467.08,135718,91794.26,137955,93480.38,164008,110855.24,162719,110085.69,109112,73499.2,99688,66836.14,49837,33742.23
1476,600809.SH,20200803,12246,21916.53,10290,18442.75,16241,29089.34,12338,22111.19,10003,17914.1,12829,22949.63,5171,9256.32,8203,14672.72,-4473,-7990.34
1477,000755.SZ,20200803,18558,723.91,20514,801.02,15958,623.05,20292,792.03,14169,553.69,9126,356.24,1248,48.66,0,0.0,4594,181.97
1478,002092.SZ,20200803,152305,8965.52,144798,8537.58,219399,12916.75,178684,10525.71,162320,9567.53,166479,9808.34,71933,4241.13,115997,6819.29,54353,3208.06
1479,601918.SH,20200803,41194,1110.93,59212,1598.51,50276,1356.92,67136,1811.82,63451,1714.47,44938,1213.76,16365,441.77,0,0.0,48160,1305.04
1480,000886.SZ,20200803,153343,8624.54,164094,9243.21,196090,11036.09,218317,12294.92,193744,10900.98,179273,10092.12,100981,5702.47,82476,4633.82,-7172,-345.62
1481,002426.SZ,20200803,560646,11217.34,229669,4600.52,505144,10116.44,361325,7239.34,349155,6992.04,400936,8043.34,168664,3381.44,591679,11824.06,-530082,-10572.21
1482,300041.SZ,20200803,42246,6324.71,36128,5430.11,54771,8212.72,57723,8660.9,40011,6004.63,43208,6479.15,11475,1730.24,11443,1702.14,17498,2649.47
1483,603386.SH,20200803,9498,1420.1,7307,1093.35,9080,1358.2,6730,1007.44,4775,714.62,8116,1213.2,0,0.0,1200,178.92,5098,762.48
1484,688336.SH,20200803,15654,7415.98,13195,6291.24,41615,19744.74,35152,16718.06,43177,20538.76,39367,18676.2,10905,5198.38,23638,11212.36,4940,2408.13
1485,300221.SZ,20200803,161044,8810.71,146139,8016.69,218751,11973.17,180062,9864.21,112924,6195.97,150767,8247.59,17907,983.68,33658,1835.04,-23241,-1240.9
1486,600064.SH,20200803,36211,3853.6,52101,5553.37,57329,6099.99,52807,5624.16,45818,4882.86,38403,4089.53,12882,1376.8,8928,946.19,10845,1165.05
1487,603566.SH,20200803,26493,7478.7,23614,6667.49,14025,3959.67,18528,5231.07,11908,3365.56,10874,3072.36,2100,593.21,1512,426.22,6704,1908.99
1488,688516.SH,20200803,2705,1639.01,3422,2079.18,7797,4727.33,9862,5989.99,8322,5058.5,5857,3552.66,573,350.97,255,153.98,1368,846.88
1489,002737.SZ,20200803,49186,7921.4,45524,7335.0,54305,8747.95,63935,10300.43,42803,6904.31,42305,6811.61,11205,1798.33,5736,924.93,10002,1635.75
1490,002411.SZ,20200803,112948,8910.41,116086,9162.36,120802,9529.1,118372,9336.87,72993,5760.92,76036,5998.32,20993,1657.86,17242,1360.74,2445,202.1
1491,688321.SH,20200803,5933,4052.15,5963,4091.12,11262,7705.66,11302,7740.09,9592,6581.46,9566,6546.41,2096,1434.49,2053,1396.14,1601,1098.42
1492,002388.SZ,20200803,33986,2546.94,43701,3280.24,38068,2853.4,37113,2778.65,26231,1968.94,17471,1310.39,0,0.0,0,0.0,12162,909.88
1493,002542.SZ,20200803,47349,1695.03,68825,2468.12,66685,2387.34,75804,2715.39,33463,1198.49,25470,909.18,22601,811.84,0,0.0,20915,750.74
1494,300206.SZ,20200803,52097,12443.41,64470,15411.99,64636,15444.71,63505,15188.62,62420,14936.28,51329,12273.79,17017,4080.42,16865,4030.41,1582,420.21
1495,600203.SH,20200803,30423,2774.8,30538,2792.08,44524,4060.81,46959,4291.09,30950,2826.05,31469,2868.89,10609,975.15,7541,684.75,10848,990.92
1496,688298.SH,20200803,41,98.57,141,347.1,9550,23352.79,9805,24045.99,12099,29556.12,12048,29505.62,5191,12706.7,4886,11815.48,354,974.77
1497,002673.SZ,20200803,126341,12713.31,143758,14479.94,202226,20359.95,203489,20496.13,200799,20221.02,151715,15270.01,114165,11504.72,144570,14552.92,27240,2788.98
1498,603605.SH,20200803,8280,15551.38,9569,17964.05,6837,12827.92,6475,12167.11,4729,8884.36,3835,7202.54,1754,3290.75,1721,3220.71,-3969,-7402.75
1499,688198.SH,20200803,2390,2536.38,2202,2332.63,4695,4969.91,5270,5587.7,4931,5229.32,3849,4073.46,1419,1502.9,2115,2244.72,1172,1264.53
1500,002573.SZ,20200803,32156,1931.81,39670,2385.45,48628,2921.69,48201,2898.95,35893,2158.85,42068,2526.9,15762,949.94,2500,151.0,26234,1584.83
1501,300237.SZ,20200803,82235,1978.61,84086,2025.64,115988,2787.18,109809,2644.46,123435,2975.57,124773,2998.83,18514,444.99,21503,517.42,91716,2212.18
1502,600234.SH,20200803,1052,104.7,1217,121.59,1980,197.8,1458,145.46,707,70.79,1064,106.23,0,0.0,0,0.0,593,59.47
1503,002907.SZ,20200803,34077,6862.45,41775,8428.57,47204,9502.8,51716,10502.43,26298,5346.27,24687,5042.01,16783,3504.9,6184,1243.41,4938,909.23
1504,300599.SZ,20200803,25836,3799.82,18332,2699.88,27291,4014.53,22262,3277.46,13170,1938.96,26547,3901.27,1548,228.37,704,103.07,-10311,-1512.39
1505,300753.SZ,20200803,5439,2010.9,4819,1783.46,6213,2297.94,7274,2690.55,3312,1225.22,2805,1037.34,300,111.25,366,133.96,-379,-138.31
1506,600596.SH,20200803,52790,4797.75,48427,4404.16,88334,8031.76,93316,8485.89,60031,5458.76,59465,5405.36,9500,864.51,9447,857.37,-19143,-1728.7
1507,600750.SH,20200803,56477,7682.44,55323,7528.94,60212,8194.91,64813,8824.21,39119,5325.38,48528,6610.71,16862,2304.14,4006,543.02,4352,608.99
1508,600881.SH,20200803,87794,3167.69,80265,2896.23,111880,4037.98,90475,3266.61,84267,3041.95,81179,2930.63,13370,483.34,45392,1637.49,-44112,-1575.71
1509,002082.SZ,20200803,0,0.0,3159,482.1,0,0.0,3326,507.52,0,0.0,2909,443.91,12154,1854.71,2760,421.18,-12154,-1854.71
1510,601908.SH,20200803,96814,4618.79,112652,5377.28,134295,6408.57,149351,7122.58,124936,5959.52,101034,4825.46,24099,1160.37,17108,821.93,66751,3196.36
1511,300549.SZ,20200803,7015,896.26,5928,758.38,6163,787.68,6634,847.41,2835,362.99,3470,443.55,19,2.42,0,0.0,-1378,-176.01
1512,300703.SZ,20200803,43294,6451.95,40179,6000.32,48652,7248.54,52859,7884.67,27786,4150.61,26484,3943.83,7390,1114.88,7600,1137.17,12111,1840.74
1513,600546.SH,20200803,87674,13174.18,61126,9219.44,138001,20765.87,128790,19415.68,154381,23269.94,161491,24326.12,59160,8964.74,87810,13213.49,-48958,-7283.47
1514,600831.SH,20200803,51365,3889.72,57962,4391.97,54864,4156.94,52522,3978.88,39811,3018.9,36218,2743.76,4163,315.41,3500,266.35,32416,2461.95
1515,002032.SZ,20200803,10294,8714.27,9711,8222.09,6858,5806.01,7525,6373.33,2278,1925.8,3217,2717.58,1173,993.56,149,126.64,-469,-385.93
1516,600962.SH,20200803,19678,1743.66,16368,1452.17,19608,1739.47,18049,1601.39,14103,1250.35,14650,1297.72,0,0.0,4322,382.19,2601,234.82
1517,000826.SZ,20200803,45200,3793.85,52875,4440.31,77338,6488.45,73141,6137.46,49065,4120.59,52464,4404.44,14533,1221.86,7656,642.54,31498,2646.31
1518,000937.SZ,20200803,78962,2814.64,79371,2830.73,106173,3784.28,87727,3127.14,51771,1844.99,68996,2457.41,18884,673.9,19696,702.53,46593,1672.68
1519,002274.SZ,20200803,64314,3309.61,68712,3542.52,78320,4029.72,81304,4189.28,71374,3678.33,76017,3910.91,30133,1555.39,18107,930.35,23851,1239.63
1520,002608.SZ,20200803,22855,1593.97,15149,1057.98,20640,1438.13,21721,1514.87,11152,774.96,14871,1033.62,0,0.0,2906,200.59,8763,613.96
1521,300069.SZ,20200803,4052,670.01,4383,725.51,3051,504.91,2896,478.79,2057,340.7,2118,350.62,237,39.3,0,0.0,599,99.4
1522,300223.SZ,20200803,13455,12740.05,17766,16831.79,24604,23320.28,27397,25941.38,21380,20253.84,20477,19395.84,10907,10319.36,4705,4464.52,6499,6163.15
1523,600066.SH,20200803,37366,5223.51,58106,8141.37,46344,6478.8,68896,9633.92,69669,9763.51,33826,4744.09,19807,2793.28,12358,1739.73,29042,4093.16
1524,300019.SZ,20200803,43082,7413.33,53381,9206.79,50091,8586.05,48194,8255.36,26796,4607.17,23469,4007.02,6386,1086.31,1311,223.7,12786,2233.03
1525,600016.SH,20200803,225691,12541.41,246548,13698.24,408893,22723.06,407498,22647.67,402776,22385.25,403623,22433.31,321391,17869.72,301083,16740.21,-270944,-14997.71
1526,603518.SH,20200803,33796,2550.5,34469,2604.3,40983,3092.43,43685,3296.11,20406,1540.71,17031,1283.23,0,0.0,0,0.0,2808,217.21
1527,002486.SZ,20200803,70974,2886.55,73063,2973.0,88536,3600.69,90592,3684.63,64923,2640.4,54189,2203.14,6132,249.56,12720,516.42,13669,562.54
1528,002640.SZ,20200803,134783,10903.83,138016,11184.83,207984,16831.12,196417,15915.74,166816,13512.84,157866,12773.9,56115,4552.55,73399,5925.88,-64349,-5147.65
1529,300304.SZ,20200803,38530,1619.49,54343,2282.89,63515,2669.54,62394,2620.55,49351,2073.69,36653,1540.94,8517,356.59,6523,274.94,33573,1416.21
1530,600301.SH,20200803,2380,151.56,2802,178.65,4326,275.68,3957,251.92,538,34.43,485,31.09,0,0.0,0,0.0,648,41.95
1531,603803.SH,20200803,26189,3344.4,18381,2350.05,26163,3341.79,30410,3884.41,11533,1474.15,15093,1926.13,1000,127.3,1000,127.05,2283,296.72
1532,002163.SZ,20200803,85404,15080.3,132200,23535.2,132350,23407.74,165383,29422.28,146518,26020.23,158049,28135.89,171531,30843.37,80171,14258.27,64221,11415.92
1533,603326.SH,20200803,20155,3322.69,24874,4112.21,30590,5046.97,30914,5104.53,16887,2793.8,11375,1872.2,5361,879.74,5830,954.25,13740,2289.0
1534,000957.SZ,20200803,43971,3217.07,54243,3979.04,35907,2629.81,51192,3754.31,40613,2978.17,34197,2501.69,19142,1410.0,0,0.0,34383,2527.52
1535,002294.SZ,20200803,24647,8632.96,26402,9259.38,31296,10971.43,31065,10892.22,29821,10457.69,27337,9578.87,7681,2693.36,8641,3024.98,-7538,-2623.99
1536,300112.SZ,20200803,14772,1258.82,13456,1147.94,21213,1809.72,20940,1786.31,8586,733.69,10175,867.98,0,0.0,0,0.0,2555,218.99
1537,002110.SZ,20200803,86535,6241.19,76668,5532.97,97664,7043.49,87666,6324.99,78116,5634.16,87709,6326.03,24640,1778.39,34912,2513.24,-23981,-1712.56
1538,600886.SH,20200803,54374,4694.43,57959,5002.15,78048,6738.7,64088,5535.67,41891,3616.86,52544,4536.11,5980,516.73,5701,492.79,-8165,-693.12
1539,601579.SH,20200803,11725,1047.79,8790,786.17,8700,778.1,9165,818.85,1289,115.34,3759,336.21,0,0.0,0,0.0,7466,668.6
1540,688020.SH,20200803,1413,1677.54,2087,2479.15,3607,4287.58,3744,4451.36,5438,6476.87,4646,5538.27,1009,1202.61,990,1175.82,2158,2592.08
1541,002087.SZ,20200803,77461,2980.78,89354,3442.56,89255,3434.01,84816,3262.23,60211,2318.11,33820,1299.19,36874,1422.76,55811,2151.68,43808,1695.96
1542,002241.SZ,20200803,294701,126245.94,187507,80438.1,374213,160441.22,349880,150010.52,377838,162193.62,416057,178526.69,245267,105178.8,338575,145084.27,-67510,-28321.5
1543,002372.SZ,20200803,30893,4256.48,31214,4303.43,32756,4513.48,32740,4511.93,21424,2953.64,24083,3316.86,10176,1399.15,7211,990.53,-70,0.26
1544,300036.SZ,20200803,36797,9383.69,39326,10029.27,63307,16136.81,57523,14668.25,64939,16541.2,68295,17370.31,7952,2015.63,7851,2009.5,8899,2261.11
1545,688396.SH,20200803,37213,21669.12,28141,16478.6,99826,58204.09,89217,52108.25,108271,63210.27,118449,69092.29,44222,25897.46,53725,31301.8,-24339,-14056.79
1546,002771.SZ,20200803,24862,3629.25,25133,3670.03,32256,4703.17,33407,4875.19,15071,2199.84,15496,2257.76,2609,382.87,762,112.15,8819,1295.23
1547,300435.SZ,20200803,41447,5110.12,37728,4655.39,46881,5781.97,45297,5587.01,22289,2757.23,23934,2950.77,0,0.0,3658,456.15,8319,1034.38
1548,600278.SH,20200803,20682,2106.2,18122,1845.27,19759,2012.57,21375,2175.57,11227,1144.93,11171,1140.77,0,0.0,1000,102.1,10872,1106.03
1549,600705.SH,20200803,81611,3981.05,250305,12593.97,186195,9129.12,290786,14578.72,234645,11586.89,290685,14630.71,475515,24496.61,146190,7390.27,-230798,-12286.74
1550,000520.SZ,20200803,34721,1289.28,64721,2408.11,48438,1799.47,45295,1684.78,30021,1119.6,20111,748.12,21595,806.04,4648,173.37,50960,1896.72
1551,300790.SZ,20200803,9947,2459.55,13474,3339.85,15840,3918.98,15628,3870.09,10302,2551.51,8058,1987.57,1348,335.74,279,68.28,6879,1708.05
1552,300839.SZ,20200803,8689,2705.43,8725,2722.36,10100,3149.25,10262,3197.62,4183,1305.19,4001,1244.06,350,109.23,335,105.06,1934,610.05
1553,600836.SH,20200803,13663,723.95,8120,431.62,12985,688.91,16652,883.49,3297,175.86,5172,273.61,0,0.0,0,0.0,-5880,-309.73
1554,603020.SH,20200803,25764,3100.0,34190,4120.8,32894,3961.93,32294,3888.06,21174,2557.51,12755,1537.66,1000,121.43,1593,194.35,7506,906.05
1555,000651.SZ,20200803,155779,88972.72,104495,59741.49,267165,152647.38,250847,143357.03,254630,145519.5,242926,138809.18,146324,83639.04,225630,128870.95,-14648,-8216.04
1556,002037.SZ,20200803,24927,1970.12,38791,3073.11,39706,3146.08,37839,3001.64,29895,2379.18,22275,1765.18,5876,462.66,1500,118.1,11595,924.72
1557,600967.SH,20200803,127383,14446.3,152781,17323.61,170174,19273.8,178611,20254.17,170647,19330.67,149544,16924.23,53553,6066.01,40820,4614.77,78772,8916.3
1558,688101.SH,20200803,7263,1662.08,12221,2801.84,18151,4155.51,18788,4305.85,16722,3839.25,12245,2808.78,1620,374.79,500,115.15,6422,1482.8
1559,000762.SZ,20200803,83024,7558.01,92618,8457.36,122501,11149.51,135042,12322.26,121812,11119.83,104523,9507.27,33616,3085.04,28770,2625.51,57983,5337.21
1560,002148.SZ,20200803,39995,2188.36,43187,2363.83,40609,2218.61,41403,2263.95,33460,1830.18,29975,1638.07,6704,366.88,6204,338.19,23578,1296.48
1561,002302.SZ,20200803,66812,7118.79,82662,8823.03,103632,11056.5,96440,10290.85,85851,9159.99,83850,8937.84,26214,2805.17,19557,2088.73,53256,5708.83
1562,688008.SH,20200803,11018,10061.48,7479,6852.59,36897,33708.36,33334,30475.23,45345,41481.29,67253,61489.13,29021,26616.14,14215,13050.33,10397,9514.85
1563,002180.SZ,20200803,53940,20476.79,35988,13679.6,70655,26839.49,68264,25976.88,64409,24510.74,61918,23559.11,24692,9406.23,47526,18017.66,-28124,-10640.81
1564,002229.SZ,20200803,31393,2255.63,43377,3129.07,37017,2662.3,55759,4019.0,48894,3524.46,38350,2766.82,27420,2000.95,7239,528.45,40500,2929.3
1565,603189.SH,20200803,17918,4781.44,19512,5216.64,20514,5482.41,20506,5479.8,12247,3277.63,11177,2985.53,1299,350.7,783,210.21,-1235,-321.41
1566,688090.SH,20200803,1645,1019.47,2378,1474.75,4151,2574.87,3066,1901.57,1713,1062.5,2060,1277.35,166,103.83,172,106.99,23,13.37
1567,688139.SH,20200803,10432,9070.98,8480,7426.71,27675,24143.38,26691,23345.7,33127,29097.45,37581,32955.36,11494,10133.58,9975,8717.63,8904,8112.58
1568,002514.SZ,20200803,31630,1375.5,35437,1545.97,35685,1553.88,53023,2311.41,43941,1922.31,25773,1124.05,5328,232.94,2351,103.21,38315,1674.76
1569,002645.SZ,20200803,57680,5646.79,50444,4949.63,97122,9526.76,87897,8620.82,58934,5777.15,62512,6120.26,6084,596.1,18968,1856.09,1835,200.53
1570,300260.SZ,20200803,10146,2249.42,19339,4350.78,15010,3326.51,28308,6359.78,18460,4110.74,19654,4412.77,32343,7368.95,8658,1932.29,2749,572.39
1571,300309.SZ,20200803,89748,3205.53,99702,3563.99,86140,3078.36,79548,2845.6,55097,1972.43,35412,1264.59,3000,107.1,19324,689.24,1387,59.68
1572,600306.SH,20200803,5516,254.31,3033,139.92,9198,423.74,9317,429.84,1969,90.82,3733,171.38,7600,351.12,8200,378.86,3336,155.71
1573,603808.SH,20200803,30576,4313.29,30141,4249.67,29539,4165.46,33972,4792.36,17885,2525.68,16718,2361.86,2831,399.46,0,0.0,13489,1909.68
1574,000782.SZ,20200803,43889,1678.69,37856,1449.28,50003,1913.39,48665,1862.25,13594,521.33,20965,801.89,0,0.0,0,0.0,-17416,-660.61
1575,002968.SZ,20200803,2202,1416.45,2407,1551.21,2068,1331.07,2291,1474.75,1658,1068.32,1230,789.88,0,0.0,0,0.0,-1006,-646.88
1576,300583.SZ,20200803,4506,1378.5,4864,1489.68,5539,1695.9,6020,1843.42,4591,1407.91,3056,935.19,0,0.0,696,214.02,1818,558.37
1577,600580.SH,20200803,68999,8579.8,90694,11275.47,103818,12895.78,109494,13613.68,117482,14593.05,107248,13341.58,35910,4474.38,18773,2312.27,47032,5852.21
1578,600629.SH,20200803,9766,883.01,7857,711.55,10868,983.65,8944,809.77,2798,253.48,6631,598.82,0,0.0,0,0.0,4528,409.68
1579,601607.SH,20200803,55567,12377.09,108023,24110.95,110569,24607.96,180832,40380.79,167252,37262.86,210382,47004.06,379518,85073.44,213670,47825.55,-100352,-22656.92
1580,002115.SZ,20200803,48640,4492.88,69052,6381.71,72587,6704.39,83648,7726.28,56425,5223.09,34284,3172.88,17122,1582.03,7790,721.52,35031,3244.19
1581,688025.SH,20200803,2585,1887.9,3261,2392.83,4938,3594.44,4817,3520.12,5491,4019.23,4861,3532.75,2105,1541.73,2181,1597.6,-993,-695.99
1582,000860.SZ,20200803,24277,15163.3,21850,13664.34,35544,22206.56,37749,23598.38,27588,17231.87,36728,22923.55,16618,10389.23,7700,4804.69,3407,2140.86
1583,000909.SZ,20200803,23536,2211.21,23831,2240.51,34017,3197.39,27690,2603.23,15179,1428.29,10267,962.59,0,0.0,10944,1030.56,17841,1678.34
1584,002246.SZ,20200803,77769,6759.08,73182,6345.88,93326,8077.83,107876,9352.34,53273,4625.57,63149,5499.81,28596,2503.24,8757,767.69,53765,4669.98
1585,002400.SZ,20200803,1095077,106364.63,1071180,104626.87,1273392,123646.3,1285577,125423.51,967161,94159.24,1077982,104817.96,1028380,100753.05,929270,90054.89,476763,47305.59
1586,601869.SH,20200803,10450,3317.35,10658,3386.91,11041,3507.58,10976,3488.55,5684,1808.06,5541,1757.54,0,0.0,0,0.0,4703,1496.62
1587,688555.SH,20200803,2516,1619.9,2962,1911.6,5363,3460.59,5393,3483.24,3656,2360.43,3091,1993.03,344,223.12,433,276.18,440,284.95
1588,603901.SH,20200803,66996,7150.79,75083,8003.17,86286,9204.67,97858,10430.11,61739,6582.84,62201,6648.17,51174,5474.98,31053,3331.82,-8742,-946.7
1589,000060.SZ,20200803,157950,7439.93,160175,7554.23,249789,11769.78,218753,10312.25,242467,11434.06,222983,10506.15,78347,3695.37,126641,5966.5,27758,1351.98
1590,002918.SZ,20200803,27250,10816.65,14662,5857.69,26274,10464.14,19118,7617.9,17184,6845.37,31054,12312.95,7805,3116.57,13680,5454.19,-9029,-3585.18
1591,300379.SZ,20200803,25711,11815.0,38347,17675.14,57291,26309.87,65077,29965.67,68796,31619.94,62878,28916.89,39022,18115.5,24517,11302.61,22682,10569.28
1592,300533.SZ,20200803,8094,2832.36,8179,2868.15,7529,2636.77,8092,2830.95,5482,1919.3,5490,1919.16,732,256.42,76,26.58,942,327.98
1593,600376.SH,20200803,34102,2322.21,30866,2102.09,23112,1573.52,29537,2012.66,19985,1361.85,17737,1206.81,2941,199.99,2000,136.0,3614,251.91
1594,600530.SH,20200803,16361,494.55,13689,414.82,27114,821.19,29156,881.78,7685,233.02,8314,252.16,0,0.0,0,0.0,-5671,-169.28
1595,601069.SH,20200803,105226,17415.55,63085,10463.52,126074,20875.76,116734,19342.21,101004,16719.49,127921,21184.92,20311,3366.85,44876,7387.0,-42604,-7012.26
1596,603878.SH,20200803,28641,2423.25,21989,1862.71,31551,2669.96,28757,2434.62,13467,1140.72,22913,1936.6,0,0.0,0,0.0,-8049,-673.93
1597,300664.SZ,20200803,243280,27266.23,219314,24611.37,379072,42505.09,348994,39150.61,350645,39384.18,349650,39238.35,182336,20581.86,237375,26737.01,-3231,-82.16
1598,600661.SH,20200803,5019,844.53,3981,670.56,4309,725.42,5027,846.36,1498,252.55,1818,305.58,0,0.0,0,0.0,756,128.72
1599,000525.SZ,20200803,83754,7092.29,73176,6201.6,98687,8356.29,104563,8859.6,61336,5201.1,65754,5572.91,4753,405.49,5037,421.07,12918,1105.55
1600,300795.SZ,20200803,9205,2055.26,6066,1357.13,7725,1726.12,8859,1980.01,3077,688.4,5082,1132.63,0,0.0,0,0.0,565,125.25
1601,300053.SZ,20200803,95880,11946.25,149754,18865.69,136440,17002.2,196142,24711.71,132389,16638.0,150130,18940.32,182748,23476.76,51432,6545.48,33293,3946.27
1602,603360.SH,20200803,23290,5076.05,24297,5301.12,27306,5958.55,26099,5696.24,12856,2808.19,14718,3210.79,4761,1041.19,3100,675.82,5971,1313.01
1603,688310.SH,20200803,7589,3697.8,5861,2875.43,18379,8972.9,15059,7372.32,15437,7546.49,19558,9537.16,4685,2278.69,5612,2710.96,-5532,-2679.96
1604,002377.SZ,20200803,33452,1348.08,38368,1550.17,41303,1665.55,53732,2169.78,34689,1403.12,25904,1045.5,11560,468.7,3000,120.0,22156,899.94
1605,002531.SZ,20200803,162878,12579.2,154490,11960.25,281497,21782.52,244667,18932.33,196361,15210.11,215287,16654.54,38058,2944.77,64349,4969.48,-29155,-2213.06
1606,600038.SH,20200803,28861,15526.35,33723,18222.81,74350,40009.89,53586,28901.48,84731,45507.08,65992,35430.1,35374,18990.45,70014,37479.38,57930,31198.4
1607,002662.SZ,20200803,115244,4427.7,127486,4899.84,117845,4526.64,116486,4473.28,71883,2759.36,92833,3564.04,34438,1322.71,2605,99.25,59176,2289.25
1608,300326.SZ,20200803,49151,12891.18,34185,8980.12,60236,15815.34,56194,14748.91,54083,14186.41,74106,19436.04,63981,16825.16,62966,16553.03,-6800,-1767.86
1609,600169.SH,20200803,53770,1121.88,52858,1104.23,67171,1402.4,66921,1396.74,46666,973.66,36520,761.91,16191,337.77,27500,572.85,15603,331.81
1610,600323.SH,20200803,26363,7096.74,17930,4829.17,30097,8104.56,27082,7284.89,20764,5593.91,27662,7450.9,8526,2299.3,13076,3529.56,967,268.68
1611,601016.SH,20200803,394891,13357.31,170331,5760.85,387410,13071.52,262474,8865.84,349391,11784.1,467319,15706.04,479820,16195.18,711389,24075.38,-928470,-31549.35
1612,603825.SH,20200803,31611,8597.92,30185,8221.34,41568,11300.51,39849,10830.06,26394,7179.29,26054,7081.13,3084,832.21,6569,1777.4,-4016,-1080.67
1613,002519.SZ,20200803,169996,8135.64,183990,8791.75,189329,9035.97,204061,9750.31,139916,6694.1,128965,6172.79,40064,1915.82,22288,1066.68,141729,6787.49
1614,002778.SZ,20200803,9447,2257.37,3710,888.94,8111,1939.79,4078,976.17,5143,1228.3,11812,2819.89,701,168.02,3802,908.49,-3660,-871.72
1615,002932.SZ,20200803,10625,11261.48,11976,12652.32,17814,18793.18,18959,20003.01,19317,20352.96,22195,23560.12,11423,12246.46,6049,6438.63,13027,13940.76
1616,300393.SZ,20200803,64874,5212.45,66998,5387.41,121983,9797.5,102345,8230.53,67134,5397.03,89723,7213.3,15434,1249.45,10358,825.2,47819,3839.84
1617,600390.SH,20200803,73460,5838.24,90234,7190.19,130061,10348.83,125053,9963.2,154588,12317.61,130023,10352.93,51459,4101.75,64259,5100.1,5919,503.31
1618,600439.SH,20200803,80532,2954.31,70415,2591.67,73971,2717.56,77209,2836.17,38080,1404.76,48746,1788.67,6685,245.04,2897,105.16,9407,358.57
1619,300727.SZ,20200803,7407,1239.5,5968,999.24,11240,1881.73,8773,1469.16,3014,505.1,6265,1048.72,0,0.0,654,109.22,52,9.79
1620,600724.SH,20200803,104456,4853.12,91879,4271.99,110548,5142.68,110373,5132.7,53533,2488.03,61244,2845.14,5306,245.93,10347,479.92,574,44.72
1621,300858.SZ,20200803,0,0.0,282,154.9,0,0.0,0,0.0,0,0.0,0,0.0,282,154.9,0,0.0,-282,-154.9
1622,600855.SH,20200803,114445,21599.56,134344,25306.6,142933,26921.99,155701,29335.06,90175,16950.2,89026,16754.83,58891,11079.44,27373,5154.7,97347,18337.23
1623,000719.SZ,20200803,21822,1699.35,20948,1631.96,22390,1743.2,20363,1585.9,11331,882.83,12666,985.84,0,0.0,1566,121.69,-2594,-198.48
1624,002056.SZ,20200803,90731,10926.91,99510,11991.12,117145,14112.08,126818,15278.82,98930,11920.25,81071,9763.05,18831,2273.09,18237,2199.34,21234,2578.56
1625,002210.SZ,20200803,21395,504.92,11567,272.97,19174,452.5,17742,418.72,15854,374.15,26788,632.2,6320,149.16,6646,156.85,-55704,-1314.61
1626,300777.SZ,20200803,12050,6148.32,15433,7916.02,22342,11426.99,21191,10854.6,23407,12034.88,19251,9855.0,12133,6257.39,14058,7241.96,15028,7768.22
1627,002839.SZ,20200803,157036,9797.92,150486,9403.64,200211,12498.8,181448,11336.12,137560,8593.11,151440,9455.29,59469,3722.36,70901,4417.13,8515,577.84
1628,300454.SZ,20200803,3769,8159.87,3896,8453.23,6058,13135.66,5585,12090.25,6182,13384.81,4722,10221.21,3524,7663.55,5331,11579.2,2744,5985.31
1629,600297.SH,20200803,58091,2438.62,149098,6292.58,104388,4382.38,208749,8795.6,174788,7343.65,163793,6919.31,232857,9910.48,48484,2067.64,13100,496.35
1630,603799.SH,20200803,92407,39523.12,81970,35146.15,147948,63334.52,143314,61383.75,163787,70175.07,166064,71112.42,51278,21998.14,64072,27388.52,3795,1783.19
1631,300585.SZ,20200803,12613,1869.64,9345,1385.12,8989,1331.71,13660,2024.1,5245,777.46,3842,569.59,0,0.0,0,0.0,4163,618.82
1632,600582.SH,20200803,61383,1917.4,79824,2495.12,80035,2499.26,74238,2319.14,53015,1657.13,54533,1703.56,18385,574.96,4223,130.91,-4584,-140.76
1633,000600.SZ,20200803,69072,3870.15,63441,3557.59,84241,4719.01,60284,3379.03,40757,2285.48,61610,3450.21,5413,304.73,14147,792.54,-17137,-953.46
1634,601609.SH,20200803,123050,15660.71,122565,15632.18,141843,18058.05,128599,16363.58,87285,11121.57,83660,10624.15,7785,991.75,25140,3212.19,53174,6784.17
1635,603100.SH,20200803,14105,1327.37,12454,1172.85,16908,1592.91,17759,1673.11,5311,501.08,6111,575.4,0,0.0,0,0.0,5110,481.62
1636,000731.SZ,20200803,53660,2998.21,64662,3622.5,97716,5462.13,100695,5634.18,82975,4649.25,96383,5387.07,48999,2751.45,21610,1217.29,36106,2047.19
1637,002117.SZ,20200803,64826,8145.96,59864,7525.33,89948,11293.66,82777,10403.8,72541,9105.87,87321,10957.48,31714,3991.46,29068,3650.32,36537,4609.09
1638,603077.SH,20200803,271163,3706.46,346946,4741.62,359208,4907.62,377256,5154.09,437689,5971.33,400694,5467.3,175128,2392.48,118291,1614.89,371740,5099.26
1639,300360.SZ,20200803,28956,3028.5,32812,3440.22,30712,3217.39,34437,3607.14,20952,2199.73,15023,1576.37,6103,642.74,4451,464.63,8240,869.38
1640,600774.SH,20200803,14647,2032.55,13773,1916.4,16530,2297.54,14525,2017.66,5666,788.16,8545,1184.19,0,0.0,0,0.0,-1665,-225.01
1641,603007.SH,20200803,25097,1912.95,29424,2241.04,26696,2030.46,25814,1963.54,14388,1094.36,8403,639.32,0,0.0,2541,193.88,4981,384.94
1642,000638.SZ,20200803,42859,2158.33,62464,3155.33,44168,2224.71,43257,2187.74,39738,2005.54,28247,1424.6,17232,879.05,10030,499.96,-1609,-69.17
1643,601598.SH,20200803,62393,2140.87,87721,3011.05,74289,2549.38,69965,2401.61,62528,2145.54,57228,1964.42,34836,1197.57,19134,656.28,-9716,-327.39
1644,603138.SH,20200803,27157,6486.48,33438,8005.69,35985,8601.64,38659,9249.21,35169,8432.44,23128,5531.15,5481,1311.29,8567,2045.8,12554,3006.29
1645,000923.SZ,20200803,31919,4740.85,29379,4359.64,29990,4455.84,32984,4898.85,17865,2652.17,24957,3713.36,7547,1122.99,0,0.0,1814,289.73
1646,002309.SZ,20200803,37334,2185.99,32709,1919.4,42290,2478.03,45846,2686.23,32594,1911.39,36950,2165.7,7285,429.16,3999,233.25,15768,927.84
1647,603269.SH,20200803,5302,706.18,4260,568.72,3841,512.34,3589,477.48,170,22.54,1464,194.86,0,0.0,0,0.0,1905,254.24
1648,002391.SZ,20200803,44083,3802.11,55443,4787.48,73554,6348.03,78277,6755.1,56026,4837.8,43803,3781.53,13432,1160.46,9572,824.3,37089,3208.09
1649,300055.SZ,20200803,38994,2664.57,34465,2354.1,50590,3456.65,40696,2781.5,27072,1850.63,38396,2624.84,3434,234.56,6533,445.97,29235,1997.55
1650,600052.SH,20200803,66932,2461.48,76376,2809.58,71583,2631.18,67794,2494.78,35717,1314.86,37360,1372.55,7298,269.4,0,0.0,16396,608.97
1651,002725.SZ,20200803,24706,2617.18,30095,3191.74,25653,2716.52,30350,3216.99,21117,2240.32,12428,1313.99,1397,148.7,0,0.0,11126,1182.49
1652,002346.SZ,20200803,10927,1152.23,9800,1033.84,8088,853.13,8107,854.73,2821,297.95,2877,303.64,0,0.0,1052,111.09,4017,425.04
1653,300409.SZ,20200803,42153,5382.02,33284,4254.14,53725,6861.12,50298,6424.97,31680,4051.51,39123,4995.32,1374,175.09,6226,795.31,15627,2006.34
1654,600406.SH,20200803,44243,9471.93,55604,11940.58,89001,19067.05,88002,18885.13,86966,18665.38,81785,17535.49,25216,5447.61,20034,4290.78,12270,2677.17
1655,603908.SH,20200803,3246,867.75,2976,796.03,2689,720.68,2508,671.15,489,130.89,940,252.13,0,0.0,0,0.0,880,236.32
1656,002876.SZ,20200803,7081,3345.34,7354,3479.33,9589,4535.93,9463,4474.73,6384,3023.32,5566,2630.99,225,105.93,897,425.46,1984,940.44
1657,300491.SZ,20200803,10667,1432.45,9587,1289.07,17701,2378.93,16319,2193.55,7224,971.26,7923,1064.18,5432,729.14,7194,964.99,1045,139.19
1658,600537.SH,20200803,70852,2439.39,55653,1917.83,92262,3178.72,81080,2794.2,81970,2821.97,63953,2202.69,13932,477.87,58330,2003.23,-43009,-1470.2
1659,603990.SH,20200803,6854,3271.44,5669,2709.36,10230,4881.35,13919,6654.09,18132,8662.45,15195,7249.0,2002,959.28,2435,1162.07,-5903,-2806.81
1660,300825.SZ,20200803,28146,6136.56,23322,5092.79,37517,8176.53,41224,8989.15,23339,5094.84,27041,5885.67,3586,779.38,1000,219.7,19300,4212.93
1661,600668.SH,20200803,65444,11314.95,47178,8159.39,91857,15889.58,85806,14849.77,72611,12550.91,84055,14536.57,23578,4069.78,36451,6279.5,-22670,-3863.03
1662,600822.SH,20200803,31828,3933.86,19034,2356.96,28898,3573.41,27554,3410.01,15150,1875.44,26143,3230.22,800,100.0,3946,485.52,-13274,-1633.31
1663,601515.SH,20200803,130162,9860.97,146153,11020.11,150921,11396.97,141535,10668.46,134680,10192.61,141191,10711.14,62269,4720.06,49153,3770.91,66773,5049.65
1664,002023.SZ,20200803,93977,15642.35,135849,22665.11,138885,23105.36,157367,26251.15,109576,18221.94,109138,18214.52,92191,15639.55,32275,5478.4,73045,12286.43
1665,000752.SZ,20200803,8434,329.48,6864,268.75,6042,236.49,6625,258.63,3089,120.98,4076,159.57,0,0.0,0,0.0,63,3.36
1666,002138.SZ,20200803,125108,35003.67,98312,27513.22,209364,58636.83,148883,41679.38,146653,41085.52,166198,46556.08,48859,13679.83,116591,32657.17,20680,5896.58
1667,603098.SH,20200803,11828,1136.88,10285,989.67,9798,943.18,10354,995.96,1807,174.24,2793,268.67,0,0.0,0,0.0,4107,395.08
1668,688202.SH,20200803,1195,1671.68,1354,1900.78,3073,4306.77,3077,4313.78,2199,3081.38,2564,3582.57,841,1174.2,313,436.9,851,1212.45
1669,000883.SZ,20200803,58290,2212.85,67102,2547.95,58593,2223.85,42127,1600.5,53122,2017.24,33758,1281.51,10920,414.26,37938,1438.25,-38450,-1451.88
1670,002269.SZ,20200803,95681,2175.99,103811,2370.55,110979,2524.93,107458,2448.83,102019,2329.58,107632,2448.17,34498,790.57,24276,553.51,83311,1917.12
1671,002423.SZ,20200803,27020,2731.45,29892,3024.63,28394,2870.88,29449,2977.17,18717,1893.03,15372,1552.95,647,65.99,65,6.61,7891,803.58
1672,603383.SH,20200803,10539,5147.07,9196,4505.86,15742,7701.31,12144,5945.41,9841,4813.99,11998,5858.98,847,418.07,3631,1770.2,3382,1673.16
1673,688333.SH,20200803,5677,6054.25,3669,3935.09,17837,19024.84,14617,15632.38,24104,25660.62,26235,28048.32,10998,11761.7,14094,14885.62,3532,3844.59
1674,002554.SZ,20200803,37268,966.35,48983,1271.18,42405,1098.73,45297,1174.15,44589,1155.83,41319,1071.12,15517,404.18,4180,108.65,40878,1066.52
1675,300174.SZ,20200803,9073,1868.47,9555,1966.2,13265,2729.31,12830,2641.69,10757,2210.25,10890,2237.34,1300,268.2,1120,230.99,-480,-98.9
1676,600171.SH,20200803,47939,8834.19,62115,11470.05,67903,12523.52,73075,13482.74,63257,11676.71,49166,9066.49,10997,2039.09,5740,1054.23,6771,1273.36
1677,000035.SZ,20200803,42593,2251.7,43374,2295.41,49333,2608.67,48837,2582.42,32148,1699.24,31833,1683.61,7480,396.35,7510,394.52,12682,675.87
1678,600160.SH,20200803,98101,7310.4,86358,6444.47,140567,10478.16,115029,8576.51,146519,10920.91,151769,11315.25,31529,2355.63,63560,4728.86,-2282,-148.18
1679,600209.SH,20200803,11324,631.76,8768,489.97,22910,1278.85,20703,1156.11,8898,497.38,13661,761.91,0,0.0,0,0.0,-8395,-464.99
1680,603662.SH,20200803,7062,2178.96,7071,2184.73,9603,2965.29,8160,2519.6,5348,1652.84,6850,2117.09,2186,676.04,2117,651.72,3152,980.57
1681,002679.SZ,20200803,27651,3420.86,51160,6383.98,36130,4463.28,58805,7344.49,37583,4672.71,37134,4652.57,54369,6928.94,8634,1104.73,-7289,-1052.62
1682,002833.SZ,20200803,8504,3137.43,9191,3395.41,7109,2626.13,6622,2444.98,4255,1570.93,3871,1426.38,386,141.89,570,209.62,-6122,-2251.36
1683,300294.SZ,20200803,15300,7995.52,17605,9246.88,32521,17012.18,38532,20231.41,56580,29761.07,48710,25553.96,42532,22482.11,42087,22218.62,21818,11585.92
1684,600291.SH,20200803,189256,20071.54,198345,21097.22,239515,25430.89,254883,27078.42,182094,19364.15,196268,20842.53,103982,11094.14,65350,6942.55,7764,977.56
1685,688589.SH,20200803,11398,8116.94,10897,7802.74,25092,17869.36,25451,18157.41,26261,18699.62,26476,18841.35,5629,4040.67,5557,3925.08,-2332,-1644.78
1686,000155.SZ,20200803,76427,4272.13,67339,3767.7,92090,5147.6,95520,5343.48,72281,4036.39,68552,3826.88,16433,920.99,25820,1439.06,-13163,-719.18
1687,300628.SZ,20200803,17932,11649.19,17388,11295.89,17282,11232.21,20257,13166.46,13730,8917.93,9687,6293.02,4318,2806.22,5931,3850.19,7814,5082.98
1688,601318.SH,20200803,137835,104907.39,82558,62916.52,215724,164255.71,162093,123464.16,265779,202407.5,307609,234246.11,235910,179796.49,302987,230740.3,-45340,-34232.2
1689,300759.SZ,20200803,14276,14895.02,7549,7886.25,21167,22097.59,15973,16684.2,11714,12234.95,18932,19758.66,7689,8017.61,12392,12916.05,5128,5357.26
1690,000680.SZ,20200803,68667,2647.19,100479,3878.23,74840,2882.01,75371,2907.1,74596,2883.45,50710,1952.72,34277,1325.65,25820,1000.25,72843,2824.7
1691,000729.SZ,20200803,47936,3707.51,52827,4088.48,44163,3416.51,45580,3526.89,38044,2944.6,34298,2652.73,2562,199.48,0,0.0,-4870,-370.44
1692,002066.SZ,20200803,8975,918.07,7940,813.64,8122,830.89,9160,938.46,6325,648.84,7322,748.64,1000,102.93,0,0.0,464,48.89
1693,002220.SZ,20200803,5809,14.48,11280,27.07,6826,16.98,2744,6.86,9999,24.0,8610,21.53,0,0.0,0,0.0,902,3.3
1694,600996.SH,20200803,21961,1643.62,25390,1901.43,24308,1819.42,21271,1592.47,12537,939.12,15527,1162.21,3383,253.96,0,0.0,13161,987.93
1695,601689.SH,20200803,29683,10107.39,30716,10488.15,30961,10557.32,30716,10466.28,19646,6704.18,20683,7041.24,6443,2206.27,4618,1579.48,5608,1936.22
1696,603180.SH,20200803,6140,3307.36,6135,3315.72,7000,3783.82,7716,4164.8,4672,2524.13,3550,1916.32,0,0.0,411,218.46,3072,1666.46
1697,300436.SZ,20200803,6336,2215.57,5047,1766.45,7373,2578.53,6428,2249.46,3808,1333.64,5125,1792.07,618,215.68,1535,535.44,2705,947.28
1698,600279.SH,20200803,22536,872.29,27259,1056.51,21176,820.66,21138,818.25,10538,407.68,13806,533.97,7953,308.11,0,0.0,13648,530.78
1699,600433.SH,20200803,59313,2039.74,68666,2363.08,63544,2182.86,73619,2533.91,65162,2242.8,61990,2132.66,20166,697.62,3911,133.37,33543,1157.45
1700,601126.SH,20200803,81988,5634.74,66468,4569.22,74718,5132.62,71688,4927.55,57146,3933.02,69576,4787.48,12806,883.28,18926,1299.42,6889,493.74
1701,300567.SZ,20200803,11835,8283.6,18874,13229.18,16932,11838.9,23463,16407.1,29123,20389.54,17715,12418.17,15082,10573.02,12920,9030.61,6128,4308.05
1702,300721.SZ,20200803,12361,2858.1,11805,2727.75,10782,2486.99,13078,3018.26,7593,1751.65,7193,1661.7,1340,310.97,0,0.0,1983,459.95
1703,300726.SZ,20200803,23388,9076.4,31064,12034.98,44275,17161.6,43133,16696.68,53519,20741.34,47342,18356.97,18431,7155.98,18074,7046.69,16830,6554.39
1704,600569.SH,20200803,38996,857.38,44924,988.58,48899,1075.56,59027,1298.3,34399,757.34,35142,772.98,16799,369.58,0,0.0,15566,346.13
1705,600723.SH,20200803,37642,3855.85,39093,4018.42,41764,4287.44,42937,4401.36,28615,2933.72,25241,2579.75,1411,143.35,2161,220.84,11974,1227.75
1706,300857.SZ,20200803,0,0.0,364,78.48,0,0.0,0,0.0,0,0.0,0,0.0,364,78.48,0,0.0,-364,-78.48
1707,600854.SH,20200803,30859,1332.66,36738,1587.43,33138,1429.46,40108,1733.19,33916,1464.39,31110,1340.56,15143,657.28,5100,222.61,23449,1012.92
1708,000718.SZ,20200803,58282,2043.83,65371,2292.95,57735,2023.64,65624,2300.89,47382,1663.32,33617,1178.7,9541,335.17,8327,293.42,29245,1028.4
1709,002055.SZ,20200803,49527,8737.75,50041,8837.2,75528,13318.19,74167,13093.36,61931,10934.67,65789,11600.98,23368,4126.96,20357,3586.04,14564,2572.57
1710,600985.SH,20200803,23029,2160.75,21858,2053.0,30923,2900.81,35438,3324.8,19478,1828.92,16134,1512.68,0,0.0,0,0.0,4001,384.11
1711,601678.SH,20200803,118806,6373.87,128729,6890.52,167148,8945.03,172847,9249.67,162890,8726.59,172408,9230.0,62426,3320.42,37287,1995.72,75424,4056.07
1712,603218.SH,20200803,42267,8160.82,34381,6644.68,54538,10534.9,65258,12604.62,36710,7092.03,33925,6550.13,7348,1418.26,7299,1406.59,-43250,-8343.08
1713,002186.SZ,20200803,16270,2009.48,16127,1994.07,13323,1645.59,13983,1726.85,6586,815.53,6896,851.82,827,102.13,0,0.0,6827,843.49
1714,002340.SZ,20200803,333506,18247.53,541686,29700.53,600418,32859.98,662110,36272.62,715553,39182.79,590314,32318.61,483423,26546.32,338792,18544.85,392649,21682.93
1715,300004.SZ,20200803,21118,1326.87,18337,1152.93,25676,1614.42,27082,1702.4,10050,631.87,12483,784.48,1058,66.65,0,0.0,908,60.43
1716,688068.SH,20200803,3280,2373.1,3462,2511.25,8263,5976.18,7750,5611.94,6152,4455.35,6278,4534.13,153,110.01,358,257.31,1530,1117.97
1717,688222.SH,20200803,5358,2695.3,4913,2481.49,7804,3930.03,10018,5052.81,7685,3885.88,6737,3396.19,2822,1436.97,2002,1017.69,1028,541.4
1718,000521.SZ,20200803,315653,12297.66,256969,10028.08,306871,11995.13,293698,11476.93,174368,6824.07,214897,8396.35,68251,2682.06,99578,3897.56,-121670,-4673.47
1719,300791.SZ,20200803,8650,8417.02,11852,11484.6,8479,8258.3,8668,8457.51,5189,5033.94,4086,3973.15,3107,2995.46,819,789.47,-1937,-1882.43
1720,600837.SH,20200803,185757,26776.04,353575,51091.3,366999,52923.21,474802,68572.84,438725,63335.99,398492,57545.09,428927,62100.86,193539,27926.87,236230,34444.33
1721,603021.SH,20200803,36117,2714.2,38600,2899.04,30578,2293.2,29411,2211.28,15524,1168.6,16206,1217.11,2000,151.44,0,0.0,16053,1219.28
1722,000498.SZ,20200803,35959,2022.81,33128,1865.57,45517,2560.83,45880,2580.82,31154,1753.81,28082,1579.39,360,20.34,5900,332.01,-7956,-442.72
1723,000652.SZ,20200803,172440,11630.66,190079,12835.62,222144,14983.07,208429,14057.02,157511,10625.21,165580,11158.58,54201,3649.92,42208,2837.64,68271,4636.38
1724,002038.SZ,20200803,98163,13813.91,79340,11178.28,131762,18549.82,126650,17842.87,98620,13884.3,121465,17090.2,24632,3476.49,25722,3613.16,-39607,-5546.53
1725,600968.SH,20200803,121044,3088.28,173177,4437.59,156362,3987.83,170312,4364.2,159592,4074.46,176789,4524.69,263259,6768.75,179978,4592.83,-4877,-82.76
1726,000783.SZ,20200803,148708,13025.59,176296,15474.27,273037,23929.34,243975,21403.61,296834,26017.68,215636,18899.05,129988,11402.08,212659,18597.75,73227,6508.76
1727,002169.SZ,20200803,75427,7306.92,74959,7269.39,126255,12235.54,112644,10918.4,85689,8302.72,78460,7601.36,27959,2714.37,49267,4770.4,-3211,-289.2
1728,002557.SZ,20200803,28785,17032.11,35479,21018.6,39279,23275.18,40816,24197.86,31471,18672.52,28609,16984.08,17525,10433.67,12156,7212.94,-8019,-4729.69
1729,300172.SZ,20200803,17402,925.61,24382,1297.42,24842,1322.81,26825,1426.43,16121,858.03,19375,1030.01,12217,647.41,0,0.0,9464,506.43
1730,600218.SH,20200803,35721,3446.94,44319,4282.51,52755,5092.7,53724,5188.21,38480,3723.42,33385,3225.7,10857,1051.62,6385,618.25,35541,3446.3
1731,002688.SZ,20200803,151795,13953.54,142401,13098.41,186687,17171.93,179427,16510.43,125875,11586.41,132080,12147.06,13243,1218.26,23692,2174.23,-93254,-8548.97
1732,002842.SZ,20200803,26602,3114.86,32450,3802.23,33754,3950.44,35932,4212.09,26491,3108.24,18860,2205.9,396,46.69,0,0.0,17284,2028.5
1733,300506.SZ,20200803,37685,1990.93,34690,1836.47,39902,2111.11,52735,2788.81,32568,1723.74,28783,1520.22,8651,457.88,2599,138.16,5221,281.26
1734,600503.SH,20200803,141212,6111.05,165265,7157.99,188106,8139.95,214288,9272.43,160906,6959.52,153029,6624.17,63310,2752.21,20952,908.13,67895,2957.2
1735,000766.SZ,20200803,68320,3623.24,58973,3132.54,79040,4196.26,84734,4495.94,55841,2963.88,66826,3546.9,19600,1041.46,12268,649.46,17948,963.9
1736,000920.SZ,20200803,14519,1141.2,16646,1312.43,15714,1237.3,11825,933.34,12925,1017.68,9487,744.3,0,0.0,5200,406.1,2138,168.55
1737,002306.SZ,20200803,20052,693.58,14719,511.15,18349,634.84,23485,813.85,8836,306.34,13577,469.26,4544,159.49,0,0.0,-5587,-189.63
1738,601880.SH,20200803,233698,4845.92,319442,6617.12,291082,6040.75,361664,7480.91,347939,7208.92,238652,4934.76,161324,3296.4,114284,2359.19,334545,6939.26
1739,601929.SH,20200803,80145,1791.83,84138,1885.44,104943,2347.43,88679,1985.67,98703,2211.35,99211,2217.79,16546,371.78,28309,633.49,89205,2003.21
1740,603266.SH,20200803,19470,2533.2,15990,2082.71,15861,2064.53,16168,2103.42,5685,741.23,8088,1052.33,0,0.0,771,100.5,-1833,-236.17
1741,688058.SH,20200803,1046,1544.71,1638,2424.71,2923,4320.87,3720,5504.57,3541,5227.77,2453,3616.0,910,1354.53,608,902.61,102,158.54
1742,000893.SZ,20200803,56842,5058.76,55446,4946.04,65646,5845.76,71391,6365.44,54541,4858.54,59936,5332.05,12944,1167.7,3200,287.24,46763,4190.83
1743,002279.SZ,20200803,83132,6057.4,90035,6574.18,93870,6843.44,95922,6995.95,69617,5084.16,61269,4460.17,16671,1219.32,16065,1174.01,18349,1345.94
1744,002433.SZ,20200803,90371,4593.75,71555,3645.31,107227,5453.89,96581,4916.95,68561,3494.67,79719,4049.51,6853,348.63,25157,1279.17,-14667,-730.41
1745,603393.SH,20200803,16217,7244.12,13121,5867.91,23387,10441.55,22517,10061.98,25611,11445.96,25210,11257.18,6026,2692.71,10393,4637.26,-12131,-5419.27
1746,688189.SH,20200803,5268,3177.73,8287,5011.12,14374,8674.55,19719,11919.41,26732,16151.87,19743,11909.28,6704,4053.16,5327,3217.5,-78,-33.68
1747,002564.SZ,20200803,55270,2228.09,92769,3749.43,84252,3403.92,108052,4368.58,77993,3142.4,80554,3250.88,75303,3054.04,11443,459.56,102116,4141.1
1748,300228.SZ,20200803,50890,2500.46,38586,1897.1,67524,3318.02,65723,3229.78,44408,2183.02,50072,2458.89,3355,164.85,11796,580.57,-13261,-646.37
1749,600225.SH,20200803,33032,586.2,15717,280.15,45231,803.51,44053,783.11,25553,453.38,44046,779.82,0,0.0,0,0.0,-28510,-501.8
1750,603727.SH,20200803,13716,2804.99,11708,2395.76,14555,2977.33,15634,3198.89,9828,2012.01,10756,2199.67,0,0.0,0,0.0,-1532,-309.12
1751,600033.SH,20200803,21200,583.8,22977,633.11,31578,869.16,28428,782.95,11381,313.69,23996,660.34,11241,309.76,0,0.0,17294,477.8
1752,603535.SH,20200803,14397,3788.1,12713,3352.7,17928,4720.17,17179,4527.05,17068,4502.05,18363,4836.37,6588,1736.98,7726,2031.19,-12111,-3184.9
1753,002168.SZ,20200803,58102,5080.29,56524,4950.32,117830,10301.33,114349,10002.79,94581,8275.39,77985,6823.04,12748,1120.92,34401,3001.79,27771,2449.2
1754,002322.SZ,20200803,22494,3412.52,19175,2913.41,25959,3938.05,23614,3584.28,16635,2529.18,15752,2392.61,2223,339.04,8770,1328.49,6559,997.55
1755,688078.SH,20200803,2075,863.04,2193,913.46,3946,1641.94,3713,1546.24,2477,1029.86,2842,1179.93,250,104.78,0,0.0,-76,-28.16
1756,002299.SZ,20200803,38250,11251.41,38086,11213.1,58140,17106.34,58245,17146.34,50965,15003.31,57606,16961.14,33149,9765.0,26566,7805.48,27375,8066.02
1757,002453.SZ,20200803,17620,969.1,41991,2309.51,28552,1570.36,75154,4133.47,38831,2135.71,77449,4259.7,214324,11787.82,104733,5760.32,-259589,-14277.4
1758,300117.SZ,20200803,40583,1369.01,42281,1428.25,28009,945.92,33990,1146.95,13520,456.44,12871,434.23,7030,238.06,0,0.0,11302,384.98
1759,600114.SH,20200803,56673,5906.51,40364,4212.15,69789,7277.76,58685,6120.7,49229,5136.42,63777,6647.03,6610,690.87,19474,2031.67,-14463,-1496.67
1760,603616.SH,20200803,21548,1598.41,18444,1369.82,19288,1431.08,22277,1652.85,9777,726.57,9892,733.39,0,0.0,0,0.0,4811,358.77
1761,688363.SH,20200803,2735,3965.99,2534,3682.52,6739,9777.61,5577,8094.12,5430,7881.93,5602,8125.21,1859,2704.92,3051,4428.6,328,494.26
1762,002584.SZ,20200803,141413,12542.41,159105,14129.64,185721,16460.07,199396,17690.64,102826,9125.93,109776,9736.62,46651,4172.87,8334,744.37,48524,4337.07
1763,300248.SZ,20200803,71718,9542.37,66517,8854.88,103512,13770.99,91801,12216.71,51516,6861.38,63001,8378.0,8517,1134.59,13944,1859.74,13739,1848.81
1764,300402.SZ,20200803,18877,1934.97,17296,1775.61,18757,1924.8,17814,1830.07,9888,1017.34,10667,1091.69,0,0.0,1745,179.74,13368,1374.64
1765,000040.SZ,20200803,106916,3353.13,89215,2801.17,139472,4372.85,117556,3688.06,87564,2747.1,106877,3354.71,37405,1175.5,57710,1804.63,11259,371.11
1766,002776.SZ,20200803,34674,3181.13,33257,3052.92,44729,4104.26,48481,4451.33,32706,3004.52,29150,2674.35,3000,276.22,4220,387.53,-10665,-972.99
1767,002930.SZ,20200803,50656,11633.65,47162,10818.89,51168,11729.47,56980,13089.84,43307,9946.46,40661,9358.75,15825,3682.22,16153,3724.33,40965,9523.3
1768,300391.SZ,20200803,13527,2109.96,15087,2355.37,18466,2882.99,17981,2807.49,21315,3326.5,19159,2987.42,4257,660.86,5339,830.04,-16016,-2490.3
1769,603890.SH,20200803,61070,10399.67,73243,12473.71,64750,11039.67,63493,10819.32,41701,7084.16,33636,5719.22,10798,1830.68,7947,1341.93,36504,6228.46
1770,603939.SH,20200803,15809,13510.79,9810,8393.61,14918,12755.58,12754,10917.75,10324,8842.68,14637,12523.33,2939,2518.62,6789,5792.98,-4500,-3857.72
1771,300725.SZ,20200803,9784,11993.95,8356,10256.32,14569,17841.61,16379,20073.17,13717,16824.45,12259,15024.01,7683,9419.81,8759,10726.33,-5798,-7072.06
1772,600568.SH,20200803,29868,374.22,64779,820.12,59762,751.3,78520,988.9,101427,1283.04,47758,599.53,0,0.0,0,0.0,51564,651.79
1773,600722.SH,20200803,64867,2796.59,46844,2022.37,70041,3020.12,67160,2896.14,44771,1931.55,58413,2517.46,7600,329.08,14862,641.38,10097,446.54
1774,300856.SZ,20200803,30592,25756.08,24930,21059.88,58108,48960.04,58033,48901.62,56078,47401.03,46988,39678.3,22617,18983.14,37443,31460.49,-3259,-2508.07
1775,600699.SH,20200803,46058,10580.43,61711,14206.13,67485,15507.9,74239,17071.7,63333,14577.05,50787,11679.14,29385,6759.62,19525,4468.03,12456,2873.83
1776,600853.SH,20200803,33491,1139.66,43592,1485.97,25744,876.96,31465,1071.54,26678,910.45,14051,478.83,3195,109.27,0,0.0,17462,595.86
1777,601700.SH,20200803,60923,3477.25,65503,3742.83,69581,3974.26,75895,4336.1,54297,3105.34,40580,2316.48,13168,752.85,15991,914.29,26818,1540.44
1778,300775.SZ,20200803,59792,20226.69,65008,22014.74,84374,28542.33,87543,29628.21,78139,26496.66,70627,23927.93,27413,9305.3,26540,9000.1,4372,1435.41
1779,603005.SH,20200803,28633,23721.55,31488,26103.38,53083,43984.08,53924,44696.67,45770,37927.68,42301,35034.43,16100,13360.35,15873,13159.18,-616,-444.59
1780,000636.SZ,20200803,74129,27250.69,61341,22603.66,102185,37615.92,89512,32955.08,109647,40424.92,115917,42703.2,53773,19835.41,72965,26865.01,-6453,-2225.78
1781,603136.SH,20200803,6188,1793.33,6033,1750.15,4659,1349.72,4765,1379.75,1447,419.99,1496,433.14,0,0.0,0,0.0,2096,614.6
1782,000767.SZ,20200803,71831,1832.54,69662,1780.98,79853,2036.81,89399,2282.3,68197,1742.85,72576,1852.6,25469,652.81,13713,349.13,3400,98.62
1783,000921.SZ,20200803,39867,4510.56,46107,5213.24,35583,4025.31,30421,3440.27,18155,2046.67,18084,2041.22,1914,213.41,906,101.21,9477,1088.67
1784,002307.SZ,20200803,79840,5376.56,101800,6869.01,103308,6970.36,105122,7093.99,86601,5850.8,79011,5334.83,34908,2358.68,18724,1258.57,47877,3257.75
1785,601881.SH,20200803,128992,17145.55,172470,23024.15,207817,27671.51,230972,30785.93,247332,33010.81,228881,30496.59,150656,20164.2,102474,13685.38,42493,5830.56
1786,603267.SH,20200803,13689,7643.34,13815,7723.73,21553,12051.24,15873,8862.87,12174,6815.09,17422,9749.71,3578,2003.55,3884,2176.91,6175,3440.64
1787,603421.SH,20200803,16101,1773.29,14935,1646.74,19507,2150.04,19307,2126.94,10290,1134.69,11657,1284.33,0,0.0,0,0.0,3930,435.64
1788,000898.SZ,20200803,94007,2563.77,103170,2812.85,87367,2382.36,97085,2647.34,114388,3120.15,121453,3314.2,68021,1854.89,42075,1146.78,75912,2079.71
1789,002438.SZ,20200803,30301,3268.64,23336,2519.66,39963,4312.3,31579,3410.53,25799,2785.83,40136,4329.45,2784,301.24,3796,408.38,-16187,-1732.59
1790,002793.SZ,20200803,47268,7283.02,55447,8669.82,59021,9138.9,81908,12803.66,41668,6516.17,61989,9757.66,85287,13730.57,33900,5437.52,9480,1149.37
1791,000717.SZ,20200803,116536,5306.01,171371,7818.11,168498,7682.2,219701,10015.15,209779,9561.11,168040,7658.29,105838,4836.98,41540,1894.75,113066,5187.88
1792,002054.SZ,20200803,41098,3192.1,50913,3959.54,58018,4509.37,54461,4230.7,41352,3216.38,39142,3045.01,6331,494.1,2283,176.7,17805,1393.49
1793,600984.SH,20200803,31540,9043.63,23110,6691.69,43514,12591.53,40020,11542.02,33742,9703.19,40851,11744.48,20722,5986.43,25537,7346.58,-12164,-3424.62
1794,601677.SH,20200803,51771,5723.05,55134,6101.22,80441,8899.83,90030,9962.9,83895,9290.24,96334,10679.93,45240,5035.04,19849,2204.11,22509,2478.03
1795,603217.SH,20200803,7447,2322.12,7515,2345.67,10006,3121.19,9220,2874.01,4498,1402.94,5216,1626.57,0,0.0,0,0.0,-846,-259.98
1796,000848.SZ,20200803,72345,6108.98,80184,6775.59,91929,7762.83,97480,8235.97,75383,6372.75,59777,5048.03,19762,1674.77,21979,1859.74,30132,2556.24
1797,002185.SZ,20200803,616011,104932.21,657005,112132.52,761465,129734.29,746459,127227.99,619789,105701.1,609549,103841.25,310806,53000.76,295058,50166.6,54169,9784.47
1798,300003.SZ,20200803,53628,23784.88,60658,26923.26,90217,40051.46,103200,45798.1,107787,47808.13,104362,46281.26,44430,19652.72,27843,12294.56,21802,9819.03
1799,600000.SH,20200803,111463,11607.97,93306,9717.23,167840,17482.86,173387,18059.77,180208,18774.7,146263,15233.97,103210,10754.47,149764,15609.04,-95674,-9922.42
1800,603348.SH,20200803,13227,2581.31,12858,2511.62,14473,2826.65,13580,2652.4,5231,1021.42,6977,1360.54,1116,218.86,631,123.68,2887,565.12
1801,002470.SZ,20200803,129711,2034.53,165748,2603.6,174477,2737.38,194924,3061.46,105215,1653.28,108619,1702.17,88028,1383.04,28140,440.98,-102135,-1585.58
1802,600986.SH,20200803,288411,16763.8,271680,15838.33,406908,23662.81,386224,22479.99,296889,17293.5,344789,20041.54,111950,6564.25,101466,5924.51,62131,3745.74
1803,603903.SH,20200803,24773,3226.9,32201,4205.55,27937,3642.62,31166,4066.3,20406,2674.06,10535,1379.11,1952,254.92,1164,147.54,20631,2697.16
1804,000062.SZ,20200803,36971,6276.27,41360,7012.66,58167,9885.42,53730,9119.85,45929,7805.16,46229,7868.95,15818,2689.23,15565,2654.62,29516,5027.46
1805,002871.SZ,20200803,7978,1391.2,8716,1520.77,8762,1529.75,8877,1547.22,2664,464.52,2812,490.96,1000,173.48,0,0.0,1921,333.39
1806,300535.SZ,20200803,6545,861.61,5444,717.35,5917,778.9,7197,947.64,3239,426.85,3059,402.37,0,0.0,0,0.0,1136,150.58
1807,600378.SH,20200803,15503,3434.45,18849,4180.17,18958,4196.37,20238,4483.66,18548,4115.85,14463,3203.37,991,220.87,450,100.35,-1098,-236.39
1808,600532.SH,20200803,43908,4589.69,36768,3844.34,47504,4963.91,34476,3602.79,24022,2507.33,42732,4461.53,1100,114.95,2559,267.23,-16487,-1708.94
1809,601225.SH,20200803,99048,7984.1,127568,10289.16,181063,14605.07,162095,13080.07,135905,10963.78,112954,9115.33,56870,4592.06,70269,5660.46,-48421,-3858.4
1810,300666.SZ,20200803,20892,13659.19,25609,16748.97,36512,23867.56,36907,24119.8,33084,21614.29,32719,21389.16,12050,7885.81,7302,4768.92,7591,4966.11
1811,300820.SZ,20200803,7243,4151.34,8324,4771.66,10855,6222.33,11101,6366.07,6150,3532.04,5824,3340.86,2122,1222.23,1120,649.35,3287,1880.65
1812,600663.SH,20200803,30561,3859.72,30665,3876.82,33591,4243.78,29779,3764.85,20756,2625.06,22955,2898.5,5148,651.28,6656,839.67,-2236,-275.67
1813,300797.SZ,20200803,25249,4699.68,26667,4962.46,31479,5854.75,31036,5778.38,18323,3408.22,18684,3470.63,3061,572.26,1725,323.44,8149,1522.59
1814,600794.SH,20200803,65846,2214.21,69406,2337.18,76758,2583.1,55305,1861.28,26391,889.11,36049,1211.15,15347,515.75,23582,792.56,18412,622.71
1815,688027.SH,20200803,45,144.98,135,442.15,12234,40041.82,14418,47312.68,11683,38326.25,10835,35453.9,4671,15327.13,3246,10631.45,3118,10358.43
1816,002187.SZ,20200803,98019,15770.93,89854,14490.53,100468,16174.37,103435,16665.24,52481,8484.83,62443,10033.11,14973,2391.39,10209,1632.64,-24568,-3871.22
1817,002341.SZ,20200803,203487,11751.36,272229,15703.62,291341,16760.26,311359,17985.97,247204,14280.02,223026,12917.92,161053,9413.38,96471,5597.51,-36812,-2530.66
1818,300005.SZ,20200803,38889,1767.36,36515,1659.37,57415,2606.49,53008,2408.61,64480,2933.04,53378,2424.25,3069,139.95,20950,954.61,-7881,-345.93
1819,002472.SZ,20200803,23884,1289.57,23433,1268.23,33211,1794.77,30618,1655.73,18159,982.38,26737,1442.53,5534,299.76,0,0.0,9029,489.8
1820,300136.SZ,20200803,78012,45982.65,73541,43329.98,143248,84359.89,144190,84942.72,218209,128247.29,186343,109629.16,158861,93124.65,194257,113812.63,39312,23921.41
1821,600133.SH,20200803,30703,1800.66,37948,2226.95,37148,2178.31,43761,2565.96,35625,2091.34,27247,1599.04,5480,321.63,0,0.0,21644,1271.98
1822,002806.SZ,20200803,10833,1368.23,11359,1436.38,12539,1584.23,11198,1414.95,5071,641.03,5886,742.15,0,0.0,0,0.0,3281,416.93
1823,300267.SZ,20200803,105695,5276.21,92289,4612.23,151999,7589.88,152902,7635.02,166366,8310.31,164144,8199.03,25918,1294.02,40643,2024.14,-21058,-1026.87
1824,300421.SZ,20200803,25651,1746.24,21336,1455.61,20816,1417.38,24891,1695.63,21923,1495.79,21396,1457.04,1040,70.87,1807,122.0,17059,1161.43
1825,601111.SH,20200803,93836,6511.82,130443,9057.61,139871,9699.93,150010,10411.75,174786,12132.76,174588,12114.93,99978,6946.6,53429,3706.81,70826,4923.53
1826,603766.SH,20200803,157592,7253.12,176066,8079.86,236151,10838.23,239182,10963.35,222615,10204.45,222845,10244.72,46403,2135.89,24667,1143.76,114798,5204.8
1827,603920.SH,20200803,17029,4086.83,17045,4094.98,16351,3925.65,17170,4122.78,9809,2359.47,9880,2370.78,1406,337.34,500,120.75,5280,1276.65
1828,300340.SZ,20200803,20487,2594.33,25250,3203.8,28632,3630.28,27015,3425.36,15447,1964.75,11661,1479.44,381,47.66,1020,128.42,10156,1294.94
1829,000862.SZ,20200803,165272,7096.69,127388,5479.67,185221,7954.99,182099,7826.28,94157,4049.23,127515,5476.75,20417,880.96,28065,1199.16,-22170,-914.72
1830,002248.SZ,20200803,11368,867.63,10462,799.78,11170,853.39,11964,913.51,3499,267.34,5100,388.65,1489,113.59,0,0.0,4762,364.82
1831,002402.SZ,20200803,112529,19167.76,182992,31168.35,219134,37279.74,224882,38319.55,187286,31780.47,164613,27938.64,106371,18223.13,52833,9024.56,149461,25494.71
1832,688158.SH,20200803,5339,3574.79,5227,3505.94,15217,10185.87,12430,8331.03,12360,8283.82,15831,10601.52,1878,1265.68,1305,871.67,4886,3274.99
1833,688312.SH,20200803,4753,2279.08,4660,2238.79,11060,5308.35,10048,4822.02,7519,3607.73,8529,4090.79,210,100.87,304,144.43,-1852,-880.25
1834,000993.SZ,20200803,16678,1088.37,19711,1289.91,25961,1696.56,23162,1514.7,14021,917.54,11340,741.01,6062,398.69,8509,555.54,8050,528.65
1835,002379.SZ,20200803,63459,1832.41,57683,1666.73,41184,1189.81,59582,1721.52,53590,1548.62,42793,1235.02,12425,358.65,10600,306.23,36664,1062.55
1836,002533.SZ,20200803,54488,3288.45,54989,3318.86,66283,3998.09,65794,3970.06,48028,2901.8,49294,2976.29,4750,286.98,3473,210.12,13421,815.74
1837,002664.SZ,20200803,10733,1772.93,27166,4514.32,22888,3776.53,36907,6135.69,41553,6913.81,27311,4559.2,36632,6192.87,20422,3446.94,-19115,-3380.6
1838,300328.SZ,20200803,45042,5087.03,43011,4868.68,60439,6829.25,58807,6653.13,38982,4410.95,40342,4549.98,14067,1587.17,16369,1842.62,18955,2143.6
1839,600325.SH,20200803,49631,3542.16,60851,4344.98,70648,5042.41,62548,4467.19,91551,6535.92,87529,6253.53,34022,2434.65,34924,2489.43,-8763,-606.49
1840,601018.SH,20200803,57569,2414.59,90181,3786.53,95162,3993.57,93937,3945.2,122591,5152.53,85600,3593.49,11312,476.45,16916,711.92,50667,2149.45
1841,601800.SH,20200803,112524,8952.0,99534,7927.0,164443,13084.93,140668,11201.19,157073,12504.23,161615,12862.05,92633,7378.09,124857,9929.02,-44037,-3478.59
1842,600183.SH,20200803,98417,28688.54,106344,31032.92,131775,38430.77,126755,36971.47,118852,34670.0,110461,32204.67,39221,11460.42,44704,13040.68,-26948,-7782.78
1843,603685.SH,20200803,5824,905.05,5409,840.67,4915,763.94,5905,917.58,2185,339.88,1610,250.61,0,0.0,0,0.0,874,137.0
1844,002856.SZ,20200803,12345,2150.54,11656,2030.35,13836,2411.53,11303,1971.53,3882,677.02,7104,1237.2,0,0.0,0,0.0,7664,1353.4
1845,300471.SZ,20200803,46625,4534.55,43302,4218.64,61659,6006.36,65683,6399.69,41506,4043.85,42632,4155.57,5778,570.91,3951,381.77,27518,2681.94
1846,600517.SH,20200803,66107,4878.51,58790,4355.98,95323,7041.86,83284,6162.07,69776,5164.96,86715,6407.47,21232,1578.81,23649,1738.63,4719,377.33
1847,603970.SH,20200803,24600,4146.9,21923,3706.78,34670,5850.93,34179,5773.7,21384,3609.63,19889,3356.46,4207,700.82,8870,1471.34,-8061,-1332.34
1848,002987.SZ,20200803,12856,8332.58,19996,12996.33,21281,13789.23,20887,13532.81,17900,11621.26,10998,7109.93,1813,1177.55,1969,1281.54,4059,2655.6
1849,300805.SZ,20200803,6726,1532.73,8132,1856.07,10347,2359.58,8913,2033.39,5408,1233.08,6390,1455.16,954,219.23,0,0.0,3053,697.55
1850,600648.SH,20200803,15861,2461.67,14375,2235.57,23025,3574.46,20683,3213.8,15571,2424.75,18175,2823.7,4343,679.23,5567,867.05,11979,1858.8
1851,600802.SH,20200803,125772,14439.16,128799,14803.79,163335,18757.88,176668,20280.42,134347,15422.63,135951,15600.13,53574,6146.43,35610,4081.76,99277,11477.56
1852,002003.SZ,20200803,68625,4088.16,50440,3001.4,61215,3640.55,51841,3081.57,19857,1179.84,44049,2626.22,4733,282.1,8100,481.46,31058,1845.69
1853,601696.SH,20200803,89889,27662.75,103541,32050.98,156964,48384.56,149482,46178.89,136480,42196.6,136645,42192.44,77422,24084.97,71086,21906.57,75926,23716.51
1854,603236.SH,20200803,5123,10243.69,6841,13688.15,9773,19559.64,8799,17617.08,8841,17710.06,9438,18900.8,4761,9537.35,3420,6844.7,4333,8684.42
1855,002500.SZ,20200803,128119,10711.04,152590,12777.25,233751,19557.77,231820,19410.11,189809,15892.81,191705,16032.55,98445,8243.89,74010,6185.6,-7320,-565.76
1856,600007.SH,20200803,10944,1464.36,10171,1361.12,12276,1642.42,12129,1623.15,4963,664.24,5884,786.76,0,0.0,0,0.0,3463,463.08
1857,601969.SH,20200803,65705,3859.12,69656,4088.43,63306,3708.63,66396,3895.86,42295,2477.11,37351,2185.16,8650,514.09,6553,389.5,53920,3175.76
1858,688256.SH,20200803,44,109.92,230,579.81,27777,69997.8,20602,52069.51,26450,66813.05,26960,68120.14,15451,39175.34,21929,55326.64,-1360,-3127.05
1859,002631.SZ,20200803,24124,1887.33,22361,1749.17,20149,1575.61,21748,1699.73,8095,632.01,6956,544.16,0,0.0,1303,101.89,12904,1011.42
1860,300092.SZ,20200803,32626,3102.25,34946,3330.18,45822,4362.2,50466,4806.52,20480,1950.67,14681,1389.3,5850,560.36,4684,449.48,11362,1088.46
1861,600138.SH,20200803,43316,4690.15,54872,5954.8,76511,8285.99,84263,9132.72,79970,8670.85,80398,8713.56,33783,3678.12,14047,1524.03,-11718,-1244.84
1862,002762.SZ,20200803,23442,1449.62,29511,1825.81,26997,1669.55,21572,1333.37,11670,721.23,12103,747.94,2917,180.63,1840,113.91,9,4.44
1863,300426.SZ,20200803,40034,3876.74,33699,3259.13,42199,4075.65,45610,4408.71,22508,2179.95,25449,2462.27,5511,526.47,5494,528.7,18152,1748.37
1864,600269.SH,20200803,23975,863.16,24199,872.67,30993,1115.67,38491,1387.87,37277,1343.13,17909,645.41,5866,212.35,17512,628.36,-2276,-79.82
1865,600423.SH,20200803,7880,229.9,12211,357.56,16474,481.94,13000,380.53,6087,178.64,5230,152.39,0,0.0,0,0.0,4307,125.83
1866,600231.SH,20200803,28197,660.08,41356,968.29,33035,773.3,39117,915.7,25216,589.9,31905,747.1,25929,607.81,0,0.0,25523,600.41
1867,603579.SH,20200803,6786,2600.18,9854,3776.61,8179,3133.97,9966,3825.33,10469,4039.18,8750,3361.91,17126,6684.7,13990,5494.18,125,-34.54
1868,002134.SZ,20200803,33933,3565.82,27665,2907.86,24580,2584.87,34592,3634.32,19385,2039.09,18631,1958.54,4052,422.78,1062,111.83,15100,1593.55
1869,000928.SZ,20200803,45694,2036.49,46889,2090.42,67791,3022.15,63819,2844.33,54054,2409.64,45514,2029.33,0,0.0,11317,504.21,33640,1508.18
1870,002265.SZ,20200803,54097,4823.99,57310,5126.34,51868,4625.02,61111,5466.6,26690,2395.85,33723,3029.93,23559,2148.97,4069,370.97,67116,6036.98
1871,601888.SH,20200803,30282,70946.73,19568,46061.72,59723,140099.44,49888,117282.42,76818,180242.57,73877,173367.79,95729,224623.02,119220,279199.83,11669,27689.08
1872,002396.SZ,20200803,27885,9210.83,29870,9885.86,36270,11986.37,39957,13212.75,36962,12229.36,28368,9378.44,7554,2505.08,10477,3454.6,-797,-240.18
1873,002550.SZ,20200803,68748,3363.66,56500,2767.33,66593,3259.43,62385,3054.79,39475,1932.68,50936,2490.19,4444,217.72,9439,461.19,8407,420.26
1874,300214.SZ,20200803,42728,4104.68,39450,3797.34,50568,4863.36,55453,5333.28,22695,2183.2,24903,2393.14,6371,616.09,2556,243.59,13212,1275.39
1875,600057.SH,20200803,151694,10103.42,178985,11928.91,189725,12646.08,195264,13018.88,208946,13930.21,184121,12273.29,63166,4216.07,55160,3674.71,-73072,-4822.1
1876,600211.SH,20200803,23674,40003.27,13587,23013.8,31557,53317.59,22267,37690.67,31705,53624.54,28488,48247.5,36116,61434.75,58709,99428.18,-12321,-20699.06
1877,603559.SH,20200803,20020,4136.74,22350,4624.02,27297,5642.96,29609,6122.17,16702,3461.64,14648,3031.4,3088,639.0,500,102.75,9588,1987.16
1878,002171.SZ,20200803,88126,8375.68,94371,8978.1,123316,11695.17,154436,14677.43,112434,10666.27,89329,8466.75,39118,3745.88,24858,2360.73,101489,9662.95
1879,688081.SH,20200803,3076,1507.52,4151,2030.56,8154,3987.41,8204,4016.22,8491,4165.84,7317,3590.17,785,389.97,833,413.78,3620,1777.32
1880,000965.SZ,20200803,56076,2050.22,51885,1899.2,44708,1635.14,57408,2099.74,32246,1179.71,23737,866.13,0,0.0,0,0.0,9296,340.05
1881,002505.SZ,20200803,568088,15044.97,590294,15660.92,593736,15738.97,616488,16347.14,493406,13091.19,494236,13102.09,249501,6639.53,203714,5404.5,30871,914.09
1882,603733.SH,20200803,100445,24474.38,80395,19678.21,132102,32283.01,138139,33782.57,120577,29565.32,130811,32025.53,56141,13945.8,59919,14782.19,-59032,-14518.1
1883,300365.SZ,20200803,39579,4346.4,67820,7494.45,83987,9207.54,89576,9921.21,62322,6915.17,78471,8724.75,90034,10167.91,40053,4496.61,-39807,-4694.86
1884,600362.SH,20200803,117708,18997.6,99619,16115.99,200796,32445.38,195131,31543.35,142998,23116.24,135715,21923.72,41241,6674.01,72279,11650.18,-35416,-5643.99
1885,300496.SZ,20200803,27054,26657.91,26412,26079.11,41266,40698.32,45668,45124.26,31863,31461.02,33319,32827.99,12326,12226.72,7110,7012.6,4289,4314.41
1886,300650.SZ,20200803,3968,706.89,3577,637.91,4582,817.5,4704,838.78,817,146.08,1086,193.78,0,0.0,0,0.0,1162,208.03
1887,600493.SH,20200803,26790,1458.75,20772,1132.19,28808,1570.32,34970,1904.82,11106,605.86,10962,597.92,0,0.0,0,0.0,12027,656.77
1888,601186.SH,20200803,122710,10881.23,130833,11611.41,193708,17178.02,180857,16048.65,197879,17549.16,187620,16643.9,82918,7366.36,97905,8670.81,-15586,-1353.4
1889,603995.SH,20200803,10173,2707.05,25408,6784.65,18409,4905.01,33691,9016.92,24215,6477.53,26106,6999.83,43413,11673.55,11006,2961.72,-32536,-8781.85
1890,000561.SZ,20200803,53032,4782.01,91489,8322.54,83212,7492.38,110596,10041.92,69024,6285.47,63195,5770.62,71970,6682.21,11958,1106.99,62842,5721.15
1891,002101.SZ,20200803,17284,1262.68,21204,1550.77,17507,1280.37,21328,1559.57,16985,1243.63,9244,676.35,0,0.0,0,0.0,6785,497.96
1892,600877.SH,20200803,19287,1180.27,28040,1718.55,39044,2389.92,45850,2808.5,27072,1655.11,20546,1253.13,9034,554.89,0,0.0,19257,1180.29
1893,688011.SH,20200803,5379,2338.97,5919,2568.47,13824,5988.51,12969,5620.47,10962,4758.81,10406,4527.98,229,100.63,1100,470.0,6867,2977.61
1894,000692.SZ,20200803,21226,624.02,17118,503.56,12064,355.0,23321,686.39,8105,238.98,6262,184.57,5306,156.52,0,0.0,11122,329.26
1895,002078.SZ,20200803,97819,12327.36,72049,9102.75,79633,10049.95,84375,10671.31,69544,8788.5,79382,10001.27,13719,1730.41,24910,3120.88,-24110,-3023.39
1896,300120.SZ,20200803,30059,4544.74,43469,6615.84,54292,8193.87,64950,9901.19,64750,9810.8,69314,10519.35,77812,12115.08,49181,7628.12,-6346,-1160.42
1897,002636.SZ,20200803,33286,3125.45,36675,3446.54,30139,2829.84,32687,3068.92,16771,1576.87,10834,1016.7,0,0.0,0,0.0,7639,722.75
1898,300097.SZ,20200803,37701,5225.75,45967,6378.95,55792,7734.68,51715,7170.15,32442,4498.94,26026,3601.25,4088,567.18,6315,876.2,12102,1687.19
1899,300251.SZ,20200803,112247,16120.95,126999,18286.8,159870,22879.56,179377,25751.92,161209,23036.35,146900,21070.27,107339,15532.64,87388,12460.51,103173,14819.59
1900,600094.SH,20200803,132120,7899.79,132013,7923.12,175387,10493.32,288691,17306.66,260932,15668.84,284217,17036.84,329624,19783.39,193142,11578.73,187126,11315.15
1901,603596.SH,20200803,11391,4352.75,10823,4140.79,10493,4007.11,8617,3292.15,5711,2182.31,7611,2901.22,0,0.0,545,208.0,-4292,-1635.21
1902,002767.SZ,20200803,8319,1165.75,6875,963.33,4888,685.5,4756,666.07,2216,311.3,3792,533.15,0,0.0,0,0.0,-1433,-200.14
1903,603718.SH,20200803,48812,25379.02,22159,11592.59,72557,37690.02,53844,28164.43,97697,50768.47,105655,55051.0,114189,60019.67,151596,79049.17,-16305,-8791.05
1904,000031.SZ,20200803,51431,2869.89,62011,3470.95,70484,3934.48,67625,3783.49,76688,4290.0,63670,3555.17,16057,902.19,21352,1186.94,52190,2926.22
1905,002686.SZ,20200803,16948,1006.08,13119,781.84,15060,894.99,19060,1134.81,12857,765.21,16294,965.14,3608,215.52,0,0.0,891,52.71
1906,002840.SZ,20200803,30326,4072.89,35638,4774.13,33783,4530.27,40472,5434.0,30161,4038.77,18892,2534.79,10655,1425.02,9923,1324.04,29446,3970.77
1907,300504.SZ,20200803,12429,3180.69,14206,3640.45,19475,4985.7,19355,4956.15,13648,3497.51,12391,3169.7,400,102.4,0,0.0,6624,1698.34
1908,600501.SH,20200803,108511,13136.02,118220,14358.16,139752,16902.11,138034,16724.07,97689,11868.65,99898,12097.51,28837,3524.27,18636,2251.32,36119,4360.84
1909,002971.SZ,20200803,7245,1858.39,6934,1780.91,10039,2576.22,9845,2526.44,5648,1449.53,6439,1649.86,482,123.44,196,50.37,-710,-184.01
1910,002232.SZ,20200803,38405,5165.08,75251,10174.71,76287,10232.71,100728,13616.37,69444,9388.05,63954,8650.36,80391,11027.09,24594,3371.49,-23588,-3391.04
1911,603192.SH,20200803,7023,1982.6,8390,2372.4,7909,2237.55,8382,2372.71,5987,1692.85,4247,1199.24,500,142.94,400,111.6,2994,836.49
1912,002363.SZ,20200803,33770,2406.36,33973,2422.96,43341,3089.78,40798,2907.78,27130,1933.99,29159,2077.01,4010,286.68,4320,309.07,10284,736.06
1913,300027.SZ,20200803,4933,258.98,41359,2171.32,17625,925.29,41350,2170.89,28658,1504.54,40150,2107.87,94039,4937.05,22396,1175.78,-145135,-7619.55
1914,002494.SZ,20200803,46758,2391.7,49339,2525.71,56999,2916.11,56181,2874.63,27354,1400.99,25458,1302.84,4867,249.38,5000,255.0,2086,110.56
1915,300158.SZ,20200803,139244,8594.83,121448,7501.37,179823,11101.01,167907,10367.69,139991,8642.14,164100,10129.69,38041,2351.69,43644,2690.92,-47874,-2933.87
1916,603278.SH,20200803,13043,1126.36,12899,1114.47,12939,1117.55,16469,1421.83,4808,414.89,2606,225.11,1184,102.62,0,0.0,3127,271.52
1917,688228.SH,20200803,1470,1058.97,1777,1282.03,2592,1869.18,2749,1981.39,2327,1680.21,2025,1462.42,162,117.48,0,0.0,766,554.23
1918,002449.SZ,20200803,118362,17708.96,150859,22650.3,222202,33253.26,233854,35091.22,251165,37688.56,227180,34041.7,94248,14203.4,74084,11070.96,40611,6219.36
1919,002603.SZ,20200803,106641,34205.96,100481,32256.67,136396,43759.4,138038,44288.79,123265,39561.18,115257,36977.3,33197,10653.44,45724,14657.23,-6044,-1890.78
1920,300064.SZ,20200803,76244,1752.76,63941,1471.74,76804,1766.25,76283,1752.15,37867,870.59,45691,1050.68,0,0.0,5000,115.02,14911,350.64
1921,600061.SH,20200803,70840,10634.3,75054,11289.95,121821,18303.88,119174,17913.87,157281,23645.03,129989,19539.43,64132,9645.5,89858,13485.47,13002,2019.33
1922,002734.SZ,20200803,39057,6606.85,33820,5729.56,33664,5699.51,35778,6058.52,21204,3593.41,27988,4736.6,9603,1630.23,5943,1005.31,-5493,-924.87
1923,300635.SZ,20200803,6579,1639.69,3973,991.46,6180,1541.48,6874,1714.83,2349,586.11,3556,885.82,1204,301.13,1909,476.3,1513,380.33
1924,600478.SH,20200803,112565,5143.87,77247,3532.49,97673,4457.39,109759,5016.69,84228,3851.74,99772,4555.2,14017,640.15,21704,988.77,15090,703.66
1925,300766.SZ,20200803,17530,6220.54,17070,6072.28,22005,7814.45,22954,8153.04,16280,5777.68,18192,6451.9,11573,4105.17,9172,3240.62,-13379,-4734.89
1926,600763.SH,20200803,4251,7676.87,5741,10377.99,6290,11372.15,6483,11731.34,7928,14329.81,6765,12245.28,4221,7655.84,3701,6680.07,-1807,-3246.17
1927,601456.SH,20200803,0,0.0,4385,295.08,0,0.0,0,0.0,0,0.0,0,0.0,4385,295.08,0,0.0,-4385,-295.08
1928,000627.SZ,20200803,52211,3056.7,83652,4902.52,85694,5013.94,112446,6584.34,122499,7181.16,93469,5480.55,47483,2789.6,18320,1073.99,63408,3732.17
1929,300508.SZ,20200803,4814,1246.71,3627,940.74,3210,832.32,3705,960.05,1519,394.14,2211,572.39,0,0.0,0,0.0,2400,623.82
1930,600505.SH,20200803,14879,1348.06,11316,1026.3,18729,1697.25,20109,1822.97,9257,839.43,9499,859.8,0,0.0,1941,175.66,-4698,-422.85
1931,000166.SZ,20200803,403178,23566.04,340544,19959.97,570812,33398.64,525417,30774.67,600012,35110.64,562711,32950.9,580004,33995.4,725333,42385.18,-114866,-6549.39
1932,002975.SZ,20200803,6077,5406.37,7927,7057.42,10962,9751.5,8236,7336.97,7058,6287.62,6782,6037.01,946,850.35,2098,1864.45,-206,-185.33
1933,300590.SZ,20200803,20053,6315.01,26216,8261.55,28344,8928.91,27486,8655.02,17428,5492.79,10394,3270.28,662,206.69,2390,756.54,818,262.43
1934,300639.SZ,20200803,19573,10336.66,12870,6797.76,11196,5904.31,15682,8279.57,7432,3927.97,7831,4130.59,1422,751.32,3240,1712.34,6413,3406.58
1935,600636.SH,20200803,34010,5217.02,56357,8599.94,51775,7900.45,65308,9995.4,53163,8177.47,34916,5370.34,55420,8576.66,37787,5905.91,33260,5160.6
1936,600767.SH,20200803,8292,308.75,7073,263.43,16298,606.87,14679,546.51,3159,117.77,5591,208.35,2713,100.92,3119,116.03,1270,47.92
1937,000582.SZ,20200803,24076,2902.43,19665,2372.69,27129,3273.15,22281,2687.55,19393,2340.39,16674,2009.84,6740,813.76,18719,2259.65,12451,1511.96
1938,002122.SZ,20200803,23237,431.69,19023,353.11,30640,568.81,25084,465.8,10094,187.64,25864,481.11,6000,111.88,0,0.0,5005,96.06
1939,300218.SZ,20200803,0,0.0,3086,285.76,0,0.0,2958,273.94,777,71.95,1515,140.29,7982,739.16,1200,111.12,-8759,-811.11
1940,600215.SH,20200803,4462,244.53,6948,380.85,11638,638.04,9725,532.49,7192,394.25,6619,363.46,0,0.0,0,0.0,3889,213.27
1941,603717.SH,20200803,63282,5565.59,50330,4439.57,66891,5891.77,67428,5943.02,25467,2251.91,35249,3097.71,0,0.0,2632,228.99,-13760,-1190.14
1942,600756.SH,20200803,35842,6788.59,35790,6788.43,45314,8582.52,43056,8159.39,24915,4726.6,21887,4144.24,2288,435.73,7626,1441.37,23032,4364.3
1943,000571.SZ,20200803,15449,583.26,13516,510.43,24920,939.3,24255,914.63,9527,358.95,12125,456.45,0,0.0,0,0.0,-2956,-108.29
1944,002111.SZ,20200803,42446,7183.12,46054,7791.68,51037,8631.85,52410,8862.65,32155,5443.52,29158,4946.27,3458,590.38,1474,248.26,40085,6786.45
1945,600898.SH,20200803,14741,1094.81,9246,688.42,15873,1180.51,16779,1247.52,5944,444.47,9873,734.99,2891,213.93,3551,262.79,-17555,-1300.69
1946,002099.SZ,20200803,100169,8740.78,137304,11939.47,170984,14878.73,228697,19866.85,169314,14720.91,168510,14708.73,115697,10079.45,21653,1904.83,142317,12465.37
1947,002253.SZ,20200803,22210,3398.26,24077,3687.44,30619,4686.02,33040,5056.28,17911,2744.59,14768,2260.1,1143,174.95,0,0.0,4321,662.56
1948,603416.SH,20200803,9446,5467.91,13359,7735.1,12518,7282.54,10165,5891.96,7768,4506.66,4877,2834.72,553,311.2,1885,1106.54,583,410.93
1949,002384.SZ,20200803,154581,45527.37,113677,33506.17,225303,66394.04,184682,54434.32,182113,53691.71,198332,58446.64,98268,28967.22,163574,48193.2,-68233,-19958.59
1950,300048.SZ,20200803,81988,3856.76,76762,3610.81,120620,5672.51,124991,5879.0,108225,5090.49,96361,4533.1,17302,812.74,30020,1409.58,-12785,-585.07
1951,300202.SZ,20200803,102378,15178.4,100953,15008.64,182655,27106.29,167950,24928.98,159419,23661.67,148982,22085.39,36689,5436.67,63256,9360.02,6190,990.38
1952,603701.SH,20200803,24495,2548.76,28334,2953.94,29838,3108.6,30116,3137.06,16118,1684.88,10676,1113.15,0,0.0,1326,138.1,10258,1074.21
1953,002718.SZ,20200803,4282,706.93,4419,729.99,4930,814.26,4519,746.15,904,149.36,1178,194.4,0,0.0,0,0.0,1339,221.81
1954,300179.SZ,20200803,43064,2750.77,31533,2014.95,26981,1724.69,31853,2035.49,9117,583.75,15776,1008.77,0,0.0,0,0.0,21505,1377.95
1955,000428.SZ,20200803,38591,1332.67,44012,1522.16,39315,1359.18,41340,1427.66,26472,915.55,23134,800.12,4108,142.55,0,0.0,23408,816.36
1956,300698.SZ,20200803,12438,2205.6,14569,2586.29,10895,1935.65,12228,2170.7,6276,1115.33,3127,556.01,896,159.35,581,102.93,2731,487.5
1957,300852.SZ,20200803,7497,8100.07,7399,8016.68,13900,15041.76,13081,14153.22,9875,10688.73,10288,11118.01,1384,1494.87,1889,2037.53,-555,-584.64
1958,600695.SH,20200803,55491,4396.68,62471,4960.3,55052,4366.37,59983,4758.66,43680,3470.12,34108,2703.16,9719,773.9,7381,584.96,13988,1120.2
1959,601388.SH,20200803,269319,5917.64,292541,6429.28,326812,7183.85,306964,6743.45,209368,4590.54,233903,5137.09,69353,1521.32,41444,903.53,100825,2245.4
1960,000559.SZ,20200803,131729,8149.96,124830,7749.71,157358,9745.95,145541,9018.85,116511,7220.64,136282,8424.95,21345,1325.24,20291,1248.28,-32048,-1939.53
1961,000713.SZ,20200803,132734,15174.75,143021,16374.59,157372,18002.69,176148,20149.76,119272,13645.62,108149,12358.79,45871,5270.57,27932,3210.48,22885,2679.11
1962,603229.SH,20200803,26975,12034.14,20639,9201.4,25349,11282.38,29306,13100.38,12459,5575.85,16453,7350.41,5976,2673.89,4362,1914.08,18688,8448.28
1963,002197.SZ,20200803,72324,8047.85,83106,9251.68,102679,11416.28,98163,10927.93,70847,7892.22,70852,7886.79,17064,1909.45,10793,1199.4,4918,563.06
1964,002351.SZ,20200803,124482,24920.53,102268,20496.82,124231,24896.48,127678,25595.24,65543,13149.91,80572,16141.46,14731,2957.89,18469,3691.28,-2768,-523.01
1965,300015.SZ,20200803,48270,22447.82,63894,29741.01,118339,55024.1,109365,50860.23,137019,63768.81,116792,54236.57,55331,25769.49,68906,32172.41,63010,29382.77
1966,600012.SH,20200803,24372,1287.93,17882,949.93,16105,854.0,23516,1244.66,12957,688.72,12036,636.05,0,0.0,0,0.0,23526,1250.58
1967,002482.SZ,20200803,46151,1765.92,32580,1247.43,54992,2104.6,63929,2447.15,24898,954.1,26815,1025.17,0,0.0,2717,104.88,5686,222.35
1968,688096.SH,20200803,4502,1213.02,3971,1070.37,8631,2326.5,9498,2563.3,5046,1362.65,4710,1268.5,0,0.0,0,0.0,769,206.28
1969,002471.SZ,20200803,72854,1653.3,80517,1829.36,67857,1541.46,77188,1752.14,28124,639.12,39012,884.33,27883,631.94,0,0.0,61118,1394.54
1970,300135.SZ,20200803,49773,1223.04,34175,839.76,43169,1060.05,43038,1057.18,44170,1084.47,48715,1196.28,3538,87.03,14722,361.38,-26065,-634.76
1971,600132.SH,20200803,16119,11578.83,11277,8106.33,9263,6651.29,11121,7996.07,5661,4075.89,8946,6422.2,1514,1088.11,1214,869.52,-3025,-2156.78
1972,002805.SZ,20200803,18114,2304.16,19985,2545.53,20662,2629.28,22287,2833.89,15633,1990.72,14770,1881.25,3777,483.55,1143,147.03,5906,763.72
1973,300266.SZ,20200803,90481,3260.71,69577,2507.35,107850,3886.44,90523,3262.32,74260,2679.14,94749,3414.3,16892,607.7,34634,1250.03,80943,2921.98
1974,300420.SZ,20200803,69390,5011.22,139280,10067.65,131895,9506.59,229977,16649.52,167712,12091.05,196273,14211.27,252461,18404.14,55929,4084.56,-97280,-7215.43
1975,002936.SZ,20200803,79831,2962.71,87914,3261.79,89515,3321.02,72957,2706.48,57101,2119.75,63081,2339.68,42318,1569.47,44814,1665.0,12962,488.75
1976,600979.SH,20200803,28262,1007.97,43851,1569.45,33393,1193.43,32529,1163.26,30823,1104.86,19191,684.94,3094,111.38,0,0.0,14881,536.61
1977,002334.SZ,20200803,75901,4017.33,78350,4150.2,75150,3981.5,82210,4354.74,50531,2677.94,52370,2773.99,16068,852.59,4720,250.44,47728,2532.29
1978,002465.SZ,20200803,245780,37316.96,361898,55066.02,442820,67128.8,497525,75511.01,464846,70489.19,410374,62159.82,275111,41944.61,158760,24142.71,324943,49545.9
1979,300080.SZ,20200803,58725,3120.23,58666,3119.6,88204,4686.56,83038,4413.62,37905,2016.62,48770,2593.13,9550,510.33,3909,207.39,13148,710.87
1980,002323.SZ,20200803,17345,476.32,13520,372.32,25073,685.39,30235,830.34,13923,384.46,12586,343.51,0,0.0,0,0.0,-4947,-134.65
1981,603283.SH,20200803,13212,7694.0,12871,7526.74,18770,10954.49,23655,13851.17,20502,12006.75,25563,14964.24,34143,20115.33,24537,14428.4,-17964,-10639.36
1982,688233.SH,20200803,4289,2124.43,5233,2595.96,10585,5245.16,9682,4800.73,6263,3105.21,6309,3121.27,581,288.18,494,245.02,-1077,-526.96
1983,002454.SZ,20200803,68740,3760.78,69778,3829.16,88914,4872.54,86806,4757.81,48834,2682.75,47868,2619.35,7111,389.04,9147,498.79,-11596,-616.61
1984,300118.SZ,20200803,129699,23616.67,88225,16098.55,170679,31106.42,139090,25335.79,111613,20345.52,150641,27417.09,30011,5451.95,64047,11669.13,-65482,-11861.22
1985,600115.SH,20200803,81709,3674.02,148842,6695.83,123952,5567.52,151053,6785.93,167049,7506.43,119527,5371.83,88758,3996.3,42047,1890.67,130697,5882.34
1986,603617.SH,20200803,12261,1471.42,7627,915.83,10540,1264.43,10016,1202.36,7812,937.47,11116,1333.12,994,118.78,2848,340.8,-2262,-270.81
1987,002585.SZ,20200803,102084,8536.95,122243,10231.7,162045,13548.09,158207,13238.21,136879,11440.12,128197,10716.2,44500,3740.51,36861,3079.58,37821,3208.61
1988,300249.SZ,20200803,35999,2323.94,45373,2931.1,48089,3103.13,57424,3708.87,37757,2439.48,19999,1287.65,8165,526.79,7214,465.72,27093,1750.68
1989,300403.SZ,20200803,105016,6073.48,80741,4659.25,90002,5183.76,98752,5692.03,50146,2892.91,54446,3144.84,0,0.0,11225,654.02,74948,4348.7
1990,600246.SH,20200803,36497,3150.54,31415,2713.43,84386,7283.16,61244,5290.51,62724,5411.7,71959,6209.36,30733,2658.35,49722,4290.45,-18947,-1616.09
1991,600400.SH,20200803,48538,1720.82,58083,2061.2,52297,1854.78,47597,1688.16,21313,756.54,28216,1000.02,11747,417.24,0,0.0,31639,1127.18
1992,000897.SZ,20200803,78310,1890.36,75561,1828.76,99692,2405.92,80839,1954.86,52525,1270.77,71391,1723.46,35201,855.58,37937,915.55,56974,1388.9
1993,002437.SZ,20200803,285356,12044.06,330115,13961.23,376244,15889.12,376812,15900.81,309621,13092.69,262907,11100.52,90849,3829.43,92235,3892.73,102820,4380.17
1994,300052.SZ,20200803,56101,7499.42,65427,8769.01,75898,10164.45,69908,9363.07,38510,5157.31,37883,5063.44,8593,1157.26,5884,782.93,-5593,-722.88
1995,603551.SH,20200803,47059,8591.45,34241,6254.55,47087,8595.37,54559,9955.54,24905,4538.82,33530,6106.86,9077,1648.45,5798,1057.14,-8305,-1502.73
1996,002568.SZ,20200803,23606,13366.1,32039,18145.45,32574,18456.7,28417,16141.36,15865,8934.06,19937,11355.55,16635,9618.94,8287,4733.44,3944,2260.52
1997,002722.SZ,20200803,7224,938.46,8096,1053.81,8267,1075.27,8910,1159.4,4616,600.96,4732,614.81,1631,213.33,0,0.0,-190,-22.43
1998,300183.SZ,20200803,90644,22220.87,58137,14256.19,116913,28691.64,91049,22352.43,87842,21565.7,124383,30517.98,30126,7372.71,51956,12724.32,13399,3385.39
1999,600180.SH,20200803,22073,1551.08,20433,1437.15,14823,1041.72,15414,1084.42,12380,871.18,11824,830.83,0,0.0,1605,111.58,7566,532.19
2000,600229.SH,20200803,25372,2102.74,30281,2509.69,35452,2938.35,45186,3748.39,20470,1691.86,17978,1489.64,12151,1014.77,0,0.0,19377,1618.28
2001,603682.SH,20200803,21028,2417.81,22246,2558.24,27187,3125.1,22693,2608.67,10209,1174.71,13485,1550.72,0,0.0,0,0.0,2585,300.55
2002,605222.SH,20200803,0,0.0,840,245.15,0,0.0,0,0.0,0,0.0,0,0.0,840,245.15,0,0.0,-840,-245.15
2003,002699.SZ,20200803,15942,1466.66,16227,1492.87,22777,2095.48,22362,2057.33,21911,2015.79,36204,3330.76,55570,5112.44,41406,3809.39,-116200,-10690.36
2004,002853.SZ,20200803,13424,3306.97,15118,3722.01,15273,3743.51,17460,4292.77,13377,3293.84,8795,2161.44,800,199.98,1500,368.07,5961,1483.36
2005,603027.SH,20200803,41962,14426.98,34188,11771.52,38067,13096.11,32577,11211.31,22702,7811.85,28456,9779.88,5116,1758.17,12625,4330.4,-20954,-7192.71
2006,000042.SZ,20200803,26047,2543.54,19496,1900.88,51213,4994.0,56884,5544.27,30776,3007.43,28384,2779.04,1169,114.86,4441,435.64,-9925,-964.04
2007,002697.SZ,20200803,76395,7727.79,69338,7018.57,84537,8552.93,96516,9766.91,64145,6494.75,56359,5701.98,8168,826.69,11033,1114.7,-2621,-248.06
2008,002851.SZ,20200803,24655,7300.98,20143,5971.14,20043,5939.81,25718,7618.2,13626,4042.84,12362,3664.34,2872,850.26,2974,880.22,-7697,-2263.52
2009,300515.SZ,20200803,13819,1576.94,12574,1438.5,10472,1195.49,8367,956.75,4459,510.63,6809,774.82,0,0.0,1000,113.0,3702,421.33
2010,600358.SH,20200803,9894,306.57,8624,268.17,10127,314.24,13242,411.0,5237,163.38,3392,105.01,0,0.0,0,0.0,-428,-11.94
2011,600512.SH,20200803,72880,2174.09,84110,2513.06,96704,2885.77,104846,3129.32,118332,3531.21,91250,2723.65,42308,1264.8,50018,1489.84,-10015,-284.54
2012,002982.SZ,20200803,6037,6712.86,7264,8085.71,8804,9797.03,8491,9448.52,5443,6063.38,4822,5366.98,1119,1244.26,825,916.32,-1724,-1908.05
2013,300800.SZ,20200803,12591,4612.58,13445,4931.55,13075,4799.1,14754,5417.05,10021,3683.87,8138,2987.15,1019,376.46,369,136.26,8280,3029.46
2014,600489.SH,20200803,169112,18918.11,127660,14296.58,192790,21566.48,172964,19350.29,218830,24477.99,232779,26035.04,83611,9336.16,130939,14616.84,-44825,-4982.4
2015,600643.SH,20200803,57253,5152.94,75071,6770.52,85840,7728.45,98370,8859.07,76452,6887.99,69719,6276.85,25829,2337.62,2214,200.55,40949,3697.45
2016,601336.SH,20200803,29487,15994.31,42395,23014.32,50695,27499.3,53610,29090.93,67589,36651.94,55574,30137.74,45669,24826.49,41862,22729.05,17435,9502.13
2017,000507.SZ,20200803,63850,3834.51,73602,4422.8,74356,4466.43,73302,4402.83,48938,2942.28,47326,2843.28,8885,533.54,1800,107.86,31551,1906.26
2018,002937.SZ,20200803,24238,3908.72,23697,3833.73,29190,4716.88,32490,5250.7,15715,2549.35,12955,2090.52,0,0.0,0,0.0,2767,457.64
2019,000812.SZ,20200803,71743,2396.34,70545,2357.81,59303,1980.68,54404,1817.59,29554,988.09,37325,1245.95,8592,287.67,6918,231.44,-9344,-306.64
2020,603158.SH,20200803,11892,2944.92,11054,2737.42,11727,2901.6,11239,2783.33,10641,2634.19,13435,3326.18,3802,947.47,2334,581.25,7368,1815.83
2021,688108.SH,20200803,12672,4299.43,11856,4037.54,21497,7292.53,20871,7085.13,13209,4487.17,15963,5409.78,5435,1846.27,4123,1392.95,-1786,-607.78
2022,000789.SZ,20200803,163420,32086.32,122924,24149.32,168234,33072.89,170303,33464.61,134365,26473.57,147001,28939.02,39937,7831.75,65728,12911.58,-49020,-9565.48
2023,002280.SZ,20200803,160591,2118.25,121947,1609.31,182293,2404.17,146160,1928.44,81260,1072.53,140305,1850.35,20821,274.84,36554,481.69,-84396,-1103.41
2024,002329.SZ,20200803,60672,3658.41,53451,3226.33,62557,3773.01,58556,3531.03,41743,2519.11,57544,3469.96,14170,855.96,9592,579.18,10437,634.02
2025,603289.SH,20200803,14874,1501.37,10787,1090.1,15188,1534.08,15585,1574.51,8483,855.91,8287,835.49,1000,100.3,4885,491.55,-9052,-911.36
2026,002614.SZ,20200803,68477,8906.84,76197,9913.64,90760,11792.09,83991,10958.1,69274,9005.24,83637,10840.3,30046,3936.86,14732,1928.99,44848,5908.84
2027,300075.SZ,20200803,55545,8565.87,69962,10823.66,100868,15570.91,105745,16342.9,87866,13578.42,73558,11332.71,13219,2052.27,8234,1268.2,20533,3193.18
2028,600072.SH,20200803,134664,19594.17,161557,23497.19,177963,25869.51,189382,27520.21,143418,20823.88,123940,18012.87,46778,6810.2,27944,4067.49,82026,11924.05
2029,002745.SZ,20200803,59331,10659.2,80486,14498.49,92703,16675.36,99990,18007.58,120633,21732.34,106792,19239.25,74028,13365.65,59427,10687.22,-36385,-6532.49
2030,002795.SZ,20200803,9099,1365.12,5672,851.47,11115,1668.89,10606,1591.87,5918,889.6,9447,1419.06,0,0.0,407,61.21,240,36.25
2031,300398.SZ,20200803,37754,9518.13,49915,12580.35,68803,17346.0,67586,17038.14,57694,14539.76,54061,13628.58,17794,4478.86,10482,2635.68,15597,3948.32
2032,300552.SZ,20200803,14026,7313.19,15050,7852.95,22195,11573.24,23329,12171.18,15681,8188.93,13407,6987.52,4610,2406.84,4725,2470.55,19,28.51
2033,600395.SH,20200803,35733,2287.64,35515,2274.47,53318,3413.23,41685,2669.36,37658,2410.7,49272,3153.11,4646,297.22,4883,311.86,-3067,-187.55
2034,601088.SH,20200803,122592,19050.89,89872,13973.54,160665,24970.97,193884,30138.95,138268,21502.55,112325,17457.85,38639,6005.82,64083,9959.88,40951,6403.78
2035,603897.SH,20200803,9247,1916.24,11362,2362.34,12273,2548.48,14615,3035.81,8006,1667.65,4573,948.62,1525,319.31,500,104.9,1737,363.72
2036,000413.SZ,20200803,292810,8320.12,370716,10545.87,320182,9103.1,337486,9590.28,330101,9382.05,238148,6764.67,147886,4204.32,144629,4108.78,164675,4717.23
2037,300683.SZ,20200803,10776,7041.2,9744,6368.26,14377,9399.45,11059,7226.76,9539,6236.27,13358,8732.82,1319,865.43,1850,1214.51,-1255,-803.76
2038,600729.SH,20200803,12187,3940.46,13785,4466.04,17902,5798.41,13420,4351.08,10922,3538.98,14198,4587.85,391,127.11,0,0.0,4251,1396.93
2039,000544.SZ,20200803,50007,3784.78,49342,3735.75,53396,4042.03,45845,3469.65,30611,2320.27,37328,2827.98,0,0.0,1500,113.7,3626,278.0
2040,002215.SZ,20200803,70551,4691.43,74994,5000.18,92086,6125.88,93550,6229.33,81188,5419.18,77295,5147.09,19926,1332.09,17911,1191.98,35722,2378.28
2041,601838.SH,20200803,61268,5141.23,47113,3956.17,93687,7863.94,70445,5917.94,58576,4916.29,68836,5781.69,8477,712.11,35615,2977.76,-18875,-1568.22
2042,000960.SZ,20200803,58142,6030.97,60379,6282.52,109627,11381.29,93218,9690.43,117045,12168.32,101051,10492.3,23490,2443.81,53656,5559.14,17460,1826.81
2043,600779.SH,20200803,18939,12108.84,15769,10095.6,20767,13294.87,16618,10644.17,10683,6834.23,10670,6826.79,3198,2040.9,10530,6712.28,-974,-614.16
2044,600933.SH,20200803,16051,2140.66,15960,2132.17,13794,1840.49,12998,1736.07,5630,753.51,6040,802.69,0,0.0,477,63.72,6743,899.42
2045,300459.SZ,20200803,352972,11399.93,355230,11491.64,386929,12493.99,404283,13066.49,354214,11452.76,292882,9456.22,74328,2398.68,116048,3731.02,78566,2590.68
2046,300613.SZ,20200803,8171,9989.78,14196,17393.32,11516,14122.52,13371,16388.53,15669,19262.41,8811,10799.27,7217,8858.62,6195,7652.22,5470,6833.43
2047,600456.SH,20200803,41700,14920.45,46796,16802.12,70709,25266.76,72567,25981.53,66032,23663.79,59439,21271.04,24053,8722.32,23691,8518.62,21064,7684.49
2048,603958.SH,20200803,10811,832.09,10499,809.65,8838,681.44,10150,781.49,4282,330.19,3282,252.58,0,0.0,0,0.0,3911,302.11
2049,600587.SH,20200803,59702,12123.02,63017,12836.81,101424,20597.56,101225,20598.97,107505,21877.6,103280,20985.25,41108,8407.27,42216,8584.42,9259,1920.62
2050,600741.SH,20200803,49522,10552.09,41787,8912.55,58795,12530.44,71853,15319.64,50186,10697.61,47900,10202.52,16295,3476.57,13259,2821.99,3450,746.15
2051,000605.SZ,20200803,20453,1352.9,24359,1615.08,22271,1476.01,21498,1423.66,9170,607.63,9954,658.55,3916,260.76,0,0.0,9522,632.56
2052,600872.SH,20200803,32816,22279.71,14392,9789.79,30796,20909.77,24433,16603.43,26338,17868.43,34168,23190.75,8343,5672.99,25301,17146.94,-10946,-7419.28
2053,603105.SH,20200803,113649,12015.21,134657,14215.39,152187,16073.22,160397,16941.28,109221,11510.33,91577,9672.83,24018,2551.81,12444,1321.07,55283,5860.75
2054,000736.SZ,20200803,26501,1954.18,23557,1740.42,27416,2022.1,23876,1762.16,13968,1028.03,16664,1226.56,6983,518.97,10771,794.13,-10114,-748.68
2055,002073.SZ,20200803,68826,3148.75,54729,2507.45,94452,4325.03,68711,3146.8,87467,4007.96,116490,5335.98,10820,496.74,21636,988.24,27095,1253.24
2056,601116.SH,20200803,17216,2531.98,16931,2491.88,23900,3516.94,23409,3444.0,10808,1592.77,11584,1705.8,0,0.0,0,0.0,3206,471.63
2057,002893.SZ,20200803,38954,4368.22,36186,4071.65,39962,4485.45,39121,4396.75,24830,2797.13,29216,3274.73,3282,369.37,2504,277.05,10324,1161.57
2058,002154.SZ,20200803,79706,2648.37,93044,3092.66,87972,2920.63,95964,3185.2,67449,2242.26,55618,1847.26,25314,837.12,15816,523.27,89205,2968.86
2059,601777.SH,20200803,64782,2913.49,77203,3479.7,117511,5286.54,111646,5028.11,77641,3503.59,76705,3453.83,13021,591.76,7400,333.74,19933,900.41
2060,603317.SH,20200803,13164,7625.88,10902,6314.7,9173,5314.38,10187,5903.51,3700,2143.95,5821,3372.53,2532,1467.34,1659,960.81,-6436,-3722.48
2061,000948.SZ,20200803,34686,4811.81,29751,4124.47,39709,5499.88,41516,5754.77,15437,2138.2,21173,2932.17,3439,477.57,832,116.06,14844,2061.24
2062,300103.SZ,20200803,43650,4707.7,40211,4338.53,59453,6411.35,57885,6244.37,28781,3107.1,32566,3506.11,2659,283.4,3880,420.55,19871,2155.47
2063,600100.SH,20200803,47822,3853.45,63541,5128.8,101518,8187.89,97848,7895.34,114076,9208.34,120137,9686.89,72090,5826.16,53980,4364.8,19982,1609.71
2064,603602.SH,20200803,13140,2079.32,14194,2248.0,18577,2940.78,18496,2927.7,10552,1670.79,7236,1143.71,2066,328.59,4408,700.07,878,139.37
2065,002570.SZ,20200803,133221,11348.15,137835,11732.69,211651,17954.36,205995,17501.72,165830,14049.94,181092,15405.8,105995,9136.65,91775,7848.89,58373,4847.2
2066,002619.SZ,20200803,125275,3116.52,140398,3500.14,140558,3493.6,133379,3319.1,112885,2810.75,106564,2640.87,27549,686.78,25925,647.53,32063,816.04
2067,300234.SZ,20200803,104555,8158.1,75823,5930.51,109420,8545.83,111322,8699.66,71390,5573.39,100235,7826.33,28442,2246.9,26427,2067.72,-22168,-1697.56
2068,600077.SH,20200803,99754,3510.39,115779,4074.52,95822,3370.88,101486,3571.35,72472,2551.9,61137,2152.28,17065,600.17,6711,235.19,-56769,-1985.57
2069,603713.SH,20200803,6668,8199.62,7504,9231.22,4339,5336.66,4352,5357.9,2728,3363.03,1681,2070.0,108,133.75,307,373.94,-2394,-2930.73
2070,002681.SZ,20200803,38938,1919.33,91703,4554.65,70867,3507.55,120706,5985.07,101403,5002.09,77067,3820.94,102613,5127.18,24345,1195.49,-12612,-653.43
2071,300345.SZ,20200803,38896,3394.21,29215,2548.91,53469,4659.11,55988,4882.17,25479,2225.69,37926,3317.55,9404,820.5,4119,350.88,33649,2943.72
2072,002407.SZ,20200803,54893,6362.55,62733,7280.01,75858,8798.38,67763,7861.33,64477,7484.27,64675,7498.09,19995,2323.01,20053,2328.77,20965,2440.99
2073,300022.SZ,20200803,63403,2848.3,59456,2671.0,89918,4039.24,79549,3572.57,43735,1966.75,51149,2298.42,13613,611.23,20515,923.52,32355,1462.06
2074,603367.SH,20200803,39186,7168.1,44534,8159.89,53124,9722.88,53272,9749.47,32358,5925.19,28744,5259.35,8451,1540.94,6569,1188.39,-2229,-392.5
2075,000998.SZ,20200803,89233,16869.46,258787,49343.85,203974,38618.59,355802,67894.67,326243,62053.65,285086,54453.0,459819,88547.53,179595,34397.7,98680,17719.44
2076,002538.SZ,20200803,86350,5023.53,117754,6865.34,127260,7383.83,139925,8153.37,94021,5461.15,108052,6285.6,88199,5169.92,30099,1734.12,104499,6110.92
2077,300153.SZ,20200803,14812,830.13,13845,776.25,15022,842.33,14986,840.15,7466,418.51,8469,474.56,0,0.0,0,0.0,5415,304.64
2078,600150.SH,20200803,63357,13628.75,84575,18188.26,107966,23201.37,112564,24209.76,120420,25880.22,105307,22637.6,41829,9017.43,31126,6692.15,60062,12932.45
2079,000014.SZ,20200803,42432,5959.57,52060,7311.04,74582,10466.93,77688,10926.22,54007,7576.11,47121,6632.55,13415,1922.39,7567,1055.19,14089,2010.9
2080,002669.SZ,20200803,144038,25992.68,62616,11319.52,169963,30643.24,97924,17682.94,109558,19708.94,194401,35084.49,57070,10130.5,125688,22388.4,81630,14308.8
2081,300781.SZ,20200803,13054,4250.52,15441,5032.99,14087,4592.24,12155,3959.9,6853,2235.36,6269,2044.05,392,127.37,521,168.54,-484,-149.31
2082,600827.SH,20200803,144477,29493.54,156330,32080.77,230518,47149.45,235246,48184.2,240295,49415.84,254764,52242.26,157757,32477.99,126708,26029.58,70146,14682.39
2083,603011.SH,20200803,31571,1718.85,28392,1545.22,31320,1705.8,31186,1697.25,15794,859.67,14525,791.67,0,0.0,4582,250.18,10867,593.47
2084,000488.SZ,20200803,115983,6383.35,154754,8523.52,164600,9058.12,152624,8403.87,144011,7932.25,110510,6082.43,16132,888.97,22838,1252.87,29895,1678.97
2085,600188.SH,20200803,43627,4065.23,52104,4856.66,82637,7702.24,93185,8686.33,85620,7978.8,86236,8034.99,35562,3316.01,15920,1484.3,44395,4152.79
2086,300476.SZ,20200803,22697,5303.73,28620,6698.01,30239,7069.99,27840,6509.17,24473,5727.82,20776,4855.06,2829,664.14,3002,703.44,-2624,-607.17
2087,300630.SZ,20200803,31555,14054.93,22659,10102.71,36696,16340.05,32936,14667.38,24879,11068.12,33020,14683.57,4374,1950.27,8889,3959.72,-16210,-7164.6
2088,601166.SH,20200803,169975,26703.02,116128,18263.39,308924,48550.62,362012,56901.29,354708,55755.46,317230,49861.5,224871,35366.76,263107,41349.67,-280871,-44044.74
2089,300761.SZ,20200803,6766,2865.64,4927,2086.86,7994,3384.54,9080,3844.72,4723,2001.33,5106,2163.47,277,117.73,646,274.19,6246,2648.78
2090,600807.SH,20200803,44745,2212.82,22264,1101.41,45977,2273.97,45358,2242.85,25685,1270.99,50892,2517.83,2107,104.3,0,0.0,-4283,-207.38
2091,000622.SZ,20200803,57663,2491.05,73718,3196.08,82381,3557.9,93900,4069.13,63893,2769.77,54480,2351.88,18162,798.37,0,0.0,22038,957.09
2092,002008.SZ,20200803,51103,21004.22,52181,21461.45,77644,31924.2,75535,31062.51,74642,30696.36,76865,31605.95,27046,11128.48,25855,10623.34,9107,3778.26
2093,002921.SZ,20200803,7671,1715.67,8349,1867.49,9161,2049.85,8048,1800.58,4548,1018.87,4983,1116.31,0,0.0,0,0.0,415,94.4
2094,300382.SZ,20200803,33549,3529.28,29533,3104.27,54714,5755.92,56902,5985.19,43625,4573.55,45993,4824.61,8142,851.74,7601,796.42,13564,1435.8
2095,600428.SH,20200803,54639,1873.53,79461,2726.61,55194,1892.6,63723,2186.66,58569,2012.92,19079,653.99,0,0.0,6139,211.8,24787,854.33
2096,603881.SH,20200803,23180,21714.12,19176,17985.27,33963,31817.77,25822,24212.82,19626,18386.58,19431,18208.45,4572,4266.55,16912,15778.48,-9417,-8830.54
2097,000089.SZ,20200803,136735,14029.27,215491,22517.97,240272,24724.92,297822,30944.89,337273,34948.61,324644,33750.18,306799,32672.27,183122,19162.02,190978,19877.27
2098,002898.SZ,20200803,16163,2253.94,15237,2125.96,12724,1780.49,13250,1849.27,5071,703.77,5470,762.98,0,0.0,0,0.0,10269,1433.48
2099,002028.SZ,20200803,113212,32176.9,97710,27791.93,176008,50049.3,136009,38670.32,127616,36279.85,149019,42371.32,41949,11941.19,76046,21613.66,3471,1079.19
2100,600958.SH,20200803,106794,12691.45,130845,15572.76,162347,19296.13,168288,20025.58,210415,25024.29,184474,21932.05,98296,11717.3,94244,11198.78,13669,1692.16
2101,002159.SZ,20200803,12361,1486.56,13200,1590.33,8557,1031.72,11350,1368.36,10327,1248.01,6833,823.89,138,16.3,0,0.0,5775,701.72
2102,002313.SZ,20200803,14684,2705.48,14250,2628.31,22893,4218.94,21867,4029.64,12752,2352.8,14106,2598.99,1155,213.02,1262,233.3,7695,1422.75
2103,688069.SH,20200803,2908,2729.64,4357,4077.07,11068,10406.84,11619,10900.0,8831,8276.81,7641,7172.64,1496,1383.32,687,646.91,2312,2148.55
2104,002444.SZ,20200803,74374,14348.88,66964,12896.01,82987,15945.05,81097,15607.48,51001,9807.31,57409,11063.14,21583,4139.68,24477,4674.29,23558,4546.66
2105,300108.SZ,20200803,149586,5087.29,165400,5640.87,160266,5455.58,160740,5481.26,100273,3414.05,93104,3170.04,31764,1098.76,22644,763.52,59220,2059.93
2106,300312.SZ,20200803,65261,3075.51,68374,3217.86,71968,3387.9,67042,3156.84,31651,1490.99,25819,1217.2,3752,177.47,11397,539.98,9150,440.15
2107,600155.SH,20200803,62621,8638.52,74156,10236.36,77488,10694.84,76629,10583.32,53761,7423.25,47869,6609.27,13787,1912.06,9003,1239.72,-5076,-683.06
2108,601002.SH,20200803,25221,1457.25,30193,1746.96,30485,1762.2,35270,2040.25,29750,1722.02,28700,1659.55,8707,505.29,0,0.0,18569,1077.83
2109,603657.SH,20200803,8249,1528.52,7552,1400.44,7000,1298.68,7438,1378.72,1839,341.51,2098,389.56,0,0.0,0,0.0,2417,449.22
2110,603811.SH,20200803,18669,5199.29,21894,6095.07,15923,4428.13,20575,5730.61,15639,4358.08,9360,2603.68,1597,443.86,0,0.0,7440,2075.55
2111,000019.SZ,20200803,104507,10279.02,123858,12193.63,142884,14044.47,145711,14309.31,89627,8818.02,85697,8436.39,33573,3316.51,15326,1518.68,87770,8653.46
2112,002828.SZ,20200803,28795,3034.44,34303,3618.27,50309,5303.54,45215,4766.35,26904,2839.08,23224,2449.48,2003,211.54,5268,554.49,12698,1346.7
2113,300716.SZ,20200803,83,9.16,5540,611.62,446,49.24,4658,514.24,747,82.47,1937,213.84,22849,2522.53,11990,1323.7,-24125,-2663.4
2114,600559.SH,20200803,91720,11883.04,87384,11333.71,96507,12510.63,90466,11727.92,57933,7517.37,66765,8653.59,24221,3149.36,25767,3345.18,23708,3103.34
2115,600713.SH,20200803,85587,4348.87,101584,5165.8,133448,6784.15,133645,6796.7,88741,4514.12,74879,3806.4,19284,984.83,16952,863.07,-16131,-799.79
2116,300847.SZ,20200803,79448,25032.39,78447,24804.72,94431,29782.47,94669,29825.59,74047,23362.13,75076,23643.93,19904,6290.0,19639,6192.77,25363,8202.3
2117,600844.SH,20200803,90412,3289.44,74932,2727.88,75848,2759.33,84078,3061.43,46176,1680.58,57264,2081.07,6658,243.38,2820,102.37,1210,56.34
2118,000708.SZ,20200803,23875,4681.84,25678,5038.74,25262,4953.98,25760,5053.47,15472,3036.52,14447,2832.74,3569,703.01,2294,450.42,-1851,-357.46
2119,600894.SH,20200803,26787,2065.52,28786,2223.1,36834,2843.11,40099,3094.12,31363,2422.37,23935,1847.75,7523,582.04,9688,748.07,1633,130.73
2120,603127.SH,20200803,14570,13927.57,12346,11815.28,16343,15620.05,12952,12390.36,8836,8449.31,12846,12278.84,1706,1643.02,3310,3155.48,-8014,-7652.87
2121,000758.SZ,20200803,173087,9721.4,356062,20179.14,315309,17680.74,363416,20548.15,244597,13734.95,278421,15686.07,309977,17863.29,45071,2587.01,272768,15352.74
2122,000912.SZ,20200803,72778,3532.7,93787,4555.08,107307,5207.52,99686,4839.46,72441,3519.36,63670,3088.75,11336,550.47,6719,326.77,-55359,-2680.54
2123,002095.SZ,20200803,11175,2346.24,12001,2522.58,16687,3504.66,15946,3349.42,14500,3050.48,15610,3281.38,5218,1100.25,4022,848.25,4273,902.4
2124,601872.SH,20200803,203176,12997.09,281570,18037.3,290856,18609.68,251757,16118.02,245759,15739.63,252002,16134.94,121352,7800.75,75813,4856.88,123083,7919.09
2125,603258.SH,20200803,25686,13557.95,19259,10170.19,21401,11300.84,18877,9969.74,14188,7493.06,18998,10022.85,3635,1917.69,7776,4106.76,2472,1323.33
2126,300289.SZ,20200803,33949,2469.77,31769,2315.41,34255,2492.26,38427,2795.72,26733,1950.25,24698,1798.29,2957,216.13,3000,219.01,-422,-23.46
2127,300443.SZ,20200803,68487,20269.23,47309,14021.62,81167,24012.11,83022,24588.26,49310,14607.88,61791,18254.75,13254,3922.32,20096,5946.91,-17689,-5228.19
2128,603788.SH,20200803,11378,2003.79,8932,1574.03,8671,1527.41,11239,1979.82,4681,826.51,3144,554.29,1324,232.85,2738,482.42,3929,693.42
2129,002959.SZ,20200803,8165,12291.15,6751,10172.77,8130,12242.26,8462,12748.11,3757,5653.59,3924,5907.3,1371,2061.76,2285,3420.59,-1732,-2582.85
2130,600571.SH,20200803,22095,2083.24,31027,2932.53,39502,3727.6,42095,3976.42,32940,3119.53,22561,2128.22,1146,106.8,0,0.0,16358,1553.59
2131,688086.SH,20200803,5169,3284.15,6183,3933.46,12432,7904.09,12231,7777.5,11905,7572.46,9090,5778.56,1809,1152.69,3811,2423.87,-135,-73.37
2132,002461.SZ,20200803,55824,6966.43,59862,7478.03,55411,6922.42,56867,7101.51,37275,4653.72,31036,3871.56,7518,937.63,8262,1029.1,19534,2453.34
2133,300125.SZ,20200803,9954,1732.25,8995,1567.24,12513,2182.29,11940,2079.63,9254,1613.12,9585,1667.01,5241,914.41,6443,1128.19,7143,1251.31
2134,600122.SH,20200803,47605,637.56,48063,645.44,65226,873.55,51815,695.14,33786,455.16,46739,625.69,0,0.0,0,0.0,30466,413.16
2135,002592.SZ,20200803,15323,783.91,14143,724.08,19225,983.55,20094,1027.93,7521,385.13,7832,400.59,0,0.0,0,0.0,-1252,-62.68
2136,300256.SZ,20200803,132246,9436.18,163217,11637.48,207888,14792.31,181011,12892.47,168571,11997.71,174352,12424.31,45314,3244.59,35438,2516.52,92709,6629.01
2137,300410.SZ,20200803,66953,5033.74,67253,5045.97,52817,3950.12,66297,4958.0,43399,3242.95,29369,2207.6,3055,233.18,3304,248.42,45972,3466.51
2138,600099.SH,20200803,21958,1580.37,16151,1160.76,15342,1103.16,20236,1457.75,6758,486.81,8171,587.8,2000,144.23,1500,108.26,10105,725.6
2139,300195.SZ,20200803,35420,2530.42,34583,2476.16,46607,3331.45,31738,2269.65,20942,1502.83,26616,1901.96,2000,143.98,12032,860.91,7407,530.98
2140,600192.SH,20200803,35903,1953.2,33373,1816.62,46751,2545.43,45348,2468.06,23732,1292.65,25666,1397.8,0,0.0,2000,108.8,-2155,-114.13
2141,000056.SZ,20200803,23757,943.57,36027,1435.51,43310,1723.77,43950,1747.56,30305,1208.6,27449,1090.92,10054,398.04,0,0.0,19257,774.03
2142,002865.SZ,20200803,14495,2171.43,11590,1739.53,14831,2223.67,16093,2413.05,7509,1127.09,8139,1218.92,0,0.0,1012,150.69,-794,-117.05
2143,300480.SZ,20200803,30066,5676.38,32493,6144.13,37807,7146.12,40289,7605.13,25410,4794.02,20829,3925.34,5050,956.37,4720,898.29,17796,3393.44
2144,002368.SZ,20200803,26012,8755.84,36286,12239.0,43871,14776.03,48133,16198.89,46757,15766.54,41881,14111.09,28643,9665.07,18983,6414.51,15192,5106.61
2145,002522.SZ,20200803,35387,2326.3,32834,2160.53,50034,3290.75,47235,3107.44,26330,1733.07,27124,1784.3,5570,367.0,10129,664.84,522,36.82
2146,600029.SH,20200803,116733,6320.01,172135,9324.52,169917,9196.25,204962,11093.49,178066,9643.22,175743,9514.77,152288,8249.01,64164,3475.71,162941,8839.67
2147,688278.SH,20200803,3633,2436.44,3618,2437.82,7554,5071.91,7174,4824.14,6772,4560.69,6284,4218.29,415,279.09,1298,867.88,-552,-374.45
2148,002499.SZ,20200803,5545,190.33,4492,154.44,7457,256.11,10119,347.26,3175,108.98,1566,53.71,0,0.0,0,0.0,-27,-0.41
2149,002653.SZ,20200803,32945,9437.14,32792,9407.87,31344,8984.13,32741,9392.01,20501,5887.23,17998,5164.22,4338,1246.88,5597,1591.28,-17269,-4940.55
2150,300317.SZ,20200803,70398,2525.2,52568,1889.52,52947,1901.47,50801,1823.91,22945,826.41,38178,1370.53,0,0.0,4744,169.12,15023,544.29
2151,601007.SH,20200803,10818,930.64,12130,1045.56,16331,1405.35,13431,1156.62,7317,629.87,7405,637.63,0,0.0,1500,126.05,3854,334.79
2152,603816.SH,20200803,11826,6813.97,10386,5986.92,6464,3723.68,10378,5986.15,6731,3887.07,4443,2562.9,1021,590.11,836,478.87,788,462.26
2153,601100.SH,20200803,20360,12662.54,19387,12059.01,22799,14183.28,25137,15648.78,15373,9570.67,14530,9040.26,4383,2728.94,3861,2397.38,10679,6641.71
2154,603755.SH,20200803,3467,2648.6,3783,2897.67,3539,2712.92,2956,2271.75,1837,1414.99,2261,1731.12,357,282.03,200,158.0,2246,1728.05
2155,002926.SZ,20200803,100007,12906.0,119506,15453.12,186626,24096.7,187162,24184.09,187705,24258.41,192883,24904.11,104208,13485.2,78994,10204.99,-12439,-1538.18
2156,300387.SZ,20200803,33715,3111.28,21230,1961.71,28790,2655.85,26664,2463.15,10665,984.53,11877,1095.67,3815,351.16,17213,1582.28,15564,1433.18
2157,600637.SH,20200803,72582,7629.16,90627,9527.76,88348,9272.48,109286,11486.4,106681,11203.56,97730,10260.34,57322,6036.6,27289,2867.31,61324,6448.19
2158,600768.SH,20200803,14288,1525.06,14913,1593.5,15800,1687.68,16385,1750.51,9331,996.88,8022,856.13,1111,119.1,1210,128.57,646,71.66
2159,601615.SH,20200803,90334,14430.48,70678,11299.18,94419,15093.37,92752,14832.11,65528,10481.38,78376,12519.81,17347,2768.07,25822,4122.22,-57029,-9070.04
2160,002123.SZ,20200803,64079,13435.29,65271,13677.71,82903,17351.79,102854,21548.47,91050,19074.7,88529,18499.26,50005,10425.77,31383,6562.09,28374,6032.21
2161,601900.SH,20200803,15768,1472.24,21672,2027.65,29667,2772.55,27902,2609.53,20308,1904.01,16170,1511.61,0,0.0,0,0.0,8318,785.85
2162,603083.SH,20200803,10870,3888.67,16963,6088.89,16008,5731.18,13154,4716.29,16582,5941.07,14472,5170.19,5622,2013.58,4493,1599.13,-187,-66.71
2163,688033.SH,20200803,13144,2830.06,16857,3645.34,35865,7730.48,30965,6684.75,32132,6931.78,21614,4663.11,4436,948.39,16140,3447.5,19291,4138.78
2164,000917.SZ,20200803,81589,5925.23,72908,5299.85,117232,8517.21,127679,9276.72,112402,8167.7,101098,7346.69,23180,1685.0,32718,2371.88,-37805,-2730.41
2165,002254.SZ,20200803,73934,10805.51,53038,7747.27,70445,10269.36,73963,10800.6,37086,5411.07,50992,7425.05,2779,405.34,6251,918.37,55891,8131.83
2166,300448.SZ,20200803,33706,3312.37,33596,3304.29,61021,5996.3,50961,5009.77,40869,4021.06,45494,4474.02,12619,1236.01,18163,1777.65,12960,1274.35
2167,300602.SZ,20200803,16681,5174.41,16555,5139.75,27481,8526.62,23401,7263.56,18373,5701.52,19067,5911.42,2486,770.59,5998,1858.41,-3611,-1112.33
2168,601138.SH,20200803,126981,18809.49,123176,18274.54,172720,25592.24,177803,26355.54,136566,20252.76,141619,20983.71,71743,10642.93,65413,9683.62,24714,3714.74
2169,603997.SH,20200803,20999,1507.35,26558,1906.31,26686,1917.89,21876,1571.04,16530,1187.91,10782,775.61,0,0.0,5000,360.2,8918,642.31
2170,000513.SZ,20200803,23119,12861.77,30145,16809.85,43218,24067.71,38320,21345.83,43524,24254.66,39586,22047.25,23511,13118.84,25322,14100.05,3033,1673.62
2171,300783.SZ,20200803,8191,5554.07,6117,4153.55,9352,6347.36,11102,7531.85,5304,3603.73,6531,4434.6,1515,1030.88,612,416.04,1168,803.49
2172,600780.SH,20200803,34846,1255.24,38475,1385.85,28661,1032.11,19561,704.96,12137,437.08,17608,633.61,0,0.0,0,0.0,-16284,-583.38
2173,600829.SH,20200803,51348,4471.74,47190,4113.34,63504,5534.36,58553,5099.88,27812,2423.23,35139,3061.11,2726,237.05,4508,392.05,-28695,-2485.44
2174,603013.SH,20200803,10605,1706.98,9980,1606.93,9836,1582.56,8989,1447.21,2813,452.82,2725,438.5,1400,225.19,2960,474.92,-3508,-562.89
2175,002315.SZ,20200803,35119,6035.77,51762,8921.1,49449,8498.19,73688,12697.32,52768,9089.21,58271,10015.61,80821,13928.63,34436,5917.77,-500,-104.21
2176,002446.SZ,20200803,105790,7910.62,142631,10679.74,154016,11508.12,131451,9836.88,109133,8174.26,99777,7460.36,40000,2979.45,35079,2595.48,105772,7924.71
2177,002600.SZ,20200803,574125,72333.38,655380,82875.25,850781,107286.3,785988,99282.45,941816,118849.07,842198,106189.97,753414,94775.2,836571,104896.29,385975,49230.03
2178,300061.SZ,20200803,37854,2029.96,28697,1543.33,41710,2237.48,37840,2030.52,18450,990.37,22538,1207.96,3790,203.16,12730,679.14,-3351,-175.99
2179,601877.SH,20200803,59208,18496.1,44909,14018.76,65863,20574.52,56754,17735.23,56641,17684.14,59648,18624.97,12488,3902.96,32890,10278.76,-6240,-1875.14
2180,002385.SZ,20200803,399886,44561.6,557677,62167.15,605353,67399.08,675012,75203.43,773264,86115.75,672110,74948.84,540235,60323.7,413940,46080.71,320479,35989.24
2181,002882.SZ,20200803,9785,959.99,10465,1028.13,11439,1123.5,10749,1055.64,7428,729.93,6044,592.76,0,0.0,1394,136.89,-1112,-107.45
2182,300546.SZ,20200803,6532,1743.85,5518,1477.31,8116,2167.78,7686,2054.93,4162,1115.03,6271,1671.41,820,217.78,154,40.81,909,244.93
2183,300700.SZ,20200803,21110,4237.73,22566,4543.84,29697,5965.8,28412,5709.01,16653,3353.0,16127,3236.07,2084,418.76,2439,486.36,15013,3011.77
2184,600389.SH,20200803,7842,1594.02,7936,1616.39,10661,2170.73,11761,2393.77,8907,1815.61,9259,1883.69,2046,414.9,500,101.4,7311,1493.33
2185,600543.SH,20200803,339,23.39,8468,584.27,1195,82.45,8359,576.75,9636,664.91,7072,487.97,12728,878.23,0,0.0,-23672,-1633.4
2186,601236.SH,20200803,76089,16487.09,76186,16537.77,103414,22423.29,109559,23760.14,90656,19671.44,87131,18890.66,22752,4954.38,20036,4347.63,16746,3687.5
2187,000407.SZ,20200803,33168,1377.55,26463,1101.68,49286,2050.11,45385,1886.62,41106,1710.56,51711,2149.92,2560,106.5,2560,106.5,475,25.06
2188,300677.SZ,20200803,14873,25786.02,16640,28903.7,24268,42093.1,22810,39571.18,22553,39179.35,26547,46079.03,21405,37308.85,17101,29813.41,-14,228.09
2189,300831.SZ,20200803,23532,5299.73,28636,6470.16,32038,7220.16,32716,7371.64,16531,3740.56,14512,3279.46,4863,1110.34,1100,249.54,41,12.23
2190,600674.SH,20200803,28437,2724.35,21335,2043.86,34917,3344.98,24032,2304.36,12632,1209.8,24809,2375.41,1642,157.14,7451,712.64,11427,1098.33
2191,000538.SZ,20200803,17627,20233.1,24591,28243.01,27254,31264.84,33499,38429.43,36837,42311.49,35024,40252.78,31546,36267.3,20150,23151.51,13258,15160.34
2192,600107.SH,20200803,42969,4518.16,44405,4673.59,65769,6918.01,60848,6401.72,42232,4443.56,44156,4642.34,10041,1060.08,11602,1222.17,-6694,-693.91
2193,603609.SH,20200803,46047,7649.28,40910,6802.1,53804,8941.68,54865,9117.54,34209,5688.37,36404,6045.85,5389,895.93,7271,1209.77,-4564,-744.16
2194,300607.SZ,20200803,24422,11622.37,23891,11389.5,32236,15351.52,32968,15707.24,22862,10900.79,22192,10547.88,4161,1973.62,4631,2203.68,-1115,-509.53
2195,600604.SH,20200803,85830,8144.58,106943,10162.21,134257,12751.09,138672,13169.91,91257,8668.14,70771,6713.49,20441,1939.84,15399,1458.03,47808,4572.06
2196,300738.SZ,20200803,20959,11441.69,25442,13912.3,30454,16638.53,29119,15916.76,24749,13524.69,23704,12938.04,7187,3938.78,5084,2776.59,5293,2900.56
2197,600735.SH,20200803,28143,1634.72,27144,1579.58,27438,1595.92,30684,1786.31,13838,807.56,11500,667.03,9400,548.56,9491,553.84,18379,1075.29
2198,000550.SZ,20200803,37681,5659.92,31383,4726.35,41787,6276.72,39198,5891.58,19368,2914.3,27320,4094.33,660,100.18,1596,238.84,-14203,-2123.67
2199,600866.SH,20200803,76253,3822.82,68409,3430.7,66453,3331.84,74192,3717.19,53601,2687.29,52469,2632.99,12874,646.92,14111,708.0,37093,1866.78
2200,603050.SH,20200803,20358,2749.91,21344,2885.23,32501,4390.79,30057,4059.7,13889,1876.06,15547,2099.31,1000,135.6,800,108.12,-11224,-1514.05
2201,000681.SZ,20200803,32084,5597.8,36597,6389.33,42224,7373.27,44939,7847.25,38486,6724.03,31266,5459.76,7910,1384.64,7901,1383.4,13597,2387.47
2202,002067.SZ,20200803,52931,1803.66,62756,2141.02,81448,2778.22,71165,2427.99,62020,2117.87,58217,1985.0,13787,471.07,18047,616.81,12626,431.89
2203,002221.SZ,20200803,57084,5740.42,71996,7240.96,85483,8597.26,91407,9195.57,77609,7807.68,67855,6825.44,28303,2849.72,17220,1733.1,17843,1809.41
2204,600997.SH,20200803,33380,1787.53,39688,2128.17,50260,2691.45,53848,2885.77,45614,2443.87,39427,2110.21,6110,328.01,2400,126.72,10565,569.54
2205,603181.SH,20200803,18992,4695.47,12995,3221.45,17573,4347.63,15951,3946.29,10290,2544.14,14948,3687.98,500,123.2,3461,854.71,-6871,-1695.32
2206,603038.SH,20200803,7690,944.35,7189,883.33,6111,750.61,7010,861.55,1221,149.73,823,99.81,0,0.0,0,0.0,2440,299.04
2207,000030.SZ,20200803,34656,2734.84,35836,2832.1,32935,2601.13,33791,2667.49,17321,1369.19,17072,1344.65,4781,378.19,2993,239.11,17679,1408.49
2208,300349.SZ,20200803,38082,6322.15,29699,4921.36,34883,5776.1,40974,6788.94,22344,3697.18,30286,5020.72,7915,1312.79,2265,377.21,22253,3702.59
2209,300503.SZ,20200803,11368,1640.0,5710,824.31,6730,970.67,9192,1326.18,2236,322.43,4632,667.53,0,0.0,800,115.07,1062,154.86
2210,600346.SH,20200803,111540,18260.99,143732,23549.89,203174,33284.92,156944,25720.5,161461,26451.75,156328,25610.58,58090,9522.98,77260,12639.66,-11304,-1727.02
2211,600500.SH,20200803,41580,2396.85,53250,3071.05,54879,3163.81,66047,3810.46,60386,3483.02,38725,2230.79,7179,414.57,6000,345.95,-3016,-164.4
2212,603848.SH,20200803,7636,1056.39,6479,896.66,4763,659.38,5435,751.86,1291,178.6,1776,245.85,0,0.0,0,0.0,1490,207.41
2213,002970.SZ,20200803,5674,3677.52,6225,4038.83,7144,4631.95,5992,3885.89,4073,2642.27,4289,2777.31,46,29.88,431,279.58,311,204.59
2214,300634.SZ,20200803,56753,16746.02,49401,14590.34,74205,21889.89,69827,20590.34,49482,14609.18,51679,15243.88,8810,2584.58,18342,5405.1,16337,4866.64
2215,600477.SH,20200803,304457,13961.06,263854,12115.31,391016,17939.07,399027,18319.4,296301,13603.66,325878,14964.09,83060,3823.94,86074,3928.94,-22032,-952.08
2216,603979.SH,20200803,39958,5055.7,29750,3768.47,41425,5250.69,48195,6106.87,21293,2699.38,22959,2909.11,4434,563.91,6207,785.23,-2342,-283.3
2217,300765.SZ,20200803,17965,4163.45,18060,4189.82,23512,5450.63,23821,5524.57,19141,4441.18,15358,3559.29,2988,695.31,6366,1476.89,-11,2.92
2218,000626.SZ,20200803,20163,1489.35,25568,1889.84,19906,1471.89,17816,1319.31,6888,510.29,3573,262.38,0,0.0,0,0.0,-1189,-86.77
2219,300333.SZ,20200803,27751,2707.31,36176,3537.84,43687,4267.78,47220,4609.94,34062,3338.36,20681,2022.46,4742,465.34,6166,608.55,17741,1740.61
2220,600176.SH,20200803,269091,35680.84,143743,19155.89,365534,48609.03,323218,42975.54,390029,51837.76,449292,59669.53,127346,16876.93,235746,31203.61,-58937,-7710.87
2221,600330.SH,20200803,119497,13491.23,128782,14565.98,211315,23878.19,148562,16794.58,175776,19876.26,158413,17903.36,32947,3731.77,103778,11713.53,-19912,-2204.1
2222,603678.SH,20200803,34404,11850.93,49418,17116.23,52546,18092.76,67254,23296.45,73861,25602.02,60736,20973.73,57504,19945.63,40906,14104.93,41156,14247.05
2223,002849.SZ,20200803,10620,1623.53,10147,1551.42,12897,1971.88,12813,1959.21,7294,1114.82,7268,1109.72,119,17.97,702,107.85,1781,272.3
2224,300464.SZ,20200803,80211,21941.73,63062,17302.45,95424,26178.7,84711,23207.43,84355,23074.75,90957,24905.95,34144,9363.28,55403,15142.63,-22200,-5860.83
2225,600461.SH,20200803,41284,2837.84,50285,3459.43,58643,4030.81,56958,3915.65,48806,3357.17,41965,2884.03,7798,534.59,7322,501.31,21574,1505.11
2226,603963.SH,20200803,29745,2925.99,33095,3263.55,35063,3458.97,29350,2889.01,14360,1416.32,16222,1597.59,708,69.38,1210,120.52,6260,626.62
2227,300595.SZ,20200803,35152,22385.94,25660,16342.86,38930,24783.28,35255,22449.41,29610,18861.99,34413,21919.67,14552,9295.31,22916,14614.58,-10488,-6638.3
2228,600592.SH,20200803,25148,2781.02,42836,4785.62,37887,4191.59,51183,5714.92,47392,5299.91,37844,4220.97,23124,2643.11,1688,194.12,33196,3754.89
2229,000610.SZ,20200803,40156,3569.91,43460,3868.44,54844,4876.91,52933,4707.32,25352,2259.04,25142,2235.4,1183,105.29,0,0.0,6110,553.19
2230,600926.SH,20200803,78789,7605.7,85626,8268.07,87165,8411.73,104440,10088.01,93596,9042.14,84445,8157.88,38617,3739.8,23656,2285.41,47866,4637.74
2231,300146.SZ,20200803,105242,26387.01,80550,20214.68,148545,37263.59,123328,30948.3,104970,26341.99,124498,31231.12,32682,8212.04,63062,15810.53,33149,8330.05
2232,300300.SZ,20200803,109678,7145.96,87618,5707.87,154250,10012.63,135680,8836.57,83269,5406.18,124171,8055.94,25361,1656.95,25089,1621.34,104650,6803.26
2233,600143.SH,20200803,197284,33339.84,203631,34427.29,314179,53123.08,313698,53039.93,329216,55682.8,301800,51061.04,161322,27315.56,182870,30933.01,91965,15702.57
2234,000007.SZ,20200803,33491,2962.8,21838,1944.09,52922,4692.26,54393,4827.62,24373,2172.43,26254,2308.54,0,0.0,8302,747.25,-4626,-399.36
2235,002816.SZ,20200803,5618,1879.06,5081,1704.08,6511,2190.79,6559,2202.04,4790,1604.66,4450,1495.89,498,170.48,1327,442.99,4415,1476.04
2236,300277.SZ,20200803,24733,3122.09,23286,2954.51,21753,2749.61,24071,3048.73,13502,1712.22,17329,2188.44,6972,893.25,2274,285.47,21152,2684.16
2237,603776.SH,20200803,20296,4728.59,17199,4009.39,32581,7594.32,29643,6911.14,23178,5395.11,29720,6922.31,8127,1896.72,7620,1771.9,1436,347.65
2238,002947.SZ,20200803,8274,5394.06,6872,4496.19,9305,6077.76,7942,5186.34,6532,4275.42,8159,5323.09,708,463.21,1846,1204.85,-694,-440.7
2239,300562.SZ,20200803,22584,4844.05,19010,4079.57,18352,3936.38,20536,4406.27,9785,2099.32,10865,2328.45,1047,225.75,1357,291.22,-3982,-839.57
2240,600608.SH,20200803,5373,242.24,4992,225.48,8951,404.01,10213,461.04,4478,202.92,3598,162.64,0,0.0,0,0.0,-1682,-75.1
2241,601098.SH,20200803,35139,3801.47,27670,2993.28,19517,2110.84,19124,2069.82,9150,990.65,12597,1364.4,2885,313.47,7300,788.94,-161,-12.12
2242,000423.SZ,20200803,27463,11221.63,29387,12021.26,50894,20797.04,40390,16533.58,27271,11151.08,33082,13519.84,17292,7110.08,20061,8205.15,6462,2614.12
2243,300693.SZ,20200803,21693,5726.9,24301,6440.51,36208,9577.63,36735,9729.96,27997,7435.14,22271,5898.58,2420,641.93,5010,1312.54,5292,1459.67
2244,300129.SZ,20200803,93205,4906.41,107092,5652.54,128752,6795.78,119164,6282.35,84996,4477.29,68332,3602.53,38251,2014.91,50616,2656.97,58536,3110.14
2245,600126.SH,20200803,72210,5951.15,79691,6588.75,122983,10145.36,121089,10000.8,116171,9583.9,108769,8971.68,44093,3653.33,45909,3772.51,20304,1711.28
2246,603628.SH,20200803,34404,3183.39,36706,3399.73,40426,3745.43,43868,4067.54,19450,1818.19,15385,1439.24,3119,294.15,1440,134.65,3742,366.72
2247,002596.SZ,20200803,77571,5308.13,104124,7134.0,94145,6441.77,111852,7663.27,93764,6424.03,75772,5191.03,52864,3627.79,26596,1813.41,41632,2861.6
2248,002750.SZ,20200803,22920,2164.11,19344,1827.62,19222,1816.1,23776,2245.56,7866,743.76,6757,638.41,2958,279.53,3089,291.91,8181,775.2
2249,300414.SZ,20200803,60145,8409.93,46143,6460.84,60449,8450.4,56368,7886.93,42562,5958.76,46676,6522.16,2976,416.04,16945,2365.19,-23,4.38
2250,600257.SH,20200803,274369,14123.15,194371,10052.49,325548,16766.78,330258,17063.46,274574,14160.66,358944,18521.02,148632,7797.49,139551,7211.11,-59516,-3044.76
2251,002881.SZ,20200803,12131,2840.51,13925,3263.53,17339,4060.36,16594,3889.0,11881,2787.42,12395,2905.88,3002,704.07,1440,333.95,7947,1863.24
2252,300545.SZ,20200803,8990,2860.3,12158,3864.0,10939,3470.1,11770,3738.77,7346,2332.29,3539,1124.55,594,190.54,402,125.91,2661,848.63
2253,600110.SH,20200803,127074,6452.74,153228,7795.01,187402,9481.66,180260,9165.68,134024,6782.03,152409,7684.35,74502,3795.38,37105,1866.76,139937,7162.64
2254,603458.SH,20200803,10457,1686.16,11490,1853.0,17152,2765.86,16998,2740.99,10116,1631.07,8516,1372.58,0,0.0,722,116.52,1499,240.15
2255,603612.SH,20200803,23288,3677.02,45860,7312.3,38216,6053.12,56116,8943.91,49768,7927.48,44842,7168.18,53028,8585.37,17482,2818.61,2768,313.37
2256,000061.SZ,20200803,101441,8689.45,133730,11472.15,161915,13880.68,166020,14236.62,145404,12466.83,110845,9501.24,37651,3239.77,35816,3066.73,60928,5277.94
2257,002870.SZ,20200803,9662,2094.53,7534,1636.86,9019,1957.26,9953,2164.21,3399,734.94,7005,1516.68,4563,999.83,2151,468.81,2809,618.34
2258,002919.SZ,20200803,16218,3148.83,16344,3178.79,19996,3882.04,21790,4231.38,14679,2851.45,12412,2404.49,0,0.0,347,67.67,-834,-149.38
2259,300534.SZ,20200803,45586,3385.97,40422,3004.35,45513,3381.7,45602,3384.93,19449,1445.91,24369,1811.85,1411,104.76,1565,117.22,8254,618.02
2260,600377.SH,20200803,17122,1690.27,18541,1831.17,28691,2833.35,20887,2063.46,16150,1595.35,19377,1913.68,1272,125.93,4430,436.59,8760,866.52
2261,600531.SH,20200803,694716,49202.26,450297,31910.47,822396,58352.27,662414,47007.26,756824,53663.76,846695,60044.28,229825,16308.84,544355,38565.11,-185649,-12791.33
2262,603879.SH,20200803,39348,3725.12,42030,3987.29,37842,3590.27,35082,3325.22,11947,1134.4,12025,1137.29,0,0.0,0,0.0,20756,1969.24
2263,300665.SZ,20200803,10053,1111.24,7112,786.7,11159,1234.15,12241,1353.56,4739,523.87,6556,724.35,0,0.0,42,4.65,4163,462.64
2264,600662.SH,20200803,61806,6114.7,70185,6948.13,99556,9854.39,95047,9412.68,63713,6316.18,54708,5419.53,8010,792.24,13145,1297.17,-48633,-4797.91
2265,000526.SZ,20200803,8038,6467.15,8710,7038.91,14311,11540.12,10244,8271.03,8093,6488.5,7684,6157.3,1313,1056.3,5117,4084.84,6329,5137.27
2266,300796.SZ,20200803,5603,1183.41,5155,1090.17,5835,1233.64,7130,1506.07,2274,481.4,1912,404.56,485,102.35,0,0.0,1025,215.2
2267,600793.SH,20200803,9621,1096.98,9900,1129.01,9124,1039.9,9696,1107.68,6784,778.61,6965,796.12,1032,117.33,0,0.0,3835,437.92
2268,603026.SH,20200803,13546,4914.19,23064,8396.79,23856,8661.91,26410,9606.61,26652,9704.95,20682,7518.82,11316,4143.52,5213,1902.36,17826,6531.39
2269,300517.SZ,20200803,5966,1135.81,5626,1071.55,7669,1459.35,6848,1304.41,2224,425.56,3359,639.74,0,0.0,26,5.03,-1872,-354.78
2270,605199.SH,20200803,0,0.0,8659,2969.28,0,0.0,0,0.0,0,0.0,0,0.0,8659,2969.28,0,0.0,-8659,-2969.28
2271,300648.SZ,20200803,10552,3192.55,11332,3455.6,13820,4169.83,19634,5969.04,15545,4712.85,19944,6080.43,18277,5670.88,7285,2241.04,2811,812.73
2272,300802.SZ,20200803,6645,2138.33,4493,1447.43,6645,2139.87,6741,2170.28,2524,813.28,4580,1473.78,0,0.0,0,0.0,-1612,-517.97
2273,600645.SH,20200803,29933,9090.04,40059,12176.33,43548,13232.39,50781,15424.44,70447,21401.99,52605,15983.48,26470,8040.6,26953,8180.76,-19058,-5759.85
2274,000509.SZ,20200803,39689,947.9,29597,712.25,49642,1186.56,36110,867.0,29119,701.72,40600,967.73,6462,157.03,18605,446.23,-3644,-84.93
2275,300779.SZ,20200803,10706,2378.9,11514,2559.82,16711,3716.42,16929,3764.65,10098,2246.88,8750,1947.13,690,154.38,1012,224.98,-1411,-310.59
2276,600776.SH,20200803,37301,5825.12,47782,7469.21,50599,7905.69,53425,8347.07,41270,6452.88,30910,4829.84,5237,820.66,2290,358.22,17354,2722.86
2277,603009.SH,20200803,32761,2200.45,37280,2507.71,32132,2158.95,28457,1911.92,11200,754.82,12026,806.89,1670,112.3,0,0.0,15835,1070.74
2278,000591.SZ,20200803,844156,43484.08,488835,25212.23,1020107,52628.35,802211,41399.58,1080913,55913.19,956304,49475.1,1015570,53239.18,1713396,89177.88,-659150,-34396.86
2279,002131.SZ,20200803,1019809,35595.18,607509,21227.8,941642,32887.8,914555,31948.87,738216,25795.36,959026,33495.39,410764,14359.43,629340,21965.71,-545621,-18931.1
2280,000925.SZ,20200803,26801,2120.37,25182,1996.74,22666,1793.66,26767,2120.94,14339,1137.96,18337,1451.34,6758,539.01,279,21.97,18116,1443.04
2281,002262.SZ,20200803,98510,18214.2,106283,19624.06,141120,26031.55,167650,30935.45,147013,27145.97,116266,21443.23,50344,9248.56,46787,8637.54,92909,17241.13
2282,002823.SZ,20200803,16080,1987.01,19121,2367.61,19580,2422.97,18039,2230.23,8720,1080.47,6471,797.32,1050,129.51,1798,224.79,6144,763.97
2283,300284.SZ,20200803,40543,3278.26,39566,3199.6,43790,3540.23,50907,4115.99,34700,2804.42,23439,1896.27,4807,386.87,9928,797.91,36954,2986.96
2284,600281.SH,20200803,15895,677.35,17258,735.77,22468,957.55,21577,918.92,8562,364.98,11090,472.85,3000,127.66,0,0.0,6929,297.17
2285,688579.SH,20200803,10117,2542.65,14262,3592.05,23921,6015.12,26494,6663.97,23222,5848.57,20357,5124.78,3893,984.35,39,9.88,-746,-172.04
2286,300557.SZ,20200803,5038,1619.03,5439,1750.73,4973,1601.96,4010,1289.88,1231,395.8,1731,556.42,0,0.0,62,19.77,1168,380.22
2287,300711.SZ,20200803,11738,1552.95,12811,1697.18,12655,1680.12,13183,1747.63,6073,807.3,4472,595.56,0,0.0,0,0.0,9178,1218.27
2288,300688.SZ,20200803,7771,1847.99,8329,1984.48,9879,2350.58,9895,2355.1,6193,1476.33,4620,1097.62,0,0.0,1000,237.7,-132,-29.13
2289,300842.SZ,20200803,18308,16948.45,16150,15004.54,28159,26082.77,30080,27895.11,21728,20198.96,22928,21236.07,6428,5948.95,5465,5043.42,2536,2399.83
2290,600685.SH,20200803,186278,72973.45,179256,70388.16,241139,94524.57,214978,84359.63,213116,83556.17,197047,77239.88,115349,45291.55,164602,64358.08,25120,9833.86
2291,000703.SZ,20200803,54341,5528.4,44577,4536.07,94244,9589.84,63820,6495.63,76006,7734.61,83616,8507.82,13152,1337.72,45729,4651.05,-13693,-1377.37
2292,002040.SZ,20200803,31611,2157.55,28263,1931.25,35639,2436.06,35299,2411.61,19738,1350.27,23349,1595.78,3799,260.84,3875,266.08,7011,481.9
2293,600970.SH,20200803,78013,4739.41,101864,6194.36,117839,7159.45,116147,7061.77,96507,5867.48,102775,6244.16,54263,3305.3,25836,1571.34,23346,1434.34
2294,603203.SH,20200803,3907,1176.47,3367,1014.51,4946,1490.5,4669,1406.18,2022,608.78,2340,704.31,0,0.0,500,150.75,-298,-88.39
2295,000599.SZ,20200803,98036,5079.44,93923,4885.83,120079,6217.02,118320,6144.21,77066,3997.88,101608,5235.9,23859,1236.42,5189,264.81,66224,3422.81
2296,000753.SZ,20200803,42714,1290.29,43115,1305.77,35507,1074.3,41128,1244.43,17269,524.92,17919,542.45,6673,203.15,0,0.0,23110,703.41
2297,002090.SZ,20200803,25920,2521.54,12106,1178.64,28562,2777.4,30084,2925.09,12022,1169.31,19537,1899.1,960,93.08,5737,558.51,921,94.92
2298,002139.SZ,20200803,83260,5073.82,106939,6516.39,101128,6156.44,102974,6274.49,79292,4833.53,55642,3388.32,15602,952.56,13727,837.15,24530,1500.18
2299,601916.SH,20200803,166657,6897.85,172093,7128.09,260239,10772.97,290561,12032.47,251464,10411.32,234984,9729.02,116708,4835.26,97431,4027.82,-49630,-2018.65
2300,300618.SZ,20200803,24360,17615.26,32346,23435.09,39314,28456.25,45263,32801.33,45492,32970.55,35876,25964.38,20424,14816.88,16105,11658.14,-9370,-6762.17
2301,600615.SH,20200803,5843,576.73,18011,1796.35,12748,1263.32,23221,2321.06,11065,1091.82,18185,1820.45,31341,3165.72,1580,159.74,-12629,-1267.4
2302,000430.SZ,20200803,27703,1468.73,31330,1662.1,25113,1332.99,24890,1320.54,14657,778.91,12662,674.02,3292,176.77,1883,100.74,12349,661.45
2303,300749.SZ,20200803,15213,2006.82,14764,1948.5,9816,1293.64,15039,1985.37,10368,1369.46,6374,842.32,2332,309.68,1551,203.42,5668,749.27
2304,600746.SH,20200803,38396,2977.7,29590,2295.89,28149,2183.79,33166,2571.9,9178,711.88,14895,1155.52,3531,273.48,1603,123.54,-6766,-519.1
2305,600900.SH,20200803,93267,17120.38,51184,9403.19,76187,13985.2,85954,15785.57,51297,9417.45,54088,9927.55,23782,4360.52,53308,9767.24,-42057,-7681.97
2306,601390.SH,20200803,160383,8985.7,211324,11845.61,231750,12984.71,205142,11501.93,218388,12242.26,184989,10364.07,98285,5511.82,107352,6012.87,-134905,-7509.32
2307,600105.SH,20200803,146341,8309.69,94482,5374.45,187687,10661.92,191420,10902.63,228116,12967.86,314009,17874.87,239768,13733.21,202000,11520.73,61846,3632.23
2308,603607.SH,20200803,12268,2053.94,13533,2271.32,16440,2755.35,15594,2612.2,7910,1325.7,7691,1286.84,881,148.85,680,113.49,1644,279.82
2309,002575.SZ,20200803,15735,721.81,19617,909.97,19609,901.03,28328,1307.07,20367,939.04,19766,913.64,12000,568.8,0,0.0,10363,507.18
2310,300190.SZ,20200803,24937,2178.77,22286,1950.38,39137,3421.1,37721,3299.93,32427,2836.83,35338,3086.56,3792,333.32,4948,433.15,11873,1041.92
2311,300239.SZ,20200803,114245,6560.78,109860,6331.0,145917,8384.2,132170,7594.38,95882,5522.52,108894,6251.15,7865,449.82,12985,740.8,6845,417.32
2312,600236.SH,20200803,9754,435.37,16099,718.28,27018,1205.24,21962,980.12,26272,1172.68,16522,737.28,0,0.0,8461,377.62,6625,297.62
2313,603099.SH,20200803,9991,846.08,11138,944.0,12866,1088.46,12590,1065.28,3669,311.29,2798,236.55,0,0.0,0,0.0,1220,103.19
2314,002424.SZ,20200803,59399,5644.91,68686,6532.35,108226,10289.4,97145,9242.25,76326,7255.04,75869,7213.53,24980,2378.03,27231,2579.26,9099,885.55
2315,002555.SZ,20200803,66383,30057.22,71178,32282.53,107499,48708.76,102421,46420.21,88454,40074.47,86926,39383.12,28502,12957.96,30313,13712.56,-44910,-20252.28
2316,300170.SZ,20200803,42442,4020.0,52852,5010.54,70884,6714.71,75583,7162.8,78558,7449.02,60521,5736.19,11060,1051.02,13988,1325.23,12385,1175.95
2317,300219.SZ,20200803,16683,1954.74,22591,2642.68,32942,3863.85,42443,4968.11,46576,5444.84,63211,7427.29,63417,7464.82,31373,3690.17,-55595,-6548.35
2318,600216.SH,20200803,64935,12262.15,68563,12970.33,90066,17025.18,87448,16528.56,81253,15371.6,95116,17973.44,37410,7076.91,22537,4263.52,-29154,-5473.02
2319,002045.SZ,20200803,93855,9145.62,88182,8583.42,97297,9465.72,107785,10489.51,51934,5045.62,57673,5616.27,15485,1516.29,4931,484.06,56616,5544.36
2320,600975.SH,20200803,114531,13397.09,106567,12476.17,157099,18382.64,149995,17554.84,114961,13458.51,122382,14320.58,31571,3696.75,39220,4583.41,-16234,-1874.85
2321,601668.SH,20200803,285935,14467.4,318910,16136.98,425840,21546.01,552727,27971.49,540652,27355.09,506005,25604.11,588535,29789.87,463320,23445.78,-256602,-12921.78
2322,603208.SH,20200803,5967,8031.85,5720,7699.74,5540,7466.72,6269,8446.21,5337,7181.43,4796,6461.25,1207,1621.79,1265,1694.59,-4412,-5913.24
2323,000790.SZ,20200803,48205,3146.44,44786,2937.98,69302,4526.11,61903,4050.5,72934,4774.56,59249,3872.93,96117,6306.69,120620,7892.39,-35393,-2295.78
2324,000839.SZ,20200803,149630,4255.87,241498,6884.36,167724,4773.66,199836,5694.31,197421,5617.7,152554,4338.26,107125,3060.31,28013,790.61,179612,5143.87
2325,603016.SH,20200803,5411,1623.53,5880,1768.88,7520,2254.61,5777,1734.03,3724,1111.47,5108,1525.08,482,147.0,372,108.63,4299,1295.78
2326,000801.SZ,20200803,65731,4488.74,70913,4852.87,70437,4805.39,69142,4722.9,62467,4274.45,61470,4189.81,13221,896.12,10330,699.12,40508,2772.87
2327,603301.SH,20200803,24257,22530.8,29068,27169.61,41502,38534.04,46397,43416.9,38900,36280.53,37234,34796.1,19791,19074.43,11751,11037.2,6117,6247.03
2328,000778.SZ,20200803,121725,4641.58,181792,6930.72,154095,5874.66,162254,6186.97,159210,6068.54,116601,4444.62,57548,2195.85,31931,1218.31,53843,2062.73
2329,000932.SZ,20200803,139963,6399.87,200408,9166.71,242024,11066.36,233487,10681.17,252527,11548.57,237465,10858.93,110735,5066.55,73888,3374.53,84013,3881.99
2330,002318.SZ,20200803,71928,6605.08,69846,6415.94,87492,8032.6,108592,9968.65,62358,5723.77,62645,5752.31,30668,2823.1,11362,1047.66,57633,5306.27
2331,000566.SZ,20200803,117661,11029.57,99723,9361.74,174755,16388.07,140776,13217.46,157876,14829.69,191644,17985.45,39917,3757.12,58066,5439.8,-798,-25.09
2332,000720.SZ,20200803,23592,1160.4,31373,1546.28,35629,1753.59,49268,2427.77,32116,1584.37,30073,1486.96,25000,1240.42,5623,277.78,28434,1395.88
2333,002106.SZ,20200803,71374,11054.25,97037,15047.83,122917,19054.17,118432,18347.62,104710,16230.61,88435,13722.83,33955,5291.15,29052,4511.91,27228,4281.17
2334,603066.SH,20200803,14261,1460.67,32729,3420.77,20251,2077.48,28562,2985.35,18036,1893.69,13119,1395.82,23861,2588.1,2000,218.0,-2961,-371.98
2335,603220.SH,20200803,11028,1954.78,13112,2324.62,14642,2596.78,16967,3008.44,9345,1657.89,5536,983.13,600,106.74,0,0.0,3347,596.15
2336,688016.SH,20200803,46,147.03,96,308.76,4914,15760.13,5489,17542.99,3880,12401.47,3880,12417.36,1985,6359.39,1359,4398.91,1122,3650.94
2337,000697.SZ,20200803,58646,6614.11,77873,8811.69,85681,9667.75,96278,10880.16,81007,9156.44,65944,7438.07,30399,3443.36,15638,1751.73,50117,5642.67
2338,000851.SZ,20200803,100568,9063.7,105749,9532.26,172520,15547.42,162620,14651.94,153246,13814.79,145529,13120.09,26176,2358.6,38613,3480.22,27064,2442.89
2339,002176.SZ,20200803,45315,821.07,47668,864.45,77797,1409.09,68527,1241.51,37691,683.83,34713,628.78,8317,152.2,18212,331.46,-24963,-447.16
2340,002330.SZ,20200803,51870,4195.98,56497,4580.69,70866,5739.01,81228,6582.2,50296,4083.03,42813,3466.42,9006,731.9,1500,120.6,15747,1293.29
2341,601799.SH,20200803,7498,10999.41,6504,9542.12,5300,7772.29,6899,10122.24,2733,4009.41,2377,3488.19,1073,1573.66,823,1202.21,-4514,-6603.9
2342,603290.SH,20200803,8055,19698.56,7851,19284.2,14123,34607.59,14158,34712.45,8194,20093.88,9135,22343.77,2568,6335.6,1796,4395.21,1029,2639.15
2343,603339.SH,20200803,83237,10056.93,71023,8597.64,81315,9832.19,84428,10208.16,48527,5870.19,51562,6229.77,5480,670.25,11546,1393.98,-26985,-3245.8
2344,300529.SZ,20200803,34043,24634.47,17841,12976.83,39313,28445.33,29611,21486.54,29166,21151.66,39512,28596.31,11843,8599.69,27402,19771.47,-23566,-16951.15
2345,600526.SH,20200803,159085,9645.72,64364,3913.17,171680,10394.96,126588,7681.02,95068,5768.1,188503,11442.39,29792,1799.03,76171,4571.22,-86820,-5234.66
2346,600657.SH,20200803,84316,4100.03,80449,3915.7,61552,2993.83,72380,3525.38,46351,2257.3,34966,1699.04,7400,362.39,11824,573.43,4019,206.24
2347,600811.SH,20200803,168965,8810.66,111674,5826.73,229959,11984.0,152720,7972.62,171018,8914.13,249757,13012.7,63598,3305.08,119389,6201.81,-158735,-8233.23
2348,002012.SZ,20200803,76262,4811.87,86959,5494.98,116778,7368.15,116086,7334.31,72265,4571.27,69707,4397.01,13038,825.36,5591,350.34,47378,3007.22
2349,000806.SZ,20200803,27338,436.36,22474,359.53,23751,379.73,32320,516.04,13017,208.15,9312,148.67,0,0.0,0,0.0,-8214,-128.32
2350,601766.SH,20200803,144198,8504.64,200628,11840.31,184470,10882.99,221858,13089.98,209231,12343.57,171372,10110.75,154550,9128.92,98592,5819.07,63485,3784.62
2351,603306.SH,20200803,11884,1977.74,14739,2465.41,21701,3629.11,21467,3585.42,18956,3167.92,17697,2952.5,4831,814.3,3468,585.74,7300,1231.1
2352,688208.SH,20200803,3955,2318.72,4003,2351.23,8807,5167.9,8173,4797.72,4357,2558.58,5230,3065.98,751,442.33,464,272.6,1876,1109.4
2353,000889.SZ,20200803,50107,3714.19,66389,4926.43,65223,4834.98,76391,5663.78,78995,5858.13,56411,4182.54,18952,1402.78,14084,1037.34,30630,2279.38
2354,002380.SZ,20200803,16640,2692.3,24873,4030.82,24376,3949.12,22625,3663.49,14352,2326.82,7872,1275.66,2065,334.41,2064,332.67,9359,1521.69
2355,002429.SZ,20200803,381416,27932.52,328254,24071.23,408334,29919.72,410634,30104.47,390142,28585.29,441921,32381.77,156591,11500.88,155675,11380.95,-116069,-8379.2
2356,300541.SZ,20200803,28625,5345.81,29337,5494.54,34987,6542.74,35433,6622.67,22419,4195.51,21157,3950.42,2169,408.46,2273,424.89,509,97.37
2357,601077.SH,20200803,103044,5361.23,148592,7754.06,144453,7522.38,176722,9208.92,130491,6807.98,148281,7714.89,154041,8029.97,58434,3043.7,67332,3551.18
2358,601231.SH,20200803,38046,9935.76,55121,14490.89,64297,16800.75,88293,23170.3,94607,24749.59,106297,27865.35,187290,49424.97,134529,35384.53,-32265,-8585.23
2359,603886.SH,20200803,23869,4094.4,22100,3792.56,20985,3596.56,24384,4179.58,12464,2138.36,10834,1857.19,0,0.0,0,0.0,8367,1436.69
2360,000402.SZ,20200803,30358,2109.89,27729,1926.81,29078,2020.47,27619,1919.45,21421,1488.65,18677,1297.86,0,0.0,6832,474.9,-2438,-165.63
2361,300672.SZ,20200803,9647,5463.28,13319,7558.01,15576,8837.36,11602,6578.98,9713,5510.17,7537,4267.46,706,403.62,3184,1809.97,-2769,-1557.24
2362,600718.SH,20200803,38989,4750.7,65241,7989.18,66933,8159.96,68651,8391.58,56211,6856.81,63882,7813.86,61873,7607.71,26232,3180.57,14163,1746.02
2363,000533.SZ,20200803,91729,2833.59,97164,3007.29,97626,3023.1,109635,3393.37,65587,2030.3,69703,2155.07,38180,1190.94,16620,522.21,109206,3398.48
2364,603033.SH,20200803,7344,1904.19,6538,1692.73,8324,2154.08,6140,1590.28,5037,1304.23,6514,1686.32,824,212.61,2336,605.78,-4008,-1029.99
2365,603738.SH,20200803,20838,4640.78,16980,3783.33,20462,4554.97,19944,4442.19,9318,2077.82,13140,2921.49,3348,746.21,3903,872.76,11268,2517.39
2366,002860.SZ,20200803,12104,1792.05,12030,1782.45,19028,2819.57,19808,2935.19,6959,1032.01,5170,764.8,0,0.0,1083,161.2,4446,661.02
2367,002909.SZ,20200803,30883,3873.23,40585,5108.93,34820,4378.16,36472,4572.14,23402,2946.48,16248,2064.75,24671,3188.15,20472,2640.2,6989,840.04
2368,600367.SH,20200803,21914,1712.3,19983,1563.89,23615,1846.47,24142,1887.68,13621,1065.96,11951,933.45,2300,180.09,5373,419.8,3986,313.31
2369,300579.SZ,20200803,10242,5230.61,14887,7755.43,21893,11257.09,28167,14676.02,21114,10939.75,23752,12295.77,22296,11880.27,8738,4580.51,-262,-319.23
2370,300733.SZ,20200803,19403,2259.03,18225,2125.34,19705,2295.1,22428,2614.92,9491,1107.01,9304,1080.86,1358,159.97,0,0.0,2675,318.42
2371,600576.SH,20200803,40594,1818.78,39636,1776.75,40257,1800.92,58853,2636.95,34248,1538.17,16609,744.16,0,0.0,0,0.0,12132,547.86
2372,600730.SH,20200803,84267,4837.14,89321,5126.53,76708,4392.52,92314,5289.02,77050,4417.22,65846,3779.38,14615,843.48,5158,295.42,74616,4300.47
2373,600861.SH,20200803,35714,6570.5,22133,4080.04,62415,11477.82,50951,9383.17,64494,11872.5,68887,12680.31,28014,5159.69,48666,8936.99,2772,543.4
2374,000725.SZ,20200803,1176339,56074.73,1644684,78477.02,1573463,74976.71,1993999,95080.85,1936445,92245.72,2015374,96065.49,3725625,177735.09,2757815,131408.88,1710952,82036.39
2375,002062.SZ,20200803,61677,3024.0,80152,3938.69,82138,4030.94,83771,4112.49,45401,2231.43,35726,1751.19,22687,1115.28,12254,599.28,14071,700.89
2376,600992.SH,20200803,22402,1638.85,27722,2028.35,25664,1875.23,29494,2158.83,18444,1351.82,9294,678.72,0,0.0,0,0.0,18955,1398.11
2377,603225.SH,20200803,17406,1862.23,13936,1491.59,15999,1711.62,10724,1147.89,8321,890.29,12784,1367.33,0,0.0,4283,457.32,318,36.54
2378,000856.SZ,20200803,21605,1987.91,24688,2274.52,37450,3448.92,32192,2963.79,20737,1909.68,26069,2399.25,3157,291.05,0,0.0,-231,-16.23
2379,002204.SZ,20200803,291152,13889.67,287833,13727.19,369883,17648.32,340149,16213.84,302592,14438.74,282636,13489.06,74355,3562.42,127363,6109.05,18068,842.62
2380,601827.SH,20200803,49461,4866.07,60033,5908.14,78105,7685.11,73121,7193.63,49137,4834.97,39361,3870.87,6078,598.7,10267,1012.2,13288,1314.97
2381,000795.SZ,20200803,188313,12380.34,233084,15358.09,251847,16579.89,226475,14904.01,152942,10068.4,135589,8914.09,40201,2647.1,38155,2499.54,101528,6721.18
2382,300049.SZ,20200803,36755,4514.67,27316,3366.89,44503,5468.42,41910,5154.84,30521,3757.14,33706,4135.6,3850,473.3,12698,1556.21,-2794,-338.37
2383,300203.SZ,20200803,20959,3521.94,29272,4938.32,32718,5505.32,36816,6211.0,39606,6692.76,28198,4740.05,6268,1059.82,5265,890.46,24932,4215.43
2384,600200.SH,20200803,187726,14229.26,147544,11200.18,188141,14272.32,186509,14152.12,120487,9143.34,136662,10366.18,18427,1397.85,44067,3324.29,-55355,-4161.7
2385,002670.SZ,20200803,84916,8668.5,82450,8432.77,113088,11551.97,114696,11728.24,98733,10095.1,105597,10784.57,25320,2601.1,19314,1971.08,-23907,-2412.26
2386,002719.SZ,20200803,9260,638.95,8924,615.96,11845,817.38,12370,853.45,2731,188.55,2543,175.47,0,0.0,0,0.0,-1211,-83.28
2387,300334.SZ,20200803,42313,4240.34,38040,3814.45,58484,5859.55,61266,6142.16,34788,3490.37,35214,3527.49,4522,454.35,5588,560.5,-7710,-754.19
2388,600177.SH,20200803,55886,3741.05,59829,4006.3,75491,5053.75,82576,5528.55,59584,3989.78,65058,4356.59,36472,2442.41,19970,1335.54,-51609,-3447.33
2389,600331.SH,20200803,329268,9213.52,291888,8173.24,391899,10973.84,375660,10512.96,397285,11124.63,439188,12298.59,93001,2602.51,104717,2929.71,-53959,-1433.5
2390,603679.SH,20200803,13109,3688.17,15521,4373.3,11392,3212.16,12542,3548.46,6200,1755.76,5440,1549.28,3362,974.49,559,159.54,-4285,-1201.05
2391,603833.SH,20200803,7536,6706.58,6603,5878.94,7885,7019.27,10268,9139.73,7386,6582.72,5530,4928.96,533,478.5,939,839.43,-6451,-5737.55
2392,002193.SZ,20200803,25568,1898.44,31752,2359.75,26903,1993.83,29503,2189.41,21644,1609.05,15505,1149.45,2644,197.3,0,0.0,9261,689.2
2393,300011.SZ,20200803,31969,2128.61,30655,2043.04,38982,2595.7,38103,2536.78,22410,1494.67,31104,2071.91,13000,865.45,6500,432.69,4910,337.49
2394,002577.SZ,20200803,33100,5542.86,31996,5366.88,36978,6200.42,37238,6240.68,15943,2672.64,16199,2711.72,777,131.31,1365,227.96,7210,1215.51
2395,002731.SZ,20200803,39894,3492.83,37418,3283.56,48434,4244.22,55311,4848.03,26543,2334.34,23472,2057.68,1408,124.75,79,6.86,3747,341.0
2396,300192.SZ,20200803,31636,7799.6,34727,8566.59,37820,9285.75,42374,10448.39,38321,9494.83,35890,8887.25,15823,3953.07,10608,2631.02,10838,2743.54
2397,600238.SH,20200803,11317,565.46,11299,566.15,20270,1011.44,23060,1150.68,6337,315.8,3565,175.87,0,0.0,0,0.0,-2910,-140.86
2398,002862.SZ,20200803,9536,1810.88,9936,1885.11,9180,1742.05,9806,1864.93,6946,1313.92,6962,1312.96,1713,325.44,672,129.29,6924,1308.83
2399,300526.SZ,20200803,5795,4791.44,4307,3561.93,7097,5873.94,8988,7436.34,3181,2636.04,3153,2615.85,375,312.69,0,0.0,1506,1251.28
2400,600369.SH,20200803,286245,16772.3,321601,18867.22,359636,21097.93,294006,17266.27,360325,21172.12,318362,18697.29,113671,6674.08,185909,10885.66,-120097,-6970.08
2401,600523.SH,20200803,28333,5228.63,22773,4213.35,40954,7548.49,38481,7112.05,25619,4716.24,33493,6161.05,6919,1290.59,7079,1297.51,27665,5101.58
2402,601216.SH,20200803,696394,56911.71,439417,35843.07,808132,66076.91,640416,52293.68,603209,49298.09,585724,47850.78,382482,31273.6,824660,67572.77,-536259,-44137.75
2403,300657.SZ,20200803,28574,6908.11,20057,4857.18,30040,7264.83,25853,6257.11,19344,4680.99,35658,8618.9,6217,1511.63,2608,632.35,-8148,-1966.41
2404,300811.SZ,20200803,3174,2367.31,2998,2238.43,3726,2780.71,4258,3176.57,2828,2111.27,2472,1844.3,0,0.0,0,0.0,1574,1177.94
2405,688580.SH,20200803,637,1240.72,1333,2610.47,4620,9301.79,6517,13146.9,7158,14383.82,6908,13887.18,6827,13691.59,4483,8973.36,1348,2656.25
2406,300465.SZ,20200803,111641,19993.95,110208,19904.53,166535,29923.45,160536,28863.58,127998,23094.31,132888,23865.65,44412,8027.36,46956,8405.3,-3808,-543.19
2407,000669.SZ,20200803,14275,295.08,35497,741.98,38288,797.13,37435,781.04,35510,744.15,15141,313.33,10000,213.0,10000,213.0,14522,312.49
2408,000823.SZ,20200803,50818,6862.16,48211,6517.16,73148,9875.41,68769,9291.93,73790,9970.49,52611,7104.72,17798,2410.34,45963,6204.58,16546,2264.81
2409,002160.SZ,20200803,205647,10752.42,202697,10615.12,272842,14274.64,260253,13620.78,192485,10074.65,195443,10213.94,55889,2923.5,68470,3575.38,-21943,-1092.51
2410,002209.SZ,20200803,15250,1023.24,11266,756.26,15559,1044.58,15093,1012.93,6462,434.77,10912,733.41,0,0.0,0,0.0,4869,328.12
2411,603169.SH,20200803,63441,3329.07,64859,3407.98,95842,5030.49,86413,4539.63,50815,2670.76,58191,3052.7,11758,620.29,12392,650.32,26614,1407.73
2412,603323.SH,20200803,43502,2053.04,53153,2510.82,78522,3706.18,94103,4444.61,91748,4333.84,71275,3363.9,21269,1002.92,16511,776.65,40547,1928.2
2413,002291.SZ,20200803,52649,10864.75,46596,9624.59,61993,12799.82,63423,13092.87,47032,9720.97,45509,9398.11,10780,2220.47,16926,3490.46,-3058,-594.23
2414,002625.SZ,20200803,11387,2470.96,9759,2117.78,20489,4446.1,14473,3140.6,24911,5405.68,21159,4591.45,24015,5211.34,35411,7684.24,-76252,-16546.68
2415,300086.SZ,20200803,135242,12170.32,117115,10545.54,187855,16912.38,217650,19599.55,164773,14807.51,220384,19833.93,162795,14678.48,95515,8589.67,-46899,-4083.19
2416,300240.SZ,20200803,20064,1157.21,17234,995.43,20748,1197.81,28045,1619.64,10596,614.06,6130,354.01,0,0.0,0,0.0,6529,378.17
2417,600083.SH,20200803,28413,1766.46,23113,1443.29,35036,2182.1,35148,2193.93,15382,962.98,19952,1246.76,5782,363.43,6400,391.0,-11269,-676.54
2418,603585.SH,20200803,6080,1144.57,5543,1044.02,7395,1392.4,6705,1262.76,3053,575.4,4228,796.45,600,113.82,652,122.97,1167,220.34
2419,600654.SH,20200803,29626,470.45,16625,264.12,25801,409.75,31745,504.32,9376,148.76,16433,260.52,0,0.0,0,0.0,-17570,-277.55
2420,002352.SZ,20200803,36472,25586.73,37097,26112.96,56325,39518.3,63298,44481.29,79668,55981.27,76382,53579.86,44595,31417.71,40282,28329.89,-25391,-17719.16
2421,300016.SZ,20200803,132658,17968.12,86264,11707.91,190062,25770.6,161139,21856.21,115213,15629.43,166734,22593.02,12772,1737.26,36568,4948.27,-41749,-5593.17
2422,601975.SH,20200803,160844,4353.39,200306,5421.53,203877,5516.37,209215,5663.33,216936,5871.34,190404,5153.62,64580,1749.44,46312,1252.05,70175,1917.56
2423,603515.SH,20200803,11630,3545.87,11433,3493.91,12397,3783.47,12400,3788.12,8388,2566.76,9892,3016.94,1310,402.86,0,0.0,3157,962.98
2424,002483.SZ,20200803,89270,4909.32,121162,6685.14,118601,6544.13,140666,7759.84,105452,5825.92,102248,5654.96,104784,5836.44,54031,3015.87,-34296,-1999.55
2425,300147.SZ,20200803,81762,8775.2,64467,6926.35,102528,11006.65,93001,9991.09,85821,9220.3,95322,10228.15,12208,1310.25,29528,3166.8,-33087,-3531.31
2426,300301.SZ,20200803,45776,1219.14,33460,892.41,41368,1103.32,43950,1171.87,20414,544.66,22998,612.44,0,0.0,7150,190.4,19558,523.13
2427,603800.SH,20200803,13190,1615.82,15635,1919.65,11105,1362.88,13824,1696.74,8066,991.12,5091,622.39,2190,268.97,0,0.0,7843,961.27
2428,000008.SZ,20200803,91283,2808.96,98181,3026.42,103789,3193.71,120548,3712.4,74385,2292.86,60131,1851.87,42829,1321.23,33426,1026.08,47078,1461.38
2429,002817.SZ,20200803,26078,4461.19,21279,3648.48,32402,5549.7,29976,5130.81,13743,2358.86,20191,3457.13,1223,209.24,2000,342.57,-6596,-1116.13
2430,300278.SZ,20200803,135584,5568.27,135144,5566.25,158053,6495.38,167516,6886.46,114813,4717.96,97164,3987.01,8270,343.54,16895,685.43,75084,3117.83
2431,300432.SZ,20200803,47262,4335.01,57658,5292.37,69185,6346.6,67475,6192.45,35574,3268.09,26415,2422.41,7853,720.86,8326,763.33,33113,3044.31
2432,002145.SZ,20200803,127017,7360.23,91612,5314.53,176890,10255.36,160456,9307.22,147610,8555.36,146757,8504.96,52085,3020.4,104776,6064.63,-55550,-3204.53
2433,300624.SZ,20200803,22686,15187.78,17657,11854.08,29519,19789.14,23611,15862.79,21039,14103.66,26815,17931.58,2890,1940.46,8050,5372.58,-9286,-6177.24
2434,600467.SH,20200803,549158,17796.68,288672,9370.18,514997,16702.98,360198,11685.42,380809,12355.8,475689,15429.8,106044,3438.58,426448,13808.64,-267153,-8573.86
2435,600621.SH,20200803,69188,15243.5,64813,14309.27,115026,25369.98,111618,24624.32,102552,22643.69,90372,19940.74,13683,3027.47,33645,7410.3,5311,1217.59
2436,603969.SH,20200803,65154,2793.65,73330,3146.01,76938,3298.91,80318,3444.11,44901,1927.69,41936,1800.92,8591,370.78,0,0.0,14540,635.29
2437,300755.SZ,20200803,20566,6053.11,17495,5157.71,22097,6507.62,18128,5343.86,11436,3371.38,20151,5924.81,6438,1894.16,4763,1399.88,-8264,-2416.4
2438,600598.SH,20200803,133097,25838.83,138957,27021.59,211860,41150.46,198520,38569.03,210424,40902.49,219725,42690.2,89750,17474.56,87928,17085.51,45344,8855.95
2439,000616.SZ,20200803,89956,2553.47,85245,2425.15,118223,3356.32,114766,3256.54,69744,1978.6,87212,2471.29,30743,873.81,21443,609.22,8260,246.19
2440,600883.SH,20200803,12150,1245.56,10370,1064.35,8951,919.03,9908,1015.86,3309,339.48,4132,423.86,0,0.0,0,0.0,-148,-14.43
2441,603116.SH,20200803,10826,861.71,9612,767.05,14009,1116.97,13289,1059.94,8376,668.96,10310,820.65,0,0.0,0,0.0,-2874,-226.26
2442,000901.SZ,20200803,121056,14223.65,203716,24049.55,184369,21614.58,233224,27498.73,188779,22090.78,184142,21661.91,231608,27768.06,104731,12486.87,97971,11376.67
2443,002084.SZ,20200803,49408,5447.58,26129,2891.02,39372,4349.25,42876,4727.55,20561,2265.08,45738,5034.89,13792,1523.57,8389,932.02,-17137,-1894.26
2444,688360.SH,20200803,2243,1139.9,2557,1301.6,5250,2668.84,6112,3107.59,3254,1655.13,2460,1249.86,1073,548.32,691,353.14,169,84.43
2445,002581.SZ,20200803,148593,36840.43,174335,43667.87,171611,42512.35,218604,54663.3,146620,36537.09,170065,42312.53,151070,38675.92,54890,13922.08,32568,8017.79
2446,300245.SZ,20200803,18307,1901.61,18850,1961.31,16329,1698.83,22030,2295.42,20692,2155.76,15964,1660.12,2716,285.47,1200,124.81,10992,1149.19
2447,603308.SH,20200803,23017,6072.57,23239,6152.32,34188,9050.59,38808,10257.94,33028,8733.15,23954,6318.32,8488,2247.05,12721,3374.78,8021,2158.83
2448,000890.SZ,20200803,23797,661.36,23536,655.23,21845,608.69,30571,850.16,18252,506.29,9865,273.05,78,2.1,0,0.0,2558,71.61
2449,002276.SZ,20200803,62527,5005.4,58797,4721.96,89767,7198.34,79644,6390.75,60208,4830.67,67868,5431.76,6804,545.16,12998,1035.11,22701,1845.01
2450,002430.SZ,20200803,32063,5892.44,32714,6036.21,51511,9504.31,53292,9838.91,39827,7349.99,39047,7185.27,16648,3074.09,14995,2760.45,8133,1545.51
2451,601899.SH,20200803,576325,33413.82,475646,27623.13,819630,47547.68,767657,44545.19,906940,52618.55,913804,53000.72,698391,40522.46,844179,48933.47,-49785,-2736.69
2452,603390.SH,20200803,25692,3653.21,28864,4107.3,36875,5244.91,37629,5349.96,17950,2553.97,13310,1892.87,0,0.0,714,101.96,-298,-36.45
2453,603439.SH,20200803,22952,8047.29,15918,5585.35,18055,6331.06,18802,6592.93,5221,1831.17,9037,3165.84,0,0.0,2471,865.4,-514,-175.31
2454,688186.SH,20200803,11378,5597.11,13274,6518.27,38021,18694.98,36328,17859.87,38489,18944.01,36804,18137.18,8630,4291.55,10110,5012.33,13703,6819.28
2455,002561.SZ,20200803,12404,1102.23,15059,1339.47,15689,1395.57,16694,1484.46,6206,551.55,3726,331.11,1180,105.71,0,0.0,7509,669.93
2456,300225.SZ,20200803,74152,7679.39,74730,7830.38,126542,13100.48,113773,11834.27,146767,15264.07,135862,14079.52,23002,2401.36,46097,4701.13,-1211,30.63
2457,300306.SZ,20200803,25382,2739.25,28195,3052.4,26926,2911.23,32234,3485.14,13769,1493.73,10212,1105.39,4564,498.72,0,0.0,16041,1742.48
2458,600149.SH,20200803,10478,526.75,7602,382.74,16739,841.97,13092,658.63,4392,221.0,8915,448.13,0,0.0,2000,100.21,-4413,-221.08
2459,600303.SH,20200803,60415,2195.45,76724,2794.2,68253,2484.15,70892,2579.91,62973,2293.84,47025,1709.11,3000,109.8,0,0.0,45207,1647.76
2460,688398.SH,20200803,5089,3359.18,4483,2972.76,13231,8753.84,12234,8096.3,14245,9454.03,17096,11312.51,4593,3031.95,3345,2217.44,-1205,-761.89
2461,600088.SH,20200803,22571,3177.68,28101,3976.08,35574,5021.94,32442,4582.64,29336,4136.59,27417,3856.21,6587,935.02,6108,856.29,7293,1045.18
2462,600242.SH,20200803,59288,1722.86,51734,1505.55,62032,1804.0,57883,1683.8,32631,950.21,30134,875.53,0,0.0,14200,412.2,-49893,-1444.63
2463,002915.SZ,20200803,24148,4965.46,30049,6181.03,31474,6474.97,32904,6775.74,21688,4460.69,15403,3170.22,2126,439.07,1080,213.21,16318,3329.67
2464,300376.SZ,20200803,74045,3855.8,93292,4857.8,117052,6098.81,140735,7319.26,86616,4485.42,89377,4633.92,54498,2822.94,8807,452.0,29242,1503.61
2465,300530.SZ,20200803,3165,1426.03,2781,1254.23,4594,2069.72,3822,1721.99,2728,1228.79,2664,1199.0,122,54.9,1341,604.21,-3356,-1510.72
2466,600373.SH,20200803,39968,5165.1,39451,5106.67,55820,7216.08,52587,6799.7,57913,7488.42,62476,8077.88,21630,2807.65,20816,2693.0,24643,3185.54
2467,601066.SH,20200803,94716,45956.91,73675,35827.56,159807,77636.79,151805,73760.53,160207,77899.25,175486,85283.0,90704,44125.28,104469,50747.15,-25202,-12029.39
2468,300661.SZ,20200803,6338,22963.71,6220,22563.24,7110,25769.46,8029,29110.85,6825,24750.19,6217,22525.25,3846,13972.62,3654,13256.64,-1422,-5107.68
2469,002112.SZ,20200803,35747,3513.99,36512,3596.56,48909,4813.21,43986,4326.35,26266,2591.07,30385,2989.46,1110,108.76,1149,114.67,-9208,-908.38
2470,600888.SH,20200803,200975,11557.75,191607,11047.41,249421,14313.55,211689,12178.69,141775,8163.42,166705,9589.85,50742,2950.02,72913,4168.78,17376,1004.79
2471,688022.SH,20200803,3514,1394.79,5316,2117.77,7673,3058.07,8232,3286.23,5846,2338.05,3196,1271.41,0,0.0,289,115.49,2285,907.17
2472,000906.SZ,20200803,15857,1008.54,22598,1439.45,22113,1407.66,21702,1383.78,17444,1115.83,9114,582.41,0,0.0,2000,126.4,11217,719.67
2473,002243.SZ,20200803,34710,5880.94,41964,7111.01,58468,9904.94,61336,10392.22,45136,7663.7,38489,6528.1,12046,2030.17,8571,1448.42,24316,4159.74
2474,002773.SZ,20200803,22273,10522.61,15920,7521.6,28256,13352.49,29826,14089.07,29416,13892.93,30059,14201.98,4735,2229.99,8876,4185.37,-12813,-6022.51
2475,300437.SZ,20200803,8254,903.44,8183,895.95,6830,748.18,8463,927.4,2272,249.4,710,77.67,0,0.0,0,0.0,256,29.04
2476,601127.SH,20200803,18914,1710.44,18034,1632.97,19198,1737.06,17551,1587.26,5458,494.45,6395,578.45,0,0.0,1590,143.27,-984,-86.09
2477,603936.SH,20200803,84528,13486.75,58403,9326.71,99252,15843.09,87498,13971.02,48275,7705.09,67319,10737.21,3420,547.47,22256,3547.46,-16529,-2620.38
2478,300568.SZ,20200803,29803,5620.41,25535,4824.85,42796,8076.79,46387,8750.64,26560,5019.98,21521,4062.99,623,116.98,6338,1195.68,-4272,-792.79
2479,300722.SZ,20200803,33741,7304.06,36100,7840.53,50118,10845.33,51533,11173.6,31210,6800.14,27482,5955.3,3318,725.31,3271,705.4,7818,1727.06
2480,600565.SH,20200803,91847,2743.98,108050,3231.12,121216,3623.74,121216,3621.86,99850,2982.12,99999,2983.67,26352,782.8,10000,296.0,12109,361.65
2481,601258.SH,20200803,129927,1508.04,87325,1013.84,160768,1865.1,150985,1753.09,108975,1265.01,124359,1442.02,0,0.0,37000,429.2,-146788,-1693.55
2482,300323.SZ,20200803,187828,20413.8,136731,14900.77,252954,27500.06,192758,20981.88,182012,19807.42,253067,27529.76,78213,8555.02,118451,12863.89,23445,2714.65
2483,600166.SH,20200803,195932,3993.63,273704,5579.82,252148,5138.35,289062,5892.69,300639,6127.53,296756,6048.88,307267,6260.71,196464,3998.82,87316,1820.95
2484,600320.SH,20200803,44368,1384.53,61422,1920.17,51180,1597.55,60879,1898.88,51788,1621.11,32652,1022.4,7617,238.26,0,0.0,38599,1214.28
2485,603668.SH,20200803,67162,7391.59,68323,7542.38,91714,10108.32,76280,8416.07,59621,6583.72,70169,7727.95,10561,1171.82,14287,1569.05,-9365,-1001.26
2486,603822.SH,20200803,4315,1157.15,4240,1138.38,4427,1188.32,4979,1338.01,2819,757.67,2342,626.75,0,0.0,0,0.0,1314,353.18
2487,002790.SZ,20200803,18341,1268.96,14032,971.96,16580,1148.37,15737,1088.59,3345,232.12,8497,588.89,0,0.0,0,0.0,7294,504.55
2488,002051.SZ,20200803,25659,2071.39,23981,1937.33,37410,3020.73,31834,2572.12,23619,1909.78,30873,2492.44,0,0.0,0,0.0,-1792,-139.39
2489,600981.SH,20200803,115285,4102.84,113449,4038.54,92985,3306.28,108543,3860.57,71452,2540.13,63646,2264.51,17185,614.49,11269,400.11,40396,1456.8
2490,603214.SH,20200803,7348,2587.94,5926,2091.15,6778,2390.14,5829,2056.0,4005,1410.97,5476,1926.5,0,0.0,900,315.4,-1565,-546.69
2491,002182.SZ,20200803,79677,9955.84,127690,15943.75,112399,14021.6,114059,14245.88,107681,13424.96,62136,7749.01,26572,3349.21,22444,2812.97,11117,1421.48
2492,603345.SH,20200803,3886,5531.67,3859,5499.66,5757,8190.92,3759,5349.7,4134,5879.12,3844,5459.07,1493,2116.39,3808,5409.67,-31,-22.37
2493,000976.SZ,20200803,92990,6616.57,93630,6664.8,161678,11480.39,158197,11258.29,204397,14553.2,250091,17825.53,108760,7781.09,65908,4682.62,192050,13711.86
2494,002516.SZ,20200803,132269,4994.91,140752,5314.61,122700,4624.71,125043,4716.54,81451,3077.47,84522,3195.18,28145,1066.83,14248,537.6,78936,2998.28
2495,601619.SH,20200803,490150,19349.45,336718,13314.52,425515,16835.21,371837,14718.57,264176,10464.21,371466,14692.91,72708,2874.71,172529,6797.57,-101876,-3848.72
2496,603110.SH,20200803,14444,2430.99,15034,2532.74,17402,2930.06,18155,3055.47,9771,1645.14,7828,1317.52,0,0.0,600,100.48,-7488,-1254.37
2497,000587.SZ,20200803,31696,385.06,48735,593.42,41373,503.1,57818,703.1,34234,417.21,60720,740.48,59970,731.63,0,0.0,-29405,-358.12
2498,300021.SZ,20200803,41010,2001.9,42168,2060.44,64667,3157.38,69011,3370.31,38914,1902.34,41674,2034.88,10491,513.28,2230,109.27,18111,889.34
2499,603366.SH,20200803,50096,2912.03,69237,4039.22,58058,3375.58,65255,3799.45,55088,3214.15,35497,2061.12,14626,859.17,7879,461.14,32553,1919.59
2500,603520.SH,20200803,23490,16570.38,16231,11473.45,24593,17345.48,30764,21702.76,15822,11162.73,13961,9830.73,4906,3451.47,7855,5523.13,-15912,-11157.58
2501,000997.SZ,20200803,45589,8034.68,66507,11747.52,78993,13928.99,85459,15089.68,77178,13631.93,71029,12531.4,41506,7351.41,20270,3578.41,38972,6916.19
2502,002537.SZ,20200803,234225,17169.37,191712,14143.65,270409,19868.22,267951,19717.9,203187,14926.99,225324,16547.56,60378,4478.05,83214,6033.52,2452,287.17
2503,300152.SZ,20200803,89102,2280.8,91091,2332.65,94924,2429.75,83422,2134.21,42692,1090.64,47797,1221.48,0,0.0,4408,112.84,72449,1858.34
2504,002668.SZ,20200803,213647,11269.49,230931,12226.34,267710,14138.16,289439,15306.94,210106,11115.11,196717,10380.88,125827,6664.71,100202,5273.31,108240,5785.01
2505,002822.SZ,20200803,71802,6911.45,27052,2610.06,121930,11738.6,58988,5694.63,118855,11455.99,161306,15531.14,8902,857.73,74144,7127.94,-20809,-1981.55
2506,300283.SZ,20200803,21076,949.03,19945,899.28,26544,1195.73,25616,1153.06,11220,506.81,13279,599.22,0,0.0,0,0.0,5082,228.95
2507,600690.SH,20200803,59601,11572.73,91753,18027.53,103124,20082.16,147104,28795.01,204009,39850.97,226344,44117.64,593609,115798.08,495142,96363.77,-201625,-39065.48
2508,600739.SH,20200803,84508,24086.89,91174,26098.07,160128,45665.95,164881,47202.27,213968,61146.67,210987,60238.77,140698,40341.51,132261,37701.9,59365,17122.69
2509,000554.SZ,20200803,45441,2336.13,47362,2437.83,61736,3171.73,64212,3302.7,46072,2375.33,45646,2347.93,3971,205.28,0,0.0,46763,2412.77
2510,601717.SH,20200803,81084,5365.09,79173,5245.91,108465,7177.5,74626,4945.13,64457,4277.43,81514,5400.19,9747,649.27,28439,1878.05,-35697,-2346.75
2511,688004.SH,20200803,1913,1571.95,2077,1711.73,5767,4737.36,4913,4038.43,2644,2171.92,3335,2731.08,0,0.0,0,0.0,-173,-137.02
2512,000685.SZ,20200803,29051,2483.27,30452,2605.39,41139,3518.07,44126,3775.68,31827,2723.6,34528,2953.07,7088,609.2,0,0.0,13196,1135.4
2513,002225.SZ,20200803,36492,1715.93,27980,1316.99,40041,1882.16,36166,1701.47,21058,990.48,21668,1019.2,0,0.0,11777,550.91,-13879,-647.31
2514,603185.SH,20200803,10002,6731.27,14350,9663.86,10952,7372.86,14173,9549.93,10974,7379.13,9187,6186.25,9237,6259.67,3456,2342.89,-6276,-4208.23
2515,000970.SZ,20200803,66672,6865.87,101381,10449.18,101468,10455.96,105447,10863.93,101810,10487.72,97664,10062.08,61219,6310.14,26676,2744.51,76332,7882.66
2516,002356.SZ,20200803,10773,146.97,22132,305.4,11839,163.07,23605,325.95,25749,357.79,11224,156.01,8600,119.54,0,0.0,-15851,-221.2
2517,002510.SZ,20200803,110633,5241.91,113217,5375.87,140294,6649.73,119422,5666.62,84368,4006.61,86984,4128.98,29175,1384.65,44847,2111.43,22818,1099.33
2518,600017.SH,20200803,91739,2606.44,106748,3040.26,123897,3522.02,109854,3123.41,123503,3515.75,105911,3013.62,35703,1017.9,52329,1484.82,32879,953.15
2519,603519.SH,20200803,7098,999.71,5509,776.55,7371,1039.48,7704,1086.3,3166,446.63,4422,622.98,0,0.0,0,0.0,3957,559.11
2520,002580.SZ,20200803,54159,3309.06,38488,2357.42,59595,3643.0,54640,3343.61,36517,2235.32,41591,2539.15,3323,202.37,18875,1149.57,-10202,-608.99
2521,002629.SZ,20200803,13099,374.0,6316,180.37,7865,224.8,10538,301.09,0,0.0,4110,117.34,0,0.0,0,0.0,-6960,-198.11
2522,300244.SZ,20200803,33503,13323.2,46399,18480.28,48539,19318.0,68195,27095.38,82209,32859.15,66905,26759.15,28823,11452.4,11576,4617.93,27585,11139.97
2523,600241.SH,20200803,5395,177.08,5479,180.35,11570,379.86,8452,277.76,1900,62.87,4934,161.7,0,0.0,0,0.0,3222,106.66
2524,603589.SH,20200803,12958,6495.8,11463,5748.18,17594,8817.84,19018,9536.12,18061,9053.85,16418,8226.81,3650,1832.74,5364,2689.12,114,74.1
2525,300375.SZ,20200803,66874,2709.26,53751,2177.55,97245,3941.7,94080,3811.14,63237,2562.9,90114,3654.56,14324,580.29,3735,150.89,35112,1430.67
2526,600372.SH,20200803,88528,16440.19,116247,21610.37,126735,23504.81,126005,23378.48,125453,23315.31,98948,18388.14,43830,8125.99,43346,8009.29,118040,21924.91
2527,300660.SZ,20200803,12809,2465.19,11215,2159.77,12105,2331.13,12670,2439.57,5350,1029.99,5609,1079.05,0,0.0,770,147.92,-149,-27.74
2528,300709.SZ,20200803,10014,9348.76,13615,12691.14,14088,13135.12,10130,9440.83,6848,6399.59,7033,6572.43,2189,2040.82,2362,2219.88,-8215,-7633.88
2529,600706.SH,20200803,14135,1096.35,13533,1051.26,10396,806.87,12131,940.98,8674,673.59,7542,584.57,0,0.0,0,0.0,2411,188.02
2530,600388.SH,20200803,24173,2241.15,28228,2618.35,30767,2852.92,30701,2846.68,17683,1640.12,17649,1635.54,7765,720.63,3809,354.25,14277,1326.74
2531,300676.SZ,20200803,17785,30137.96,19141,32529.84,36091,61208.66,37031,62888.3,45248,76741.03,46984,79638.68,31331,53226.04,27299,46256.86,12855,21934.9
2532,300830.SZ,20200803,20983,3302.14,19171,3019.29,22175,3491.44,22272,3505.34,9355,1473.41,11864,1867.25,793,124.9,0,0.0,5408,854.95
2533,000657.SZ,20200803,90686,6874.12,92910,7050.66,96410,7299.23,99332,7535.06,57032,4338.02,63397,4818.79,18979,1476.75,7468,583.6,33278,2534.92
2534,000811.SZ,20200803,61771,4665.97,43990,3325.05,66108,4993.87,60427,4567.72,40924,3095.03,63691,4810.49,806,60.93,1500,112.54,-10979,-814.22
2535,603157.SH,20200803,23422,602.77,13983,361.99,21245,547.55,24927,642.58,11107,287.28,13597,349.26,0,0.0,3267,83.77,-22540,-575.63
2536,002733.SZ,20200803,31628,7460.7,47464,11232.42,58209,13736.82,68885,16250.89,72869,17218.67,55336,13045.94,21488,5080.57,12508,2967.51,42781,10108.76
2537,300194.SZ,20200803,187874,11931.32,154006,9791.92,277661,17657.84,242336,15406.88,224564,14264.44,251868,16017.06,60594,3867.72,102483,6505.47,-85399,-5379.88
2538,600191.SH,20200803,54323,3504.64,59289,3829.76,61480,3966.57,64784,4181.85,42631,2761.02,41497,2680.56,7136,459.94,0,0.0,17433,1136.93
2539,603693.SH,20200803,70650,10233.13,61533,8921.9,85089,12314.34,85935,12452.21,41491,6013.16,55750,8054.16,21967,3182.85,15979,2315.2,26574,3862.12
2540,000055.SZ,20200803,51160,2602.82,57911,2947.48,66520,3386.16,69842,3554.12,51372,2614.54,45960,2337.89,11779,599.03,7117,363.06,44853,2293.5
2541,002864.SZ,20200803,14403,4506.19,16429,5143.1,19048,5954.24,17797,5569.23,12575,3941.3,12676,3968.31,1400,441.36,523,162.46,5287,1669.01
2542,300528.SZ,20200803,26430,1988.87,29917,2254.49,26302,1982.22,23560,1775.5,12350,930.47,15450,1162.18,3846,290.62,0,0.0,11231,848.36
2543,600525.SH,20200803,84075,5421.72,58490,3778.63,129319,8341.72,101188,6534.15,83904,5421.75,110714,7143.52,24735,1599.88,51640,3328.78,3776,247.47
2544,601218.SH,20200803,110336,3824.65,85893,2985.84,124488,4321.01,110857,3850.4,82977,2879.46,103610,3588.38,2917,100.93,20358,701.45,-63327,-2175.91
2545,002393.SZ,20200803,7012,2067.57,9318,2751.34,11027,3255.05,11599,3426.34,8363,2474.17,5843,1724.88,573,169.92,215,64.16,3556,1050.88
2546,300057.SZ,20200803,42022,2324.42,39181,2170.86,52867,2924.84,64846,3590.9,46051,2554.05,35626,1970.99,12912,717.01,14200,787.57,26582,1474.58
2547,300211.SZ,20200803,17633,1245.66,22063,1561.23,21186,1499.95,23039,1628.29,15341,1086.71,9058,642.79,0,0.0,0,0.0,13578,962.91
2548,600054.SH,20200803,20916,1884.0,25010,2255.31,32097,2891.05,27052,2437.79,16792,1516.28,17660,1590.3,4797,431.1,4879,439.04,8034,723.49
2549,603556.SH,20200803,13431,2043.71,19868,3025.06,17228,2622.37,14592,2222.36,8310,1267.4,4509,686.05,0,0.0,0,0.0,832,129.18
2550,002727.SZ,20200803,52173,16466.11,24217,7663.19,38052,12016.14,52987,16715.11,23828,7510.79,34493,10887.93,8080,2564.99,10437,3291.81,875,302.03
2551,300188.SZ,20200803,25777,5435.96,34788,7349.72,42592,8988.95,43419,9161.09,35416,7482.62,28285,5970.59,9172,1942.54,6466,1368.67,12071,2559.54
2552,300342.SZ,20200803,70575,12753.16,84559,15293.91,107732,19436.58,122009,22003.02,69432,12516.62,68257,12378.59,39419,7204.72,12333,2235.56,81092,14797.92
2553,002387.SZ,20200803,49621,8133.91,40918,6721.4,81906,13435.93,76337,12546.94,78759,12930.42,78187,12824.41,23538,3862.03,38382,6269.54,-8993,-1438.93
2554,002541.SZ,20200803,29125,13880.08,23061,11012.85,40582,19347.1,40836,19503.82,32019,15288.58,29167,13895.84,10186,4870.27,18848,8973.54,-5022,-2404.84
2555,300205.SZ,20200803,26173,3045.48,30873,3597.82,36184,4207.67,41448,4829.13,29720,3462.96,29462,3428.87,16016,1867.89,6309,728.16,13391,1578.3
2556,600048.SH,20200803,201034,31784.04,218222,34547.01,322010,50935.71,351613,55651.92,454105,71852.67,463373,73270.86,311843,49389.19,255785,40491.82,-56444,-8690.53
2557,600202.SH,20200803,26640,1244.02,29421,1374.62,37068,1732.12,34146,1595.71,10877,508.06,11018,513.87,0,0.0,0,0.0,-4844,-222.3
2558,300044.SZ,20200803,148272,11529.59,178938,13926.42,204065,15847.1,218450,16977.12,188341,14651.32,167839,13073.32,64196,5017.06,39645,3068.21,113781,8878.92
2559,603389.SH,20200803,9499,382.68,5650,227.74,14610,588.89,10467,422.09,2012,80.88,7234,291.24,0,0.0,2771,111.39,-1913,-76.09
2560,002714.SZ,20200803,42848,40068.38,48422,45361.86,80786,75574.46,96799,90646.67,106865,100063.59,111001,103981.36,111099,104140.16,85375,79856.71,-7618,-6845.22
2561,300175.SZ,20200803,59738,4848.86,38268,3103.91,81362,6600.14,123672,10038.22,43723,3552.39,33242,2705.94,23785,1935.49,13426,1088.81,55438,4498.25
2562,600172.SH,20200803,83358,2554.42,117572,3610.96,108591,3329.32,126757,3890.47,128021,3926.9,108947,3339.94,42274,1302.77,8970,272.04,114520,3534.49
2563,000036.SZ,20200803,174087,8434.94,197997,9570.6,244476,11757.39,230132,11114.99,176878,8557.72,173211,8355.99,53393,2587.48,47494,2295.95,207311,10014.38
2564,002845.SZ,20200803,24208,7647.46,36407,11557.57,35916,11373.75,41747,13233.61,36344,11555.58,26980,8596.6,17025,5485.05,8359,2674.07,7050,2336.57
2565,300460.SZ,20200803,53193,7436.99,49540,6930.9,70912,9917.84,64221,8983.56,33128,4636.98,39554,5533.13,5375,755.02,9293,1299.24,-1973,-263.91
2566,002237.SZ,20200803,120543,22651.6,79693,14987.9,189497,35611.76,157780,29661.89,185766,34895.06,198698,37311.91,70318,13211.73,129954,24408.44,-49134,-9160.0
2567,603197.SH,20200803,11348,3582.04,12854,4066.23,15620,4936.22,16179,5111.92,11609,3684.44,8341,2638.36,2000,635.0,3202,1021.18,3286,1037.86
2568,603351.SH,20200803,30419,11267.19,28711,10629.2,37569,13885.77,40705,15066.67,29906,11038.48,36671,13565.73,16700,6217.82,8508,3147.65,14725,5528.92
2569,000982.SZ,20200803,88336,1212.41,72409,995.29,127408,1750.1,109086,1500.5,66143,910.83,100392,1377.55,0,0.0,0,0.0,-54363,-735.39
2570,600521.SH,20200803,68225,27222.87,61128,24346.96,72083,28777.66,65580,26135.72,51208,20445.18,65055,26030.23,25603,10209.42,25354,10142.23,38207,15505.9
2571,603869.SH,20200803,13942,1572.63,8198,925.79,15450,1743.16,23836,2690.34,11428,1291.57,8785,991.23,0,0.0,0,0.0,-107,-8.43
2572,002991.SZ,20200803,0,0.0,307,188.44,12,7.37,0,0.0,0,0.0,0,0.0,295,181.07,0,0.0,-307,-188.44
2573,300655.SZ,20200803,25123,9917.92,38441,15172.9,34746,13713.5,34474,13596.23,28064,11065.7,17790,7018.2,4414,1738.82,1643,648.6,2003,778.39
2574,600498.SH,20200803,54438,15632.49,56606,16284.86,83250,23912.92,77907,22389.2,70851,20352.46,75002,21538.55,22286,6427.66,21310,6112.91,22856,6602.43
2575,600652.SH,20200803,21567,431.57,14703,294.14,30798,616.19,15234,304.7,16716,333.92,34144,682.83,0,0.0,5000,100.0,-15217,-303.09
2576,000516.SZ,20200803,166497,10615.11,148062,9487.02,245385,15656.13,290024,18528.6,278449,17837.95,249742,15979.0,126110,8116.3,128613,8230.86,12829,950.07
2577,300786.SZ,20200803,7526,1944.47,7660,1979.74,9243,2387.35,6631,1711.69,3236,835.9,5714,1476.29,0,0.0,0,0.0,3425,887.13
2578,600783.SH,20200803,34565,5802.06,45694,7675.03,52221,8748.56,59380,9960.57,45089,7562.75,37030,6211.97,15997,2694.14,5768,959.93,10698,1794.98
2579,300509.SZ,20200803,14516,1145.44,15428,1221.33,13408,1058.88,12960,1025.96,6899,546.9,9149,723.13,2715,219.2,0,0.0,-5882,-466.89
2580,600506.SH,20200803,32644,3489.3,32691,3497.34,37499,4010.32,35701,3817.62,14418,1545.48,14566,1562.88,1951,209.6,3554,376.85,11831,1266.38
2581,002976.SZ,20200803,13219,4830.58,16835,6161.39,16937,6187.97,16608,6065.38,8426,3081.9,6609,2423.01,3050,1112.12,1580,562.8,6807,2500.83
2582,300591.SZ,20200803,90670,7487.24,62985,5216.72,123090,10160.87,112261,9281.66,54848,4531.56,88216,7260.36,9195,747.89,14342,1168.84,-13226,-1043.95
2583,002335.SZ,20200803,15951,4010.17,21176,5342.23,29770,7492.29,27605,6955.44,26454,6674.45,21689,5460.14,4192,1058.99,5897,1478.09,1998,515.36
2584,601958.SH,20200803,88483,5971.86,100174,6776.99,101436,6858.52,109784,7420.25,109991,7440.22,83715,5656.18,26168,1773.26,32406,2190.44,60860,4122.45
2585,002466.SZ,20200803,114457,29282.05,95979,24603.29,147400,37721.09,176096,45117.97,154066,39467.17,134220,34359.58,65334,16774.8,74963,19164.27,-10245,-2542.83
2586,002620.SZ,20200803,22747,1384.37,24781,1512.73,23274,1418.89,29961,1827.23,20449,1247.92,16068,978.1,4340,266.88,0,0.0,4770,293.97
2587,300081.SZ,20200803,25388,2347.02,30913,2872.13,47449,4389.87,56324,5222.72,30678,2841.86,25148,2325.03,17737,1656.32,8867,815.19,17360,1618.13
2588,600127.SH,20200803,330716,41048.9,299180,37224.82,351186,43638.5,325508,40447.64,250325,31122.43,239111,29716.1,117176,14609.72,185604,23031.0,99627,12493.72
2589,603580.SH,20200803,5364,719.91,5722,768.75,5127,689.15,3841,516.52,1070,142.51,1997,266.3,0,0.0,0,0.0,4049,542.32
2590,603629.SH,20200803,4858,1219.39,3463,869.88,4343,1090.16,6098,1530.26,2254,566.18,2394,601.58,500,125.98,0,0.0,1351,339.3
2591,002597.SZ,20200803,26223,8003.46,19809,6052.6,32211,9838.15,26254,8015.07,18042,5519.23,29269,8946.1,4252,1291.69,5396,1638.74,14044,4307.59
2592,002751.SZ,20200803,15904,3825.39,18082,4355.84,26321,6333.93,25838,6215.38,16135,3889.33,15633,3766.7,1533,371.5,340,82.22,7271,1756.74
2593,300652.SZ,20200803,3872,835.58,5053,1091.78,5116,1104.48,4512,975.99,2259,489.88,1182,253.22,0,0.0,500,108.95,952,206.82
2594,600495.SH,20200803,43116,1788.15,58604,2432.36,57786,2394.0,65899,2733.29,57854,2400.54,44066,1824.26,18855,779.64,9042,372.41,51688,2142.84
2595,601188.SH,20200803,18724,520.28,22830,635.08,20742,576.67,25836,718.01,16822,467.68,7622,211.54,0,0.0,0,0.0,18757,523.12
2596,603356.SH,20200803,11224,1485.56,8701,1152.48,11269,1491.94,10795,1429.69,3920,519.5,6008,794.43,0,0.0,909,120.39,-1810,-238.64
2597,000987.SZ,20200803,165335,38316.7,202451,47046.37,264392,61314.75,272404,63231.71,292459,67870.31,250069,57997.23,118198,27516.75,115459,26743.19,36837,8782.4
2598,002527.SZ,20200803,27975,1575.04,27543,1553.62,36721,2070.92,38583,2174.68,17690,998.63,16260,916.28,0,0.0,0,0.0,15793,892.82
2599,300142.SZ,20200803,62829,54090.05,36384,31446.83,170303,146599.47,122056,105392.89,274409,236334.9,260391,224683.72,295714,255003.77,384423,330504.75,20779,19114.03
2600,001965.SZ,20200803,14414,1040.5,14135,1020.91,16748,1208.83,19821,1431.32,9385,678.39,6591,475.5,0,0.0,0,0.0,3120,227.34
2601,002658.SZ,20200803,16374,1049.43,17361,1115.05,19416,1246.57,23206,1488.45,11149,715.37,5896,378.23,1161,74.64,1637,104.29,1461,97.01
2602,002812.SZ,20200803,20143,16103.84,25402,20345.63,34716,27788.41,29577,23668.55,21989,17628.24,18071,14464.54,5547,4427.87,9344,7469.65,-2399,-1833.84
2603,300273.SZ,20200803,96557,6922.97,113517,8151.06,117194,8395.29,133624,9571.24,106954,7685.59,101952,7302.74,46053,3296.41,17665,1275.23,17020,1238.5
2604,600319.SH,20200803,5518,249.99,4993,226.3,5354,242.56,6969,315.86,1560,70.98,470,21.39,0,0.0,0,0.0,-2842,-128.03
2605,688568.SH,20200803,10150,8268.05,21586,17835.51,35199,28783.46,53638,44605.25,47319,39097.64,49875,41351.57,43254,36855.42,10824,9212.24,35984,29945.42
2606,002789.SZ,20200803,10670,1638.86,11175,1716.32,12778,1963.61,11795,1810.66,7094,1090.38,4342,669.82,1680,258.02,4911,754.06,7441,1149.14
2607,300415.SZ,20200803,28829,3069.73,21868,2333.1,27772,2960.5,29490,3140.83,20579,2191.92,23382,2487.79,6405,682.09,8845,942.52,-18180,-1933.01
2608,600258.SH,20200803,44529,7947.32,38973,6967.54,56650,10112.25,62988,11240.79,47344,8455.78,50274,8976.73,20994,3759.72,17282,3090.02,-7288,-1275.68
2609,600462.SH,20200803,26367,492.82,25595,481.53,42449,796.13,27258,512.04,27016,505.59,36635,682.98,0,0.0,6344,118.01,-8334,-148.55
2610,601155.SH,20200803,25692,8798.85,25079,8592.66,25688,8804.88,28173,9657.61,24049,8243.26,27770,9516.61,36293,12449.76,30700,10529.86,-11221,-3833.11
2611,300596.SZ,20200803,20630,6994.12,16183,5496.97,23001,7797.13,23084,7830.94,14889,5057.61,17544,5943.83,1645,563.81,3354,1140.92,10717,3633.29
2612,300750.SZ,20200803,13254,28186.62,16566,35326.04,42777,91071.62,46552,99189.77,50033,106531.1,47990,102166.14,44997,95897.09,39953,85004.49,9784,21089.17
2613,600593.SH,20200803,2828,1146.22,2694,1093.36,4712,1910.82,4081,1654.16,3625,1471.17,4592,1861.78,900,363.51,698,282.41,2903,1180.64
2614,000611.SZ,20200803,10390,367.26,7751,274.98,11537,407.33,11689,413.71,7943,280.92,9785,344.07,6973,245.46,7618,268.21,-11696,-409.47
2615,603111.SH,20200803,35820,2377.09,34287,2278.24,50860,3377.14,48477,3218.74,24430,1624.83,27814,1846.65,1574,104.51,2106,139.94,-6916,-454.63
2616,002128.SZ,20200803,129461,15357.59,151824,18061.45,202012,23977.35,197023,23428.58,191600,22821.17,203956,24283.9,103074,12307.56,73344,8689.74,19646,2433.11
2617,603088.SH,20200803,23492,2142.99,22008,2009.53,20378,1859.75,25555,2331.56,9553,873.2,5860,534.86,0,0.0,0,0.0,1977,185.92
2618,002259.SZ,20200803,11695,361.68,16614,516.21,33467,1036.58,35295,1095.5,38692,1202.61,32197,997.09,25256,785.28,25004,777.35,-18408,-579.82
2619,002413.SZ,20200803,314426,31387.18,403459,40328.11,477940,47725.81,560068,55953.7,416354,41640.9,398409,39833.39,291814,29308.26,138598,13946.95,267401,26995.6
2620,002943.SZ,20200803,19096,5796.16,18976,5770.58,27503,8358.66,24493,7458.53,18653,5681.9,17489,5315.36,4765,1455.33,9059,2747.57,-10657,-3232.0
2621,000518.SZ,20200803,921776,62369.07,665159,45165.85,747858,50679.34,760274,51534.85,481642,32721.76,557607,37715.81,230144,15750.59,398380,27104.25,-211117,-14134.06
2622,300788.SZ,20200803,3373,1531.77,2800,1272.83,2369,1074.2,3323,1509.53,932,424.92,766,346.83,545,248.39,330,150.08,1397,638.47
2623,600785.SH,20200803,5621,982.24,5528,967.74,6460,1129.19,5032,879.44,1436,250.76,2957,515.02,0,0.0,0,0.0,-963,-166.11
2624,603018.SH,20200803,68376,8329.15,42203,5138.89,46644,5668.73,51063,6217.4,42698,5201.0,52043,6338.67,7923,958.75,20333,2462.67,46828,5711.5
2625,000803.SZ,20200803,1364,193.94,2412,343.06,3019,429.27,4059,581.29,2961,426.54,873,125.41,0,0.0,0,0.0,2410,348.85
2626,002140.SZ,20200803,26011,1905.52,24720,1813.0,21620,1585.25,25241,1850.02,16255,1191.79,14530,1063.95,605,44.41,0,0.0,9976,734.18
2627,603303.SH,20200803,16157,1806.27,13716,1533.25,14805,1656.01,14471,1614.52,6003,669.63,12472,1398.87,4693,524.53,999,109.8,11993,1344.63
2628,688050.SH,20200803,41,110.15,269,739.65,10874,29388.2,11665,31569.23,19416,52547.3,19222,51975.1,12347,33446.6,11521,31208.28,2886,8265.75
2629,002271.SZ,20200803,37619,20700.56,41881,23077.2,55242,30448.85,48944,27011.92,40985,22656.36,45481,25115.92,18403,10221.96,15942,8822.67,-6185,-3327.92
2630,688181.SH,20200803,3762,2975.89,3811,3020.37,7149,5658.75,8677,6874.68,8276,6556.1,6410,5067.01,946,750.8,1235,979.48,-1283,-1003.47
2631,002605.SZ,20200803,38600,14341.71,39018,14529.46,46498,17296.59,43868,16317.98,30084,11196.54,32353,12010.58,7618,2841.45,7561,2818.27,1985,773.03
2632,300066.SZ,20200803,42420,2187.09,56997,2939.2,64903,3347.52,71898,3706.5,50539,2605.68,35652,1840.89,9730,502.53,3045,156.22,45670,2362.2
2633,688169.SH,20200803,13,51.84,68,268.02,3378,13086.55,2952,11505.43,2620,10146.36,2519,9751.87,1118,4334.8,1591,6094.23,93,362.71
2634,002756.SZ,20200803,24397,4790.13,26624,5225.07,21020,4123.84,23667,4646.05,14797,2905.85,9648,1894.49,700,138.91,975,193.13,15539,3064.3
2635,002910.SZ,20200803,55291,6631.78,65091,7825.55,66746,8005.06,70998,8508.19,44265,5314.44,32313,3870.03,4705,567.37,2604,314.88,15894,1920.68
2636,300371.SZ,20200803,18600,3433.81,21094,3895.23,19805,3656.41,19027,3519.57,8686,1612.22,7319,1352.11,348,64.47,0,0.0,-2333,-420.45
2637,603919.SH,20200803,23952,4168.08,30229,5273.08,23806,4151.04,27274,4752.5,21507,3753.68,11042,1922.15,0,0.0,721,125.08,10932,1919.14
2638,000078.SZ,20200803,649325,33554.55,535847,27735.11,755500,39084.86,676672,35014.56,499316,25852.46,512970,26554.14,102782,5326.62,281434,14514.68,-190325,-9644.95
2639,002887.SZ,20200803,35155,5200.28,34212,5075.53,32421,4797.85,40124,5946.31,20606,3075.79,14918,2209.4,1071,157.3,0,0.0,16118,2404.62
2640,300705.SZ,20200803,24406,4955.26,25922,5259.94,29022,5878.4,28797,5839.37,14870,3028.92,16571,3365.98,5457,1114.35,2466,511.65,12984,2671.98
2641,600548.SH,20200803,27204,2506.86,42101,3876.92,40391,3736.28,40611,3759.04,29651,2751.15,16337,1513.73,5777,525.3,3974,369.9,17113,1598.66
2642,600702.SH,20200803,25773,9547.29,17683,6554.81,22869,8475.8,20554,7618.24,18470,6844.89,21287,7884.34,4278,1584.57,11866,4395.15,2319,866.54
2643,300836.SZ,20200803,3164,2041.71,3190,2059.28,3533,2279.6,3201,2065.94,1800,1162.53,1851,1193.73,753,483.26,1008,648.15,-2,-1.4
2644,600679.SH,20200803,12375,1666.06,13679,1843.38,18358,2472.66,18426,2480.93,9711,1309.14,8095,1090.74,957,129.2,1200,162.0,1154,161.06
2645,600833.SH,20200803,34444,4735.15,33095,4553.14,41203,5666.69,46323,6371.65,19655,2706.82,17002,2338.82,2905,401.08,1787,246.13,-10133,-1384.02
2646,002034.SZ,20200803,23084,4537.28,12907,2540.1,21863,4299.51,15099,2969.26,6814,1342.71,20869,4103.15,0,0.0,2885,566.98,-10647,-2076.58
2647,000878.SZ,20200803,172482,25481.84,155336,23067.91,285818,42277.11,262426,38887.62,270633,40104.03,280459,41489.01,95523,14213.31,126235,18631.75,-44772,-6433.71
2648,600275.SH,20200803,13036,415.07,14374,457.97,25555,813.89,14787,471.02,6425,204.91,15855,504.87,0,0.0,0,0.0,-6008,-190.05
2649,603777.SH,20200803,32505,6460.29,46182,9251.85,38208,7622.24,47201,9458.06,28505,5717.6,20975,4226.42,18812,3893.44,3673,757.25,12715,2489.76
2650,000090.SZ,20200803,154814,13954.73,225325,20318.95,251701,22710.51,261344,23599.3,284125,25656.27,259333,23447.72,145177,13151.68,89815,8107.2,141423,12827.74
2651,002948.SZ,20200803,49349,2538.05,60199,3098.13,73928,3800.72,73903,3801.26,50586,2606.81,55859,2873.89,25298,1302.33,9200,474.64,50899,2630.92
2652,300563.SZ,20200803,7442,2645.86,8662,3080.66,8052,2862.88,7576,2692.18,2544,902.99,1877,666.14,386,138.18,310,110.93,574,206.76
2653,600560.SH,20200803,33750,3901.29,32382,3750.87,43723,5059.21,41320,4779.44,18942,2189.6,24669,2846.37,1956,226.58,0,0.0,-10767,-1234.71
2654,600609.SH,20200803,53698,4067.11,67974,5157.61,69272,5249.72,54958,4169.18,64461,4893.65,53689,4064.89,12791,970.49,23601,1789.29,-28801,-2160.33
2655,601099.SH,20200803,973833,42441.41,933113,40733.15,1425802,62176.25,1329304,57991.3,1501334,65485.22,1488571,64941.03,923442,40373.67,1073423,46811.06,114374,5291.0
2656,300694.SZ,20200803,16467,2184.6,18024,2392.21,20837,2765.39,17892,2374.79,11935,1585.77,12070,1602.79,452,60.31,1705,226.29,3869,514.59
2657,600691.SH,20200803,118897,2667.33,153329,3453.32,160880,3613.0,213311,4811.37,182229,4111.01,159807,3595.37,101309,2307.63,36868,838.92,27261,630.38
2658,000555.SZ,20200803,54573,9352.25,64331,11033.42,75851,12995.4,81402,13960.13,73739,12643.13,69822,11975.46,26304,4520.23,14910,2541.99,41710,7156.63
2659,600068.SH,20200803,135063,9098.61,121510,8189.64,147659,9947.55,138974,9364.64,139380,9390.62,128171,8636.93,79498,5361.24,112946,7606.79,-37895,-2527.77
2660,600222.SH,20200803,136124,9613.2,119813,8464.94,148669,10494.41,136455,9639.75,110367,7800.4,135236,9550.29,21490,1524.14,25147,1777.18,-19790,-1379.76
2661,002692.SZ,20200803,9226,275.65,11070,331.26,13355,398.79,12978,388.29,5670,170.45,4204,125.34,0,0.0,0,0.0,7885,237.16
2662,002418.SZ,20200803,53475,852.28,36555,583.69,54386,868.57,55855,891.58,51010,813.06,59462,947.49,0,0.0,7000,111.15,-28131,-442.91
2663,300033.SZ,20200803,18013,26174.71,22782,33201.68,39289,57152.5,41908,61044.75,41138,59884.13,39526,57480.07,23038,33592.31,17262,25077.16,-799,-994.32
2664,600030.SH,20200803,328806,99126.15,303347,91641.9,546769,164957.7,606902,183185.61,747052,225500.15,672442,203021.27,668821,202192.37,708757,213927.6,-159280,-47484.65
2665,601992.SH,20200803,129134,4210.52,134673,4392.32,131836,4298.87,132790,4333.31,114596,3739.31,94333,3074.93,31645,1031.63,45416,1479.76,-90747,-2942.33
2666,603378.SH,20200803,8042,5852.2,8641,6316.82,8895,6514.06,7927,5796.73,2747,2014.95,3453,2514.9,1365,992.77,1028,745.55,-1537,-1068.92
2667,002549.SZ,20200803,38640,3598.19,25587,2389.83,47430,4419.11,42540,3968.32,36714,3425.73,50273,4687.28,8375,782.75,12758,1180.35,4796,457.66
2668,002703.SZ,20200803,68815,3539.62,66059,3400.43,60062,3089.93,71517,3680.9,34528,1779.97,31003,1595.62,7662,395.06,2488,127.63,37789,1950.76
2669,300164.SZ,20200803,31791,1340.78,24012,1013.73,44828,1891.02,41598,1756.19,29085,1229.54,40094,1691.42,0,0.0,0,0.0,27723,1174.02
2670,600161.SH,20200803,68495,33686.82,70218,34596.1,107474,52977.51,92522,45655.73,116347,57302.61,108630,53435.21,49629,24521.66,70574,34801.57,-1745,-712.18
2671,600707.SH,20200803,69162,3322.26,75006,3608.3,85967,4131.29,93027,4473.51,66469,3197.02,67849,3263.67,26372,1272.74,12089,577.83,26779,1307.03
2672,300792.SZ,20200803,5436,8809.53,6421,10415.41,7303,11845.62,5038,8177.29,2428,3940.35,2911,4717.81,721,1171.53,1517,2456.52,-2631,-4246.06
2673,600838.SH,20200803,31393,2447.79,30943,2413.47,42434,3307.72,32800,2557.09,17544,1369.1,29214,2277.76,1586,123.71,0,0.0,10021,787.19
2674,603022.SH,20200803,7338,1279.33,5548,968.06,8116,1415.52,9259,1614.05,4578,798.63,5225,911.36,0,0.0,0,0.0,200,37.34
2675,002039.SZ,20200803,10059,1660.94,6695,1105.91,13706,2264.02,12259,2025.27,8821,1459.02,14863,2456.6,1497,247.75,266,43.96,655,113.03
2676,300356.SZ,20200803,44459,2710.19,39764,2426.66,46212,2818.27,49889,3042.01,28364,1731.35,29791,1817.77,7359,452.42,6950,425.79,31578,1928.74
2677,300510.SZ,20200803,58453,3051.13,53639,2799.52,66348,3460.61,83288,4344.95,48127,2511.1,44884,2342.01,15172,791.54,6289,327.9,16123,848.7
2678,600199.SH,20200803,66305,4722.85,66111,4711.33,60023,4275.41,55903,3983.34,33767,2407.76,25607,1822.28,20569,1466.47,33043,2355.54,4198,308.43
2679,600353.SH,20200803,41104,2545.66,55402,3438.12,50954,3161.71,51290,3180.88,31300,1947.22,15575,964.54,9246,572.42,10337,643.47,26396,1641.57
2680,601200.SH,20200803,37850,5201.28,53829,7404.09,67218,9234.24,63000,8658.64,61875,8515.84,47471,6525.96,4614,635.89,7257,998.57,2878,394.91
2681,603855.SH,20200803,29068,5657.64,20475,3971.73,21078,4087.16,30697,5975.14,13779,2679.31,12753,2477.24,0,0.0,0,0.0,17690,3452.4
2682,300487.SZ,20200803,4586,1900.74,7267,3020.36,9915,4107.29,16013,6653.75,17183,7141.23,18634,7760.54,22851,9573.83,12620,5288.44,-7939,-3359.24
2683,300641.SZ,20200803,32626,1732.99,22198,1181.09,27238,1445.43,29623,1571.92,8021,427.04,13524,718.95,0,0.0,2540,133.5,11927,637.88
2684,000429.SZ,20200803,13897,1010.48,13410,975.61,15662,1138.73,12217,888.21,13541,985.38,17474,1270.77,0,0.0,0,0.0,8350,609.16
2685,300699.SZ,20200803,11803,9483.23,16816,13547.74,25987,20932.52,25619,20659.9,26706,21493.62,23852,19186.8,8261,6672.53,6470,5187.45,5105,4122.68
2686,300853.SZ,20200803,0,0.0,1934,1500.25,0,0.0,111,86.11,0,0.0,0,0.0,2715,2106.15,670,519.79,-2715,-2106.15
2687,600696.SH,20200803,10198,912.75,10936,988.76,19810,1784.69,23922,2156.71,12568,1140.34,9813,885.9,3200,295.68,1105,102.1,4550,415.47
2688,600850.SH,20200803,43678,12514.82,40154,11528.01,62455,17901.28,59210,16984.79,48029,13783.79,49763,14261.51,8744,2517.93,13777,3943.51,19146,5534.61
2689,600969.SH,20200803,12186,821.26,17599,1189.7,25715,1739.77,24899,1683.04,11863,801.13,7266,489.43,0,0.0,0,0.0,2096,145.15
2690,601816.SH,20200803,208416,12995.43,320996,20027.4,324661,20253.85,352182,21975.21,254046,15844.46,245377,15301.97,307442,19189.24,176010,10978.39,164737,10335.69
2691,002324.SZ,20200803,140294,23128.13,49686,8232.55,142666,23540.24,73739,12197.74,71728,11846.82,179998,29667.08,19228,3165.72,70495,11583.55,-70317,-11531.43
2692,002455.SZ,20200803,36879,1922.42,26436,1379.87,39320,2049.79,42659,2224.39,31423,1638.99,38784,2019.38,9249,481.17,8992,468.74,11201,591.18
2693,300070.SZ,20200803,124662,11030.03,163378,14470.62,218982,19381.86,244016,21613.53,235186,20837.68,190743,16881.46,84932,7532.33,65624,5816.3,88673,7910.03
2694,300119.SZ,20200803,99565,26442.27,103996,27674.77,130224,34624.29,113825,30313.33,111940,29795.13,89564,23820.89,37494,10023.95,71838,19076.65,-55724,-14713.01
2695,600116.SH,20200803,30856,2886.64,30906,2895.78,40329,3771.86,38895,3642.42,32030,2999.63,29591,2763.27,4557,426.88,8380,783.54,6883,654.54
2696,603618.SH,20200803,33560,2061.07,38186,2344.63,40170,2466.36,42456,2606.66,29679,1823.41,22803,1401.76,1900,117.04,1864,114.82,4189,262.38
2697,300131.SZ,20200803,101617,6484.11,108586,6941.44,139908,8925.91,140541,8969.91,123442,7881.99,112902,7197.65,15270,980.73,18207,1163.73,68240,4371.93
2698,603630.SH,20200803,37302,7623.16,35548,7295.04,50392,10324.37,39302,8045.35,24365,5002.25,29988,6133.5,500,103.88,7721,1579.76,-9286,-1881.74
2699,002647.SZ,20200803,8186,3390.43,10271,4253.24,10708,4435.29,10489,4344.61,20477,8489.41,16329,6771.14,22810,9434.47,25092,10380.62,24898,10325.76
2700,002801.SZ,20200803,14971,5212.64,12836,4475.77,16888,5888.19,12881,4487.64,7852,2738.5,11658,4062.61,1315,459.6,3651,1272.91,-10471,-3638.04
2701,300262.SZ,20200803,28111,1295.13,35238,1626.02,42379,1954.6,48811,2250.92,27526,1271.51,16283,752.0,2316,107.69,0,0.0,11712,543.87
2702,600308.SH,20200803,92335,4758.92,83455,4290.49,92848,4779.91,96690,4976.58,65872,3386.51,81887,4224.27,13477,693.26,2500,127.25,81414,4201.5
2703,600090.SH,20200803,68051,1233.62,73077,1328.34,84302,1529.38,93906,1704.14,57695,1048.44,36276,656.76,0,0.0,6789,122.2,-7910,-135.51
2704,600139.SH,20200803,139618,4625.54,107102,3554.52,154384,5121.62,130828,4337.9,67725,2248.99,94896,3145.53,0,0.0,28900,958.19,-40853,-1339.06
2705,688388.SH,20200803,4996,2588.59,9628,4979.58,16074,8306.18,14252,7388.4,32050,16646.99,22101,11448.54,16385,8461.12,23525,12186.36,18769,9724.07
2706,002763.SZ,20200803,11439,887.03,15057,1172.37,15008,1166.51,16624,1288.95,15774,1223.49,12874,997.49,2334,181.77,0,0.0,8178,634.36
2707,300427.SZ,20200803,43094,11182.48,52066,13494.83,64360,16655.22,86539,22428.55,84789,21981.93,101536,26377.85,87061,22713.96,39162,10232.35,9551,2416.47
2708,601117.SH,20200803,85546,4988.03,96075,5603.48,113048,6587.84,123556,7204.25,105927,6172.64,94034,5476.4,38364,2237.3,29220,1701.68,37620,2203.78
2709,603926.SH,20200803,7225,902.44,8015,1001.37,6870,858.38,7310,913.68,2807,351.41,1578,197.18,0,0.0,0,0.0,1174,147.19
2710,603976.SH,20200803,28451,28300.14,20718,20710.99,38375,38171.42,37961,38029.02,26502,26423.63,32443,32448.06,19513,19717.03,21719,21424.14,-7920,-7870.56
2711,000338.SZ,20200803,118902,20187.4,161539,27401.99,195969,33232.78,272470,46238.24,223743,37965.02,188381,31970.9,164766,27963.64,80991,13737.72,75397,12859.92
2712,300762.SZ,20200803,13878,6119.03,12012,5294.44,19553,8620.85,25599,11289.65,14987,6614.06,12750,5627.14,4070,1792.94,2127,935.64,3197,1414.21
2713,600808.SH,20200803,124110,3384.14,134170,3659.43,121380,3308.81,120376,3283.52,114423,3121.66,87795,2394.16,36150,986.26,53722,1463.76,-32626,-874.47
2714,601298.SH,20200803,86851,5883.2,107698,7311.09,113374,7671.11,106240,7189.48,73156,4958.33,81417,5504.41,34510,2352.58,12537,860.23,22174,1526.76
2715,000623.SZ,20200803,39789,6978.91,42301,7426.81,70020,12285.99,65045,11418.53,63543,11154.83,60472,10611.92,16320,2863.84,21853,3826.31,7545,1337.64
2716,000999.SZ,20200803,26193,8023.73,29705,9107.51,31486,9649.24,27955,8568.99,28354,8693.53,25541,7823.08,7509,2303.06,10341,3169.98,4670,1441.69
2717,002490.SZ,20200803,30736,1128.26,20196,742.03,23877,877.07,23220,852.94,3030,111.17,14227,521.53,0,0.0,0,0.0,671,26.22
2718,002539.SZ,20200803,52798,4001.9,38023,2885.77,49898,3784.7,37318,2831.86,23677,1793.42,39156,2966.37,2762,209.21,14638,1105.23,-26591,-2008.11
2719,300154.SZ,20200803,24927,1502.24,21230,1281.31,26790,1616.74,28127,1696.51,6677,403.59,10095,608.32,1058,63.57,0,0.0,4144,253.2
2720,600151.SH,20200803,182770,10039.51,155717,8532.88,191162,10482.63,173071,9478.17,99130,5419.56,140272,7707.33,41238,2278.64,45240,2501.95,164337,9024.03
2721,603499.SH,20200803,15016,1891.75,13460,1699.42,16069,2026.68,15445,1947.2,7606,959.28,10867,1367.8,2273,287.3,1191,150.59,492,63.3
2722,002730.SZ,20200803,35613,3965.61,26859,2985.94,34461,3814.65,29631,3282.84,23780,2633.15,29941,3332.9,8256,935.91,15679,1747.64,31266,3469.04
2723,300191.SZ,20200803,11862,2519.47,11813,2516.83,20165,4287.33,22543,4795.14,14567,3098.08,15504,3290.2,4266,909.37,1000,212.07,2336,502.39
2724,600237.SH,20200803,65685,2682.45,64763,2647.89,69733,2850.5,77469,3166.25,71436,2919.49,57640,2353.81,8000,327.4,14982,611.9,13521,559.48
2725,603690.SH,20200803,9296,4484.38,20095,9707.9,17019,8213.36,32427,15661.4,22120,10674.68,25282,12202.25,60695,29412.38,31327,15213.24,-53728,-26158.28
2726,603739.SH,20200803,18750,5812.97,20772,6451.56,25972,8056.72,22488,6978.62,17533,5438.6,16640,5156.21,2152,670.79,4507,1392.69,-4198,-1290.35
2727,002861.SZ,20200803,19063,5657.1,20145,5969.6,16858,4987.85,20586,6091.99,13954,4123.22,11508,3406.76,3077,911.99,713,211.82,9449,2834.4
2728,300525.SZ,20200803,18773,9073.41,18935,9149.36,27983,13496.18,29966,14446.03,37860,18257.92,35900,17342.46,12388,5971.09,12203,5860.75,-3570,-1683.1
2729,600368.SH,20200803,39041,1419.31,42134,1534.17,48378,1759.68,40389,1470.4,42425,1544.08,42296,1536.41,3105,112.71,8130,294.8,15344,563.49
2730,002009.SZ,20200803,27379,2278.61,22422,1867.36,35752,2975.64,38220,3181.68,19700,1641.17,19121,1592.52,0,0.0,3068,253.86,6391,535.73
2731,600890.SH,20200803,73909,5588.36,45458,3441.79,70668,5341.88,69447,5254.83,54321,4108.52,72568,5484.73,6279,477.3,17704,1334.71,-33567,-2527.89
2732,600939.SH,20200803,18233,732.58,19481,783.53,22901,920.67,27714,1114.31,15967,642.49,12392,498.32,2486,100.43,0,0.0,917,38.7
2733,603123.SH,20200803,75209,8704.67,78524,9082.83,111867,12998.31,103266,11995.47,107955,12517.23,87310,10150.28,19442,2249.76,45372,5241.39,-34242,-3835.52
2734,002091.SZ,20200803,52242,3569.35,61842,4226.83,50205,3430.22,57461,3931.67,44800,3067.8,44012,3009.76,19680,1347.46,3613,246.58,21670,1485.66
2735,600380.SH,20200803,99304,20152.4,107407,21856.41,146513,29783.93,142657,29016.49,146447,29792.75,141493,28750.91,63128,12893.54,63834,12998.82,-3641,-723.16
2736,600429.SH,20200803,44517,2691.27,48160,2917.52,55672,3360.16,55654,3363.59,45771,2772.98,48019,2900.58,15425,937.17,9553,579.9,17001,1032.22
2737,603882.SH,20200803,16892,16111.37,17370,16589.73,23217,22144.8,22822,21793.7,18706,17842.12,19973,19032.79,4956,4744.11,3606,3426.19,-18246,-17362.99
2738,002899.SZ,20200803,26312,4187.77,24003,3830.29,32912,5242.99,27366,4361.37,14994,2388.83,19253,3059.98,2127,338.87,5722,906.82,-3411,-536.54
2739,300717.SZ,20200803,18676,3272.19,6478,1135.67,22574,3953.76,14803,2593.42,7167,1253.9,24637,4314.1,0,0.0,2500,436.67,-912,-152.77
2740,600714.SH,20200803,14674,955.75,13704,894.89,15826,1034.21,15097,985.93,6279,412.19,7978,521.33,0,0.0,0,0.0,5921,387.06
2741,300848.SZ,20200803,10329,5704.03,12650,6994.21,14504,8010.7,13617,7518.59,7538,4167.06,6503,3593.65,1175,652.73,777,428.07,-1521,-836.3
2742,600845.SH,20200803,20419,14639.09,18765,13452.98,22879,16404.34,18147,13022.06,15368,11017.42,17184,12317.48,5850,4200.29,10420,7468.62,835,616.88
2743,000709.SZ,20200803,108833,2464.2,148306,3358.6,177631,4022.08,140745,3188.63,183056,4143.97,179843,4071.75,77888,1764.99,78514,1776.25,-86702,-1945.4
2744,600522.SH,20200803,165700,19652.23,188971,22434.16,229113,27184.88,213418,25313.71,201568,23907.43,198138,23506.79,65301,7746.12,61155,7235.98,71434,8534.45
2745,002992.SZ,20200803,5,1.48,675,216.65,5,1.34,0,0.0,0,0.0,0,0.0,665,213.84,0,0.0,-675,-216.65
2746,300656.SZ,20200803,8114,1967.89,6265,1519.87,9791,2375.16,9296,2254.46,2217,537.9,4561,1106.62,0,0.0,0,0.0,1492,364.3
2747,300810.SZ,20200803,8504,5117.24,8273,4977.73,12240,7348.48,11476,6895.21,6467,3895.93,7391,4445.39,616,376.16,687,419.49,8631,5212.81
2748,000791.SZ,20200803,278186,10500.47,199553,7560.1,294907,11153.06,300008,11341.55,270739,10231.25,310033,11674.98,88424,3323.82,122662,4631.96,-178273,-6663.72
2749,002177.SZ,20200803,129608,6651.41,146004,7499.22,159469,8181.67,173301,8895.12,128438,6593.91,105801,5427.07,17034,879.47,9443,485.04,61855,3194.25
2750,002331.SZ,20200803,24141,2711.13,19272,2167.59,32894,3697.57,39443,4435.91,22906,2578.77,21605,2427.5,1811,204.03,1433,160.51,4955,561.86
2751,002462.SZ,20200803,34360,5751.28,44908,7532.55,62512,10464.29,67682,11348.64,56712,9512.8,43322,7251.9,11841,2001.19,9513,1596.46,25674,4343.96
2752,300126.SZ,20200803,16196,1086.7,15643,1050.6,17776,1193.62,18070,1212.53,5871,394.69,6130,411.87,0,0.0,0,0.0,-337,-21.3
2753,600123.SH,20200803,30789,1640.04,33167,1770.69,52403,2795.0,58634,3129.05,49631,2649.53,41150,2193.24,8517,455.38,8389,446.96,26420,1414.75
2754,002593.SZ,20200803,46315,1765.05,38844,1480.86,37680,1435.66,32158,1225.27,19055,725.55,27839,1058.88,0,0.0,4210,161.24,11176,429.42
2755,300257.SZ,20200803,19696,3356.99,24875,4245.84,27199,4636.34,22337,3808.71,16406,2797.52,17480,2979.22,8442,1440.21,7051,1197.29,-18074,-3071.92
2756,600764.SH,20200803,28610,10621.77,36798,13725.32,47024,17417.28,66463,24722.54,71587,26577.74,77808,29158.97,76662,29240.7,42814,16250.68,4139,1090.2
2757,601611.SH,20200803,49776,3554.11,67553,4838.15,81570,5830.33,69807,4992.89,77423,5535.28,65765,4692.18,8301,597.22,13945,993.73,22790,1646.32
2758,000628.SZ,20200803,37278,3622.15,33414,3253.63,32431,3154.01,38061,3705.08,20270,1972.17,20123,1948.39,2668,261.36,1050,102.59,14102,1366.74
2759,600895.SH,20200803,74368,15348.18,97655,20169.57,130797,26995.96,131202,27066.13,125429,25904.35,99514,20535.18,32262,6653.03,34484,7130.65,14323,3004.1
2760,601588.SH,20200803,61551,1730.24,57501,1618.71,57426,1613.22,68235,1919.47,47914,1350.61,55076,1547.1,22054,620.56,8133,229.35,34648,979.9
2761,600600.SH,20200803,25082,20372.56,14244,11587.04,34084,27686.2,29554,24031.48,27787,22587.95,36517,29671.51,15862,12871.12,22500,18227.79,-14198,-11450.08
2762,601139.SH,20200803,56152,4444.85,63133,4996.94,59664,4734.21,76802,6093.93,43547,3448.64,25258,2007.35,7113,570.73,1283,100.2,-331,1.44
2763,603948.SH,20200803,12866,3248.33,10892,2753.35,17782,4492.92,17104,4320.08,6954,1757.14,8659,2185.91,0,0.0,947,239.04,182,50.75
2764,600577.SH,20200803,196888,7030.16,129782,4645.12,221986,7934.31,243437,8695.77,216909,7745.81,199072,7111.92,30738,1099.4,94230,3356.86,-31266,-1086.34
2765,600731.SH,20200803,46863,4144.95,60801,5383.24,74897,6629.8,68956,6114.44,42287,3748.08,43426,3836.75,17671,1576.4,8535,764.8,18493,1687.07
2766,600862.SH,20200803,70628,17320.14,95540,23414.63,96476,23571.21,126461,31015.43,105749,25893.2,113785,27939.4,109813,27221.25,46881,11636.34,66700,16340.32
2767,601555.SH,20200803,385565,44325.87,269748,31147.03,562086,64770.02,478813,55243.34,581341,67062.31,604146,69614.11,249297,28949.98,425582,49103.7,-207466,-23699.85
2768,000726.SZ,20200803,31783,2569.7,30885,2498.87,50857,4112.85,52189,4223.88,38630,3127.55,36825,2977.17,3056,247.79,4428,357.97,5286,433.84
2769,601828.SH,20200803,28635,2858.71,23348,2332.87,29143,2910.11,29833,2980.0,16277,1627.57,17983,1794.86,2122,212.4,5013,501.07,16623,1663.72
2770,603165.SH,20200803,22691,3178.76,26206,3675.6,27428,3834.6,29374,4112.13,15936,2231.41,11475,1593.48,1000,136.44,0,0.0,10188,1409.52
2771,000796.SZ,20200803,141824,23850.81,153153,25762.25,187928,31564.66,188267,31631.03,138420,23233.21,142789,24067.17,60318,10372.31,44282,7560.54,31077,5224.61
2772,000950.SZ,20200803,316711,20978.72,255811,16981.68,340854,22569.06,358136,23758.76,238423,15835.6,269061,17881.48,54388,3654.18,67367,4415.65,-43104,-2658.03
2773,002336.SZ,20200803,4875,259.71,4625,246.59,8695,463.2,7987,425.37,1800,96.04,2758,146.99,0,0.0,0,0.0,865,46.58
2774,002467.SZ,20200803,147409,11453.38,131461,10224.28,173274,13464.52,159681,12413.2,141157,10972.37,135040,10491.76,36981,2883.5,72639,5644.53,12848,1025.82
2775,002621.SZ,20200803,11778,836.52,12912,918.54,13973,993.53,14115,1003.43,6696,476.8,5419,384.88,0,0.0,0,0.0,2401,173.05
2776,300082.SZ,20200803,24759,2169.87,25052,2196.68,38374,3360.61,41050,3598.7,24592,2154.96,23005,2014.93,4932,435.1,3551,310.21,6567,581.47
2777,600128.SH,20200803,40160,2896.76,26390,1908.06,58564,4226.57,44452,3212.06,23565,1703.38,49165,3548.07,4555,335.69,6837,494.22,-12252,-880.06
2778,688377.SH,20200803,6472,2032.42,8240,2596.57,11579,3641.68,11778,3706.27,7542,2379.78,6026,1893.91,450,142.87,0,0.0,3404,1073.94
2779,002598.SZ,20200803,21335,1477.05,20757,1437.81,19480,1348.7,24560,1701.02,15090,1045.1,8460,584.76,0,0.0,2128,147.26,-5430,-372.89
2780,002752.SZ,20200803,16688,979.29,12221,721.41,19895,1173.04,18819,1108.07,8297,487.78,13841,810.62,0,0.0,0,0.0,8069,478.89
2781,300416.SZ,20200803,21544,5539.79,21722,5593.44,22626,5818.62,23026,5921.44,12719,3266.4,12837,3292.95,1557,403.5,860,220.48,9470,2458.8
2782,600769.SH,20200803,13684,892.63,10064,658.07,26600,1735.44,24332,1588.98,15272,999.36,19227,1254.35,0,0.0,1933,126.03,-3582,-232.1
2783,601616.SH,20200803,97195,3432.02,96754,3417.69,88643,3131.13,83970,2968.34,59053,2087.97,73608,2599.39,12441,439.9,3000,105.6,2074,84.7
2784,000584.SZ,20200803,76399,5520.98,86860,6322.55,93150,6751.74,93845,6803.66,66829,4847.87,60038,4337.9,16705,1219.19,12340,875.66,5392,400.72
2785,002124.SZ,20200803,199684,36924.7,115371,21395.47,280055,51839.25,215584,39950.86,295906,54853.55,306963,56874.43,126382,23432.1,264109,48828.83,-101332,-18614.57
2786,688266.SH,20200803,2115,2404.92,2758,3187.13,7371,8394.48,8459,9715.96,12078,13848.63,12870,14674.58,4462,5152.05,1939,2222.41,2730,3252.4
2787,002487.SZ,20200803,92375,7364.46,104673,8369.9,106366,8492.69,105217,8422.18,80708,6442.17,81900,6569.61,33023,2733.24,20682,1670.86,-16964,-1292.49
2788,002641.SZ,20200803,55319,4788.18,30586,2652.25,58381,5053.54,44126,3825.25,23321,2019.93,53837,4656.58,4778,413.58,13250,1141.17,-30843,-2655.01
2789,300305.SZ,20200803,9708,1049.32,9996,1081.42,7769,840.71,7952,859.38,4782,516.95,5337,578.01,1026,111.83,0,0.0,3997,434.06
2790,600148.SH,20200803,23830,3873.06,27129,4414.65,34878,5670.28,32490,5279.17,15050,2440.28,16816,2726.5,2677,436.7,0,0.0,10176,1634.52
2791,600302.SH,20200803,22170,1050.16,18152,861.32,21922,1039.21,22279,1057.04,10553,500.98,15064,712.16,4000,189.6,3150,149.43,-4175,-194.45
2792,002772.SZ,20200803,48048,5055.09,47006,4945.01,62207,6540.15,55322,5816.71,26842,2821.06,28950,3047.49,0,0.0,5819,607.1,16217,1699.49
2793,002783.SZ,20200803,27050,3447.11,30374,3869.78,37500,4769.03,48855,6211.73,42515,5414.74,31454,4006.58,6439,818.98,2822,361.76,21915,2796.76
2794,300447.SZ,20200803,27632,3745.3,25401,3443.53,33098,4479.44,34808,4724.14,19693,2672.42,20009,2700.46,2912,393.9,3117,422.94,15731,2123.79
2795,300601.SZ,20200803,7621,17044.55,7769,17449.56,22243,49815.28,21796,48923.56,29865,66928.16,29952,67202.96,40951,91958.09,41163,92170.0,3190,7212.44
2796,600444.SH,20200803,7532,825.48,7721,846.95,6285,689.3,5853,642.0,2350,257.92,2593,283.75,0,0.0,0,0.0,297,33.56
2797,601137.SH,20200803,34400,5537.62,42159,6802.62,42732,6882.76,35635,5747.81,31336,5055.68,32025,5141.75,5808,935.73,4457,719.61,-5085,-783.72
2798,300578.SZ,20200803,10230,4126.87,10519,4253.89,14967,6045.33,14767,5971.78,9869,3997.84,10354,4184.86,3045,1235.87,2471,995.38,2957,1196.48
2799,600673.SH,20200803,179501,13153.99,130065,9543.82,208492,15288.41,165051,12103.66,136903,10047.62,180853,13255.74,32677,2398.3,81604,5985.11,-16042,-1159.13
2800,601366.SH,20200803,22269,1399.09,23641,1485.77,33811,2125.07,27352,1720.41,10410,655.26,17397,1092.75,1900,119.51,0,0.0,-1132,-67.86
2801,000537.SZ,20200803,65268,5454.52,44656,3735.78,65852,5505.08,72772,6083.01,61608,5153.52,66130,5533.22,9964,833.34,19134,1594.45,4634,403.27
2802,603037.SH,20200803,7705,1380.59,5199,932.49,7043,1261.98,7059,1265.52,1206,216.52,3096,553.72,0,0.0,600,107.35,-918,-162.9
2803,000668.SZ,20200803,11594,2485.44,23934,5135.24,23267,4995.39,16108,3458.93,14049,3015.29,7956,1705.0,496,106.08,1408,303.03,-12421,-2658.38
2804,000822.SZ,20200803,234856,11495.55,186081,9135.41,263707,12919.12,251521,12334.06,165137,8107.15,185759,9094.56,18665,913.4,59003,2871.18,-58637,-2816.79
2805,002208.SZ,20200803,118794,15059.77,155135,19668.18,142512,18062.56,166231,21036.2,117948,14911.06,94488,11976.33,55760,7065.8,19160,2418.48,59686,7741.65
2806,603168.SH,20200803,21898,1960.01,21669,1943.3,26953,2415.56,25879,2320.86,12622,1131.53,15427,1378.57,3503,313.65,2000,178.01,10598,949.5
2807,603322.SH,20200803,11323,2303.23,11298,2299.3,13304,2709.34,15350,3121.59,8540,1736.82,6520,1328.5,0,0.0,0,0.0,9298,1895.82
2808,688118.SH,20200803,2308,968.52,3634,1527.78,6296,2640.8,6163,2591.67,4697,1977.75,3731,1562.56,796,333.87,568,238.92,-877,-365.1
2809,000799.SZ,20200803,30600,21082.17,33734,23271.23,50825,35032.3,44846,30912.71,39262,27065.32,37332,25716.19,27257,18823.6,32033,22103.26,15477,10763.32
2810,000953.SZ,20200803,10811,631.18,6371,372.96,13583,792.85,14270,834.86,8213,481.52,11966,697.74,0,0.0,0,0.0,-2526,-141.66
2811,002290.SZ,20200803,4289,229.17,3088,164.92,7655,409.27,4155,221.69,5865,313.71,4840,259.06,0,0.0,5726,306.5,4253,227.89
2812,300659.SZ,20200803,8321,5063.77,6875,4195.55,11134,6776.74,10233,6234.75,7535,4603.24,10775,6562.24,2622,1606.8,1729,1058.01,5406,3313.93
2813,300813.SZ,20200803,13567,11666.16,9112,7869.22,22684,19531.84,21561,18575.53,13250,11426.73,16857,14505.06,2066,1789.62,4037,3464.55,-1726,-1432.66
2814,600810.SH,20200803,163838,14440.69,149952,13302.21,209596,18509.46,187811,16622.91,136818,12115.32,150357,13209.26,14757,1291.99,36890,3223.08,-53497,-4620.13
2815,002011.SZ,20200803,42254,1719.67,47381,1930.46,59997,2442.72,62067,2527.39,43917,1788.64,35552,1446.39,6174,251.28,7343,298.08,1810,80.77
2816,300512.SZ,20200803,7465,1404.1,11001,2071.47,11680,2197.64,15331,2887.15,14763,2779.01,18253,3435.35,43945,8274.06,33268,6260.83,-27171,-5137.15
2817,600355.SH,20200803,56945,1923.82,47941,1621.53,60308,2037.88,49046,1656.73,30970,1046.96,48473,1637.03,7311,247.48,10074,340.86,-9584,-319.12
2818,300489.SZ,20200803,9997,4166.22,12100,5035.15,13820,5776.97,14586,6073.16,21462,8970.58,22613,9488.5,9972,4190.85,5952,2507.82,8651,3618.06
2819,300643.SZ,20200803,15871,2259.27,17834,2541.18,13317,1896.95,14547,2071.29,6677,952.45,4985,710.19,1501,214.0,0,0.0,4128,589.27
2820,600486.SH,20200803,16259,15299.24,17748,16696.66,22428,21093.18,16097,15153.28,14145,13308.06,15748,14805.33,3706,3481.84,6945,6527.05,-11228,-10533.92
2821,600640.SH,20200803,32127,6252.82,37984,7410.3,47745,9299.4,40693,7933.75,34069,6635.12,36540,7097.52,3541,694.46,2265,440.22,-6573,-1260.18
2822,601179.SH,20200803,134416,7369.62,186405,10238.73,179214,9834.74,200713,11013.64,157070,8626.33,128423,7044.94,86660,4760.8,41818,2294.18,108598,6009.39
2823,601333.SH,20200803,52813,1310.13,105828,2626.22,86043,2135.58,67410,1672.68,98715,2449.38,72943,1808.36,22958,568.94,14348,356.77,29375,737.97
2824,002672.SZ,20200803,25251,2546.68,30933,3119.05,31559,3180.52,34897,3518.82,34718,3508.26,22523,2277.39,6140,621.42,9315,941.61,27798,2808.79
2825,300336.SZ,20200803,69302,3382.79,53912,2632.59,86788,4236.18,71668,3499.33,69428,3389.95,96024,4689.19,4284,211.07,8199,398.88,15519,763.03
2826,600179.SH,20200803,15249,831.01,14355,783.98,46317,2528.44,42683,2327.44,29869,1627.64,36397,1982.88,2000,107.2,0,0.0,15590,857.52
2827,600333.SH,20200803,20100,854.46,21276,905.48,26103,1111.19,30722,1307.13,14901,634.73,9106,387.78,0,0.0,0,0.0,18641,794.5
2828,300467.SZ,20200803,23024,4000.46,28479,4953.64,28308,4917.53,34332,5965.63,27479,4775.91,15197,2646.4,2629,463.11,3431,591.35,3749,639.99
2829,300621.SZ,20200803,17831,2039.79,16252,1866.26,17418,1996.43,21371,2449.06,11790,1356.05,9832,1125.16,1705,196.13,1288,147.91,-57,-0.92
2830,601311.SH,20200803,56630,4343.02,60278,4625.39,90083,6909.71,77181,5921.88,56254,4316.17,71311,5466.45,20174,1551.1,14372,1106.28,47251,3631.79
2831,603966.SH,20200803,19803,2934.58,19328,2870.95,25020,3710.92,24130,3583.01,18630,2767.09,19397,2880.78,11134,1667.03,11733,1744.88,-14322,-2126.47
2832,300166.SZ,20200803,78947,11123.11,77906,10987.12,133540,18825.2,115128,16229.21,151654,21378.74,178558,25182.4,109100,15393.9,101650,14322.22,33218,4742.88
2833,300320.SZ,20200803,28764,1603.97,23289,1299.89,32299,1802.32,31493,1756.85,16069,897.0,17914,998.19,0,0.0,4435,248.36,16118,901.47
2834,600163.SH,20200803,81154,3390.81,91975,3849.95,122495,5121.28,115815,4845.71,118683,4962.84,116079,4847.9,20734,869.79,19196,801.16,-20362,-839.07
2835,601010.SH,20200803,43820,1431.96,45702,1494.72,52467,1713.6,46099,1507.85,22543,738.18,34198,1118.79,15865,518.55,8696,280.93,31257,1022.89
2836,603665.SH,20200803,16049,3436.05,12296,2634.67,19219,4116.37,21025,4504.4,12080,2588.39,13213,2827.78,500,107.35,1315,281.32,1160,248.47
2837,002544.SZ,20200803,55356,8884.3,78030,12545.19,78996,12660.92,90579,14528.71,92256,14834.81,73165,11774.59,26027,4212.68,10861,1744.22,59561,9564.03
2838,300208.SZ,20200803,99545,7700.52,80071,6215.36,124327,9637.27,108104,8379.68,75022,5822.76,98085,7591.42,6885,534.84,19519,1508.94,-11854,-876.85
2839,603707.SH,20200803,27136,12874.67,23107,10978.35,30658,14573.17,27908,13279.14,24546,11631.63,26451,12549.05,4287,2034.64,9161,4307.57,-8549,-3911.94
2840,000020.SZ,20200803,24312,3309.54,20902,2850.72,23505,3200.01,22868,3123.84,14000,1916.46,16278,2217.47,3090,430.75,4859,664.73,5160,700.76
2841,002675.SZ,20200803,23966,6410.8,38187,10203.31,41029,10954.47,55640,14862.61,67996,18091.12,58858,15718.62,65754,17731.77,46061,12403.63,-12438,-3432.71
2842,300290.SZ,20200803,41447,3244.62,52426,4108.21,59156,4634.52,61462,4818.53,50704,3977.77,38390,3008.19,15142,1188.85,14171,1110.84,-11226,-864.13
2843,300339.SZ,20200803,134011,16609.86,108157,13449.52,189846,23547.44,190555,23678.49,165038,20493.28,167920,20805.79,45325,5647.91,67587,8364.7,-38613,-4737.94
2844,600336.SH,20200803,247565,24783.03,150324,15075.03,273067,27325.73,209615,21012.56,226463,22689.51,247903,24820.18,231419,23389.34,370672,37279.84,-183951,-18524.69
2845,603838.SH,20200803,11591,1030.34,12643,1125.01,15236,1355.53,12596,1120.71,11440,1017.16,11028,979.82,0,0.0,2000,177.5,-2904,-255.53
2846,000151.SZ,20200803,20682,2019.01,16517,1613.41,23458,2290.32,31485,3073.22,14958,1461.41,12313,1203.39,1217,119.27,0,0.0,12805,1254.31
2847,002960.SZ,20200803,17875,7434.91,15492,6460.66,20343,8456.54,17835,7426.17,15220,6341.6,18910,7864.51,4188,1745.92,5388,2227.63,-4039,-1657.88
2848,002198.SZ,20200803,63357,3867.14,35088,2147.56,62678,3828.45,59230,3625.32,29772,1818.45,47601,2899.93,6783,414.57,20671,1255.79,-34179,-2069.04
2849,300220.SZ,20200803,8772,2819.5,8778,2826.7,9860,3168.98,9105,2932.03,5680,1827.71,6170,1981.74,2276,739.49,2535,815.21,3388,1089.47
2850,600063.SH,20200803,225965,9122.16,182734,7385.94,359568,14512.16,329131,13303.73,265921,10749.15,267208,10790.6,60140,2432.23,132521,5335.43,37394,1555.17
2851,002736.SZ,20200803,60459,8113.92,84563,11382.72,115743,15552.48,125602,16899.04,115134,15481.52,92169,12382.06,61738,8313.02,50740,6797.14,-4503,-561.48
2852,300197.SZ,20200803,82871,2356.61,115395,3293.05,110664,3153.93,125225,3571.18,110858,3153.88,128111,3645.69,89081,2547.66,24743,702.16,63846,1826.31
2853,300351.SZ,20200803,43447,4851.39,17665,1972.49,56993,6366.58,62152,6942.28,27284,3047.7,46304,5171.78,1759,196.66,3363,375.76,18430,2064.26
2854,603696.SH,20200803,24582,3282.12,24805,3316.35,28374,3793.64,28243,3775.15,15725,2104.04,15473,2066.44,800,106.88,960,128.74,5257,709.45
2855,000058.SZ,20200803,180156,19586.46,203895,22483.47,221633,24147.68,246076,26993.0,139754,15327.95,166916,18263.24,104318,11858.65,28973,3181.03,16779,2053.69
2856,002867.SZ,20200803,37507,10916.82,38059,11087.2,37960,11058.34,27735,8089.33,24940,7279.69,31842,9275.39,3867,1124.11,6637,1927.03,-35334,-10263.11
2857,300482.SZ,20200803,19817,19463.27,15376,15108.44,17434,17118.82,18612,18284.48,13557,13323.53,17134,16813.79,6289,6168.7,5975,5867.62,522,553.36
2858,600528.SH,20200803,34235,3282.11,40607,3895.96,50726,4863.24,47819,4586.71,49708,4766.88,51228,4915.08,23867,2297.37,18881,1811.84,8166,793.51
2859,300816.SZ,20200803,3524,3119.7,4809,4277.98,9408,8313.7,7157,6329.3,3413,3045.6,4227,3732.29,45,38.52,197,177.97,3177,2757.04
2860,002014.SZ,20200803,59870,7125.78,49599,5910.88,44344,5331.87,44659,5347.59,17712,2108.04,23973,2866.56,0,0.0,3695,440.66,17180,2056.48
2861,601718.SH,20200803,198040,7521.26,195980,7440.79,196401,7452.09,177804,6751.66,178412,6762.32,230460,8736.94,98936,3754.88,67545,2561.16,51775,1972.7
2862,603055.SH,20200803,73094,6683.9,39293,3607.63,86228,7918.66,97698,8993.74,64088,5897.13,65646,6008.51,3136,287.9,23908,2177.71,-75533,-6892.91
2863,601811.SH,20200803,15192,1711.29,15418,1737.76,14114,1589.84,10652,1199.97,5090,573.15,8327,936.54,0,0.0,0,0.0,-3607,-404.46
2864,000828.SZ,20200803,0,0.0,6404,661.52,0,0.0,9305,961.17,912,94.21,4326,446.88,23122,2388.55,4000,413.2,-24034,-2482.76
2865,002165.SZ,20200803,151428,9016.9,151770,9111.03,201286,11994.12,213437,12773.85,177184,10580.24,202693,12081.85,93529,5663.05,55527,3287.58,78132,4880.14
2866,601788.SH,20200803,335967,80561.06,288170,69294.79,470605,113014.42,444240,106719.98,526901,126631.28,514731,123580.76,370685,89297.69,457017,109908.92,-18722,-3986.42
2867,603328.SH,20200803,35033,3606.93,40079,4129.53,53790,5539.14,48568,5004.13,44974,4635.96,44705,4603.74,13473,1390.07,13918,1434.71,-6131,-626.28
2868,000959.SZ,20200803,77244,3412.73,83272,3681.49,79537,3516.35,73202,3237.05,56628,2502.25,43806,1936.39,9525,423.85,22653,1000.26,-13336,-577.97
2869,002296.SZ,20200803,62592,5192.83,74247,6167.39,90881,7543.56,82802,6873.2,49116,4079.37,50739,4210.4,10228,851.01,5029,415.78,27116,2263.01
2870,300114.SZ,20200803,38092,5577.44,56011,8261.92,55744,8170.99,74532,10991.47,51296,7576.13,59970,8885.18,83332,12493.47,37952,5679.46,4631,615.4
2871,600111.SH,20200803,274262,34982.62,468973,60080.77,442311,56430.9,511831,65452.81,521661,66580.65,457315,58380.14,464484,59714.35,264599,33794.79,454028,58574.87
2872,603613.SH,20200803,13089,11065.27,13414,11342.24,11607,9801.27,9348,7900.06,9341,7888.18,9406,7938.28,537,455.41,2405,2029.56,-4223,-3539.48
2873,603663.SH,20200803,20888,4087.91,13522,2651.02,21703,4248.04,21887,4290.79,7327,1437.31,13456,2626.2,0,0.0,1053,205.27,-12936,-2517.81
2874,000025.SZ,20200803,37388,8183.2,45905,10052.05,55078,12058.84,60174,13187.08,44606,9771.16,38859,8503.09,15226,3338.08,7360,1609.05,28230,6190.62
2875,300295.SZ,20200803,20707,2734.88,11411,1508.98,20317,2684.47,17338,2291.27,7720,1020.35,15997,2112.1,47,6.22,4044,533.58,4463,592.1
2876,600292.SH,20200803,14041,781.82,20182,1125.45,25052,1396.46,26386,1471.76,21423,1195.57,13059,727.31,5982,334.01,6872,383.34,9073,507.23
2877,688005.SH,20200803,13446,4073.58,24196,7357.62,35500,10778.93,29355,8945.46,24861,7563.66,25554,7758.25,8184,2510.55,2885,865.39,14685,4429.49
2878,000686.SZ,20200803,141977,15989.07,157428,17772.53,248913,28062.05,226445,25538.16,274096,30907.85,264878,29879.0,124050,14004.15,140285,15773.43,-87989,-9798.91
2879,603186.SH,20200803,6341,2809.61,7747,3439.29,7571,3358.72,9410,4177.19,6698,2975.66,3723,1650.91,500,223.98,230,100.58,2808,1247.25
2880,000971.SZ,20200803,26055,700.51,12925,348.37,29523,794.15,28203,760.02,24628,663.1,17443,468.9,0,0.0,21635,580.48,-20886,-557.6
2881,002357.SZ,20200803,51051,3189.99,66260,4154.46,75276,4712.89,93446,5880.34,57626,3629.41,56002,3555.74,51314,3288.48,19559,1230.22,46373,2845.86
2882,002511.SZ,20200803,84531,20798.35,58437,14413.65,94912,23388.67,103769,25564.66,51370,12675.89,65606,16183.76,20985,5180.59,23985,5881.42,518,178.72
2883,600018.SH,20200803,122102,5519.67,135520,6142.43,183973,8323.22,162297,7348.95,179128,8113.08,170261,7704.1,65947,2984.22,83072,3744.72,47225,2150.35
2884,002488.SZ,20200803,46311,2724.3,40633,2390.1,41352,2433.45,46443,2731.6,25439,1496.42,28026,1650.45,2000,117.98,0,0.0,14747,869.56
2885,002642.SZ,20200803,94875,6755.31,90543,6432.31,103822,7364.71,105578,7489.03,68440,4841.63,71080,5054.45,22369,1598.2,22306,1584.05,65064,4632.07
2886,601177.SH,20200803,34617,3391.13,17417,1710.04,27225,2667.03,32560,3195.33,11807,1157.6,19469,1901.54,0,0.0,4203,408.86,-1785,-161.05
2887,603986.SH,20200803,25391,58278.54,21233,48912.9,48567,111652.7,44002,101300.87,50607,116448.63,49924,114775.49,31806,73268.26,41211,94658.88,-12712,-28857.93
2888,000502.SZ,20200803,19887,1437.65,13903,1006.07,17040,1232.49,17842,1289.94,4463,322.8,9645,696.93,0,0.0,0,0.0,4198,304.72
2889,300772.SZ,20200803,27231,4253.72,22709,3554.03,27539,4306.43,33577,5244.56,14826,2318.87,17586,2744.64,9392,1461.64,5116,797.42,14452,2266.08
2890,600818.SH,20200803,15588,1908.91,14217,1741.73,11046,1352.71,10124,1240.27,6978,856.1,10513,1287.87,1242,152.15,0,0.0,-156,-16.59
2891,000156.SZ,20200803,43910,4959.83,52563,5942.09,69195,7815.84,64643,7304.89,69413,7843.69,66225,7476.49,13197,1491.96,12283,1387.84,10131,1159.24
2892,002965.SZ,20200803,12084,4922.22,14122,5698.42,19464,7912.8,25830,10509.32,26707,10932.46,22402,9195.32,12327,5036.04,8227,3400.47,-21239,-8887.37
2893,300580.SZ,20200803,11593,2673.46,12608,2911.95,14674,3383.43,14467,3337.97,6906,1598.12,5982,1378.08,75,17.24,191,44.24,-4090,-939.52
2894,300629.SZ,20200803,18663,5916.21,18551,5885.62,26856,8518.25,25799,8198.87,18788,5978.89,20394,6470.88,5352,1712.42,4916,1570.4,1814,583.52
2895,600626.SH,20200803,47944,2654.42,38127,2113.1,61947,3429.34,72410,4010.58,39759,2203.16,32556,1803.67,6309,350.78,12866,710.35,15036,832.82
2896,601319.SH,20200803,184179,13241.8,207713,14958.59,224640,16157.05,233674,16815.77,236587,17029.85,209891,15103.99,118915,8572.87,113043,8123.2,57959,4242.34
2897,600757.SH,20200803,27323,1512.19,37418,2077.0,41733,2311.53,37762,2095.84,42151,2336.5,29907,1658.09,14407,802.5,20527,1131.79,5158,296.61
2898,000572.SZ,20200803,391,11.1,8335,236.71,1351,38.37,5742,163.08,9235,262.28,6100,173.24,9200,261.28,0,0.0,-19899,-565.14
2899,688365.SH,20200803,5825,2945.17,6425,3259.5,13719,6945.64,13868,7026.78,11712,5934.32,12237,6186.84,2517,1273.75,1243,625.76,1146,562.94
2900,002586.SZ,20200803,12718,246.56,15321,297.65,14287,277.53,17009,329.58,12000,232.75,6675,129.61,0,0.0,0,0.0,-95,-0.73
2901,002740.SZ,20200803,74985,5449.31,83020,6039.58,78290,5688.46,71951,5225.76,42596,3097.7,49039,3561.52,9639,700.89,1500,109.5,21974,1607.26
2902,300404.SZ,20200803,12420,2168.83,9382,1640.0,13236,2311.98,15872,2772.67,10088,1763.6,10251,1789.33,4717,823.27,4957,865.67,-3993,-689.92
2903,600247.SH,20200803,24586,427.22,18743,326.76,26553,461.7,22652,394.43,3731,65.49,13475,233.21,0,0.0,0,0.0,-1887,-29.52
2904,603002.SH,20200803,38746,2154.97,55837,3110.9,51256,2851.93,60837,3389.99,49200,2738.42,50280,2798.92,38468,2152.99,10717,598.49,40001,2234.44
2905,000633.SZ,20200803,41663,1769.23,48164,2053.62,39418,1680.36,52051,2213.95,27962,1192.47,14533,616.9,5705,242.39,0,0.0,23508,996.24
2906,002019.SZ,20200803,50566,15153.08,64222,19322.88,95449,28671.42,94019,28260.62,124983,37589.72,106288,31949.58,81782,24592.23,88250,26473.36,30998,9463.85
2907,603133.SH,20200803,35206,7592.8,31074,6714.17,61658,13298.09,57120,12328.19,37766,8161.5,44433,9583.03,3133,679.32,5136,1106.32,4518,1001.62
2908,002304.SZ,20200803,16417,21957.61,11506,15401.21,27281,36502.48,23324,31223.24,16078,21524.91,19620,26249.55,5119,6854.05,10444,13965.03,-5666,-7555.14
2909,000895.SZ,20200803,43135,23335.98,28732,15560.98,45315,24531.04,38056,20617.8,30065,16277.58,42088,22771.11,19299,10446.01,28938,15640.72,-31581,-17044.68
2910,002435.SZ,20200803,60872,2615.91,44375,1908.84,78531,3375.99,69169,2977.41,40872,1759.15,36288,1560.2,0,0.0,30443,1304.6,-6940,-291.01
2911,300050.SZ,20200803,48155,2632.87,50013,2735.3,51112,2795.03,59656,3262.1,37869,2072.33,28190,1543.75,4723,260.72,4000,219.8,28305,1552.87
2912,300558.SZ,20200803,16560,22691.76,14399,19802.05,27336,37506.43,27335,37535.73,21275,29147.58,22687,30985.18,9120,12520.02,9869,13542.82,7125,9948.04
2913,300712.SZ,20200803,37839,5872.16,23210,3605.75,43569,6762.59,39037,6060.61,20368,3164.77,31103,4830.1,2982,463.96,11408,1767.02,-14388,-2225.29
2914,600555.SH,20200803,82128,1179.73,69102,995.5,100258,1443.69,73860,1062.37,31729,456.44,63062,905.49,0,0.0,8091,116.51,-19105,-266.35
2915,000419.SZ,20200803,20656,1069.2,20371,1055.59,25434,1318.02,25923,1342.43,16550,857.33,12368,641.19,2673,139.0,6650,344.33,3383,177.81
2916,300689.SZ,20200803,4389,1939.48,4592,2031.35,5881,2601.72,5698,2521.2,3194,1413.26,3441,1518.88,267,116.97,0,0.0,-1901,-836.69
2917,300843.SZ,20200803,35137,11564.22,41539,13751.47,45822,15117.76,46612,15368.03,31522,10453.32,26737,8823.64,4564,1520.56,2157,712.71,11552,3858.67
2918,002905.SZ,20200803,63878,7865.23,74615,9181.62,80310,9863.08,66496,8161.04,36094,4433.69,42726,5242.71,9987,1215.97,6431,792.6,40151,4953.89
2919,300366.SZ,20200803,73033,12079.94,80940,13409.45,119478,19695.84,120516,19928.28,126347,20866.45,132352,21850.51,95437,15934.08,80487,13388.07,-3759,-628.05
2920,300520.SZ,20200803,23733,5376.59,27984,6354.12,44450,10056.09,52919,11967.6,38055,8609.54,31146,7044.34,6311,1436.63,500,112.8,7167,1651.47
2921,600363.SH,20200803,42310,7275.22,53495,9193.11,86147,14791.29,86611,14870.37,102250,17588.81,100310,17252.71,40975,7049.35,31266,5388.49,53409,9196.92
2922,300497.SZ,20200803,85746,18096.92,95524,20167.38,129300,27159.87,159364,33636.51,137277,28895.96,120171,25243.21,56948,12055.85,34211,7161.51,31053,6619.56
2923,300651.SZ,20200803,5680,2219.3,5198,2032.41,6123,2392.67,4924,1924.55,4680,1827.49,6183,2414.69,320,125.69,498,193.49,-4153,-1612.67
2924,603996.SH,20200803,9066,206.11,7105,161.61,9477,215.32,10602,240.92,3260,74.23,4096,93.14,0,0.0,0,0.0,-5944,-134.38
2925,002824.SZ,20200803,11053,2892.38,10391,2722.97,10662,2788.41,8600,2253.69,5069,1329.37,5592,1462.96,1000,261.05,3201,831.59,1362,353.4
2926,300285.SZ,20200803,33652,12177.1,41083,14909.56,48208,17463.65,43584,15805.45,37964,13768.83,38269,13857.13,13984,5084.08,10872,3921.53,-5064,-1772.03
2927,600282.SH,20200803,142498,4758.74,182170,6095.76,197990,6613.11,241965,8090.17,207965,6949.78,198486,6631.52,161651,5416.38,87483,2920.56,4106,175.29
2928,002955.SZ,20200803,7771,2282.59,7097,2085.23,10467,3074.9,9102,2674.1,5287,1554.79,6502,1910.35,0,0.0,825,242.59,2094,616.98
2929,300570.SZ,20200803,402,95.3,7446,1761.08,1285,304.8,8547,2021.35,4661,1100.34,6304,1494.33,23540,5576.91,7591,1800.58,-26138,-6208.54
2930,300619.SZ,20200803,5596,1246.26,4636,1039.1,7160,1599.83,6470,1448.56,5296,1188.08,4002,891.69,860,190.65,3805,845.47,5625,1252.66
2931,600616.SH,20200803,54421,2720.85,68616,3430.45,71248,3548.9,76254,3805.78,56805,2845.16,52669,2632.91,22200,1112.82,7136,358.59,24855,1253.6
2932,600686.SH,20200803,20862,1280.33,18643,1146.54,21920,1348.52,23908,1471.09,20348,1255.31,19236,1183.94,2000,123.0,3343,205.59,15836,976.54
2933,002041.SZ,20200803,100366,15764.9,107808,16995.91,144800,22779.18,138530,21813.05,116868,18402.25,121724,19120.09,32379,5114.29,26351,4131.57,29043,4649.42
2934,600971.SH,20200803,46366,2447.22,41798,2207.51,59250,3125.89,53353,2818.08,36216,1914.14,45500,2400.02,2000,106.0,3181,167.63,12996,694.05
2935,000835.SZ,20200803,17165,353.74,15677,323.49,19704,406.08,19254,396.42,5196,107.36,7134,147.28,0,0.0,0,0.0,-2059,-40.91
2936,002172.SZ,20200803,94677,2862.11,160680,4970.2,138036,4230.48,161613,5002.2,129810,4063.35,132541,4105.99,161381,5128.17,69070,2205.7,-164832,-5363.52
2937,603335.SH,20200803,38113,1956.81,34055,1750.66,30793,1582.69,38360,1972.18,20898,1073.96,17423,892.36,2034,103.94,2000,102.2,26502,1363.97
2938,000885.SZ,20200803,32124,3984.65,26253,3252.68,26105,3232.88,29788,3694.55,22051,2733.9,23839,2954.72,6066,749.99,6467,799.46,-14248,-1754.49
2939,002425.SZ,20200803,14267,2388.29,28390,4752.4,28495,4770.06,33789,5656.24,28555,4780.1,30836,5161.95,78002,13057.6,56305,9425.46,-83369,-13956.0
2940,300040.SZ,20200803,75788,5645.3,70732,5273.02,83572,6225.4,87037,6483.2,42795,3193.26,44386,3307.74,0,0.0,0,0.0,23233,1740.81
2941,603385.SH,20200803,34592,5280.89,22656,3468.96,28101,4295.18,25651,3918.83,12345,1889.13,25355,3866.59,1650,252.65,3026,463.46,-6965,-1054.79
2942,002556.SZ,20200803,42140,3405.68,79526,6548.15,71446,5809.33,114423,9435.32,90502,7505.73,81136,6703.15,143317,12127.85,72321,6161.97,-17411,-1681.13
2943,300171.SZ,20200803,110248,27775.46,80642,20360.18,136799,34496.71,146165,36872.61,107208,27067.01,122051,30765.37,23853,6031.35,29251,7372.36,-44312,-11106.08
2944,600217.SH,20200803,46091,2435.49,45514,2408.44,86336,4564.92,98250,5197.89,73186,3864.45,67350,3558.27,19528,1040.69,14028,740.97,12372,669.18
2945,603719.SH,20200803,7768,5537.18,7838,5612.43,9614,6870.26,10160,7255.44,8068,5775.96,6112,4363.97,200,142.88,1539,1094.44,1215,892.12
2946,600901.SH,20200803,77154,4733.41,87485,5368.35,63361,3887.63,88806,5448.65,68813,4220.75,52084,3194.66,38259,2348.15,19212,1178.29,1328,92.96
2947,002102.SZ,20200803,56451,1044.1,44819,830.21,85898,1590.4,73587,1361.74,57756,1069.18,87778,1624.59,16079,296.85,10000,184.0,-50714,-928.31
2948,688012.SH,20200803,56,139.79,277,688.62,24915,61869.93,28445,70699.88,29894,74255.4,30187,74892.76,26377,65502.01,22333,55485.88,13692,34115.84
2949,002079.SZ,20200803,167328,21061.56,136721,17235.28,152263,19176.2,171020,21551.53,125997,15885.07,140835,17731.22,35640,4500.32,32652,4105.12,-12134,-1461.83
2950,600499.SH,20200803,38172,1795.22,29394,1385.07,47352,2225.88,54751,2574.57,54831,2584.1,46088,2168.77,3326,157.67,13448,634.45,38984,1838.93
2951,600653.SH,20200803,60205,1190.64,88614,1759.07,62057,1225.94,68292,1354.8,63613,1264.95,43307,857.37,31125,620.44,16788,330.72,77416,1545.31
2952,601500.SH,20200803,22334,1440.01,23378,1508.46,16257,1049.52,19202,1240.27,10074,650.27,6085,391.07,0,0.0,0,0.0,12559,811.35
2953,000517.SZ,20200803,48712,1284.72,56467,1493.81,48807,1288.86,62519,1653.71,55181,1461.02,38033,1004.54,27951,742.07,23631,624.61,33498,896.93
2954,300787.SZ,20200803,6720,2888.57,6764,2911.97,13073,5620.4,12053,5180.68,7417,3190.34,8696,3736.85,603,259.45,300,129.25,-1375,-586.6
2955,600784.SH,20200803,57399,3131.12,60789,3322.31,71966,3917.85,82308,4496.2,37802,2058.67,30849,1665.15,6779,376.04,0,0.0,17657,967.58
2956,603017.SH,20200803,9456,1038.0,9446,1038.22,11449,1259.91,13906,1529.03,6488,714.05,2789,306.88,0,0.0,1253,137.83,6159,678.51
2957,000802.SZ,20200803,65810,5187.68,108265,8587.68,81453,6433.14,123097,9760.04,92005,7256.66,100143,7950.6,121205,9740.94,28968,2320.09,15771,1204.55
2958,688466.SH,20200803,2340,970.35,2829,1174.82,7515,3120.85,6458,2683.96,4990,2077.16,5159,2142.14,0,0.0,400,167.44,93,37.04
2959,000032.SZ,20200803,37400,11703.06,28443,8919.79,63976,20062.04,52780,16558.92,64950,20412.07,65507,20573.62,33533,10623.1,53128,16747.94,15800,5058.22
2960,002687.SZ,20200803,37765,2165.58,38920,2240.57,43847,2524.5,52087,3006.5,46010,2665.56,44150,2546.52,9376,543.5,1842,105.55,44092,2542.64
2961,002841.SZ,20200803,6760,7156.48,8520,9031.52,7691,8151.89,6197,6559.75,3455,3663.68,3189,3379.88,726,770.13,726,771.03,-474,-489.81
2962,300505.SZ,20200803,14791,2794.52,12700,2400.93,15004,2835.22,17218,3254.55,7742,1463.32,7740,1460.65,122,23.06,0,0.0,20,8.31
2963,603128.SH,20200803,97665,8297.4,113468,9654.9,111639,9477.75,134832,11462.03,110460,9397.05,89545,7601.33,32333,2757.38,14250,1211.32,38149,3270.68
2964,000759.SZ,20200803,49524,3599.47,39963,2909.24,61320,4459.12,52762,3838.5,39113,2848.29,51744,3759.74,1060,77.13,6549,476.53,-1638,-101.83
2965,000913.SZ,20200803,21112,3836.16,22064,4021.3,26770,4869.45,25471,4636.24,16023,2920.74,16002,2909.01,4684,853.38,5052,913.19,-9130,-1653.2
2966,002096.SZ,20200803,4502,338.77,14588,1111.46,7498,563.92,17216,1310.47,18077,1369.48,8083,610.77,9810,760.53,0,0.0,-3823,-303.19
2967,002250.SZ,20200803,57137,14517.92,44414,11277.55,60628,15385.54,51162,12984.13,48401,12258.83,56190,14254.59,35932,9071.19,50332,12717.21,-16480,-4150.61
2968,603259.SH,20200803,21776,24608.59,22714,25699.69,47858,54142.48,41149,46559.04,45684,51686.24,39158,44285.88,19672,22231.13,31970,36123.83,-122,-92.29
2969,002381.SZ,20200803,32233,3192.9,24234,2405.03,32940,3262.86,30256,2997.68,8012,794.09,17196,1699.06,0,0.0,1500,148.09,-12213,-1201.11
2970,300045.SZ,20200803,143023,23250.44,175890,28547.26,222842,36116.75,239567,38906.48,177159,28756.15,161001,26154.39,59206,9677.0,25772,4192.21,111841,18217.26
2971,603221.SH,20200803,17419,2689.0,14512,2241.98,17778,2746.81,18478,2854.09,5192,803.75,7286,1126.06,2787,432.33,2900,449.77,10389,1607.91
2972,000698.SZ,20200803,366190,36300.54,310238,30771.53,406768,40354.86,372986,36892.47,316346,31279.13,336830,33325.84,124121,12413.46,193371,19358.17,-13308,-901.64
2973,000852.SZ,20200803,44120,2348.81,61494,3278.84,67049,3568.19,81947,4368.28,74164,3948.88,56062,2986.56,23670,1263.78,9500,495.99,42975,2283.41
2974,002238.SZ,20200803,32497,2535.03,38694,3031.89,36917,2883.58,34980,2734.51,27595,2163.43,26708,2084.44,5074,399.54,1700,130.73,21262,1666.28
2975,601901.SH,20200803,195869,17198.24,211619,18602.18,290655,25534.96,247452,21759.54,212966,18719.79,218377,19194.72,52905,4665.47,74947,6562.02,-25504,-2190.21
2976,000918.SZ,20200803,21788,1050.6,17791,860.85,22641,1091.72,29105,1406.3,13865,670.66,13087,631.24,6956,338.88,5267,253.47,10491,512.9
2977,002255.SZ,20200803,39224,1440.99,36380,1337.14,54935,2018.54,49361,1813.98,33143,1217.36,38561,1415.66,0,0.0,3000,110.1,-13508,-491.5
2978,601878.SH,20200803,298117,49486.7,250271,41649.37,378443,62904.73,389138,64709.58,329848,54857.62,355531,59103.88,197328,32875.43,208795,34661.65,532,353.9
2979,688165.SH,20200803,24757,5262.15,30647,6546.4,66626,14188.37,64670,13798.9,69069,14740.84,69426,14779.23,10878,2325.7,6586,1392.53,12513,2708.8
2980,002386.SZ,20200803,366408,25629.35,291699,20497.76,373673,26154.03,347575,24356.98,356312,24966.06,480010,33791.78,437733,30944.25,414842,29047.18,96460,7119.89
2981,002540.SZ,20200803,52119,2741.94,52838,2782.59,49948,2628.12,47270,2488.03,19375,1020.91,18257,959.18,1934,101.92,5011,263.09,-1589,-77.03
2982,300204.SZ,20200803,40997,5452.95,34845,4643.77,64166,8545.59,54528,7262.65,28752,3831.27,48011,6388.28,7264,967.22,3796,502.33,-16266,-2151.08
2983,002063.SZ,20200803,61178,6438.94,71354,7529.49,84629,8911.82,94368,9946.17,104100,10976.09,95788,10094.94,28745,3044.52,17142,1800.77,38006,4043.22
2984,600993.SH,20200803,30851,7297.47,34512,8169.29,44340,10491.57,45225,10701.15,39115,9257.28,31203,7381.94,6969,1651.68,10334,2445.62,-5227,-1227.21
2985,603226.SH,20200803,15969,1837.77,12435,1431.58,19671,2264.23,16429,1890.73,5040,580.77,8944,1029.82,0,0.0,2873,330.64,6123,706.41
2986,002194.SZ,20200803,39641,7920.48,42518,8499.27,43526,8701.67,49106,9817.94,32193,6438.74,27857,5566.64,9090,1816.36,4969,993.4,1641,333.14
2987,300012.SZ,20200803,43789,10343.45,48527,11485.65,74271,17569.51,70934,16781.0,53092,12582.56,44279,10478.24,9019,2132.79,16431,3883.42,-7448,-1743.54
2988,603357.SH,20200803,18923,2036.74,20772,2238.16,25054,2696.26,22680,2439.62,11942,1284.26,10224,1098.96,0,0.0,2243,240.52,6174,669.14
2989,000988.SZ,20200803,47760,11498.64,68817,16570.89,73901,17778.47,88335,21254.66,101214,24334.28,84193,20254.17,69303,16706.07,50833,12237.75,51862,12513.51
2990,002528.SZ,20200803,51605,2624.73,53180,2705.39,54987,2792.79,56751,2886.36,27749,1412.3,33511,1700.86,11281,574.83,2180,112.03,27927,1426.16
2991,300143.SZ,20200803,27619,6870.78,22281,5572.7,50248,12502.35,40257,10055.9,49102,12232.85,63977,15917.74,61256,15273.21,61711,15332.86,-25965,-6446.87
2992,603488.SH,20200803,92223,11369.2,87918,10863.96,117016,14439.71,123682,15254.17,84900,10479.9,89127,11000.05,26974,3335.42,20388,2506.06,311,90.16
2993,000004.SZ,20200803,12344,3590.65,10116,2945.57,14199,4132.48,15274,4444.36,10287,2995.89,10665,3101.64,848,247.55,1623,474.99,3136,909.47
2994,002659.SZ,20200803,28605,1702.02,36270,2166.83,39534,2353.86,48572,2896.54,42692,2554.99,26868,1602.25,16012,958.41,15133,903.66,7063,435.83
2995,002813.SZ,20200803,13820,3288.6,15029,3581.25,16751,3988.24,15685,3737.46,9854,2346.13,11102,2637.93,1391,333.67,0,0.0,6200,1476.63
2996,600259.SH,20200803,23853,8271.16,26674,9265.24,33871,11740.78,33988,11785.14,30186,10477.36,27192,9426.5,4647,1624.71,4702,1637.13,18823,6560.91
2997,601106.SH,20200803,160022,5387.04,258235,8716.49,220632,7433.46,245547,8279.56,229960,7771.15,171889,5802.53,121876,4116.2,56819,1909.27,134386,4536.3
2998,603915.SH,20200803,25060,5722.09,20738,4731.07,23749,5418.0,26610,6075.06,23563,5376.47,28841,6592.28,10497,2413.37,6680,1531.52,16292,3754.39
2999,002883.SZ,20200803,8579,1746.04,10640,2170.78,12233,2494.99,12027,2448.46,7787,1580.37,5842,1185.81,1852,378.76,1942,395.11,8137,1656.27
3000,300547.SZ,20200803,18854,1756.71,28569,2672.65,35286,3302.3,32992,3086.53,17671,1656.13,13250,1238.72,3000,282.76,0,0.0,15254,1433.59
3001,300701.SZ,20200803,11958,4920.3,14790,6094.16,17340,7138.81,14152,5828.04,8588,3534.08,7778,3195.24,764,315.78,1930,791.53,-2544,-1037.41
3002,000408.SZ,20200803,15982,1331.64,14642,1223.2,41431,3461.96,38179,3190.9,33152,2766.19,36516,3045.75,4064,341.73,5292,441.67,-21088,-1748.81
3003,300678.SZ,20200803,23002,5515.94,19558,4685.24,21131,5057.92,22134,5301.61,14977,3590.75,15380,3683.26,1201,285.41,3239,779.91,11626,2798.07
3004,300832.SZ,20200803,8542,15057.0,8007,14139.06,11705,20654.02,11871,20964.34,8839,15620.1,11439,20235.5,5648,10051.03,3417,6043.24,-4045,-7055.18
3005,600675.SH,20200803,25823,1104.58,25797,1103.24,34496,1474.7,28867,1235.38,27817,1190.05,22225,950.59,0,0.0,11247,480.13,-9754,-413.66
3006,601368.SH,20200803,14074,813.76,17986,1042.15,17165,993.8,17537,1016.35,9417,546.56,5132,295.61,0,0.0,0,0.0,9720,563.77
3007,000539.SZ,20200803,21818,847.38,19657,764.52,24710,959.84,18333,713.0,13835,538.04,11997,466.33,5536,215.9,15912,617.31,-6011,-230.38
3008,002030.SZ,20200803,229934,105734.46,236895,109116.06,373359,171551.33,385605,177540.57,361903,166375.7,391885,180225.07,356535,164673.73,307346,141453.52,99756,47611.21
3009,600201.SH,20200803,58669,17136.15,71707,20951.12,72971,21330.4,78135,22843.36,63542,18586.49,64908,18975.21,44936,13127.48,25369,7410.82,-54469,-15855.56
3010,603703.SH,20200803,25271,3524.85,26200,3660.84,29852,4165.29,27454,3830.98,10410,1453.74,12807,1781.4,2470,343.61,1541,214.27,7751,1084.38
3011,002671.SZ,20200803,142806,7408.3,85687,4464.31,135744,7052.56,117263,6109.84,58646,3038.0,90390,4681.68,13739,711.2,57594,2954.24,10151,521.26
3012,300335.SZ,20200803,18765,973.29,25688,1332.08,26738,1387.04,36974,1915.35,27276,1411.69,10246,531.31,129,6.71,0,0.0,10068,523.29
3013,600178.SH,20200803,106109,10944.65,173897,18254.48,134338,13888.0,204476,21496.78,109642,11514.92,129924,13718.43,196444,21179.37,38236,4057.25,-77559,-8635.65
3014,600332.SH,20200803,45292,17060.77,47645,17970.77,73038,27527.34,70568,26595.68,73150,27577.56,71592,26982.95,32792,12364.41,34468,12980.68,-11946,-4451.34
3015,300466.SZ,20200803,121119,7670.5,91077,5785.59,141974,9005.34,123546,7835.63,68026,4317.28,108486,6874.09,14044,890.99,22054,1388.79,-50905,-3201.81
3016,300620.SZ,20200803,8124,4429.11,8791,4799.66,8048,4392.77,8581,4673.13,5879,3206.98,4915,2680.49,857,464.91,621,340.49,1923,1053.69
3017,600463.SH,20200803,15505,1157.99,14398,1075.81,11643,869.02,11397,851.83,5579,417.16,6932,516.53,0,0.0,0,0.0,7245,541.23
3018,300597.SZ,20200803,15962,1842.45,18832,2178.24,18735,2166.28,18051,2086.42,10728,1241.38,8542,985.45,0,0.0,0,0.0,3165,365.75
3019,300751.SZ,20200803,2544,9286.76,2805,10275.68,2086,7628.74,2149,7852.79,1567,5747.88,1278,4679.11,1149,4229.1,1114,4084.9,-176,-598.65
3020,600594.SH,20200803,144782,11331.4,107000,8377.7,142489,11155.85,115543,9054.76,114700,8986.35,87684,6870.2,14119,1105.6,105863,8276.52,-36437,-2812.65
3021,000612.SZ,20200803,270679,23653.69,317728,27879.66,381380,33377.38,412712,36122.2,294167,25768.92,267432,23333.05,129251,11363.41,77605,6828.48,166146,14681.85
3022,300274.SZ,20200803,107145,22020.05,48577,10023.09,125995,25889.78,85691,17663.18,118325,24310.08,198183,40690.47,54580,11253.28,73595,15096.44,-23208,-4727.61
3023,600271.SH,20200803,65903,11894.85,93241,16850.37,99438,17941.38,94939,17130.67,78581,14173.79,77525,13992.41,35518,6427.23,13734,2463.81,62065,11256.31
3024,603773.SH,20200803,5611,1881.03,4620,1551.06,5436,1823.89,6141,2060.17,2228,748.33,2513,842.03,0,0.0,0,0.0,1839,615.61
3025,300608.SZ,20200803,7317,1282.09,8602,1510.59,9147,1604.44,8117,1423.33,4035,710.43,3115,547.14,220,39.04,885,154.94,4464,786.73
3026,600605.SH,20200803,11237,1520.69,7687,1041.29,9888,1337.19,11100,1501.37,3519,475.95,5857,791.17,0,0.0,0,0.0,-3162,-426.14
3027,000420.SZ,20200803,78074,1659.35,88153,1874.04,90576,1923.44,88928,1889.98,65252,1386.36,51680,1098.4,24643,524.33,29784,631.06,-16451,-342.24
3028,300690.SZ,20200803,23630,9750.37,20168,8330.88,28862,11901.72,25395,10480.33,17641,7276.02,19408,8003.49,2362,967.73,7523,3081.15,6066,2490.95
3029,300739.SZ,20200803,18648,4023.5,18625,4025.98,27015,5835.44,22307,4818.33,11169,2416.83,14386,3105.62,741,159.09,2254,484.93,-4377,-943.8
3030,600736.SH,20200803,51208,2866.03,52424,2942.42,65194,3650.71,66836,3745.64,50164,2813.89,56170,3143.53,22474,1259.42,13610,758.46,24005,1346.43
3031,000551.SZ,20200803,50442,4881.5,47701,4622.01,70305,6798.81,70480,6820.68,40701,3938.19,39272,3792.1,2972,288.04,6966,671.76,14950,1463.01
3032,600867.SH,20200803,114200,15890.18,117700,16403.3,151597,21098.13,147901,20595.88,128040,17828.81,126378,17576.16,47377,6607.92,49235,6849.7,-10539,-1428.0
3033,688001.SH,20200803,5117,2282.15,7048,3157.98,13295,5944.23,13246,5923.63,8859,3976.57,6718,3002.48,848,375.06,1106,493.91,4107,1837.08
3034,000682.SZ,20200803,58153,3185.29,68594,3760.06,75322,4124.54,82946,4545.83,44584,2441.91,54313,2972.75,32087,1762.29,4294,235.4,23368,1292.73
3035,600960.SH,20200803,78599,2732.95,74019,2576.55,66221,2300.1,70072,2437.52,37470,1306.32,28677,996.18,3371,117.98,12892,447.1,38609,1346.76
3036,603039.SH,20200803,3702,3072.15,3068,2553.42,4296,3564.93,3850,3201.73,2415,2006.59,1805,1496.23,933,771.51,2623,2163.81,692,569.18
3037,002161.SZ,20200803,49662,3945.41,63367,5038.01,48965,3885.08,56208,4469.82,43882,3488.37,24097,1911.38,10000,797.54,8837,697.19,38641,3077.86
3038,000955.SZ,20200803,77362,7759.91,86223,8657.89,109315,10963.97,96428,9673.8,73343,7372.53,84283,8448.84,31718,3180.82,24804,2496.7,18782,1899.63
3039,603089.SH,20200803,10209,1163.31,9999,1140.87,8148,932.11,9208,1052.47,4532,517.03,2781,318.18,900,103.37,1800,204.3,7120,810.82
3040,688039.SH,20200803,1419,1274.71,2023,1821.16,3246,2917.7,3358,3020.27,2303,2073.55,1401,1261.36,130,115.72,315,278.87,-362,-330.16
3041,002414.SZ,20200803,59781,24075.34,71659,28895.16,91399,36845.45,96229,38849.01,88168,35632.91,85575,34536.16,38622,15662.53,24507,9935.9,38739,15686.17
3042,002545.SZ,20200803,46282,4179.0,50282,4539.69,74338,6713.26,91761,8288.39,57998,5240.55,44781,4045.19,17431,1575.12,9224,834.66,16679,1519.24
3043,300160.SZ,20200803,80315,5931.51,75174,5562.64,77195,5702.86,69826,5160.66,44734,3309.19,51028,3767.17,11184,830.16,17400,1283.24,-6535,-477.05
3044,300209.SZ,20200803,33873,5641.36,44390,7398.16,36112,6022.37,36802,6140.74,27393,4577.69,18625,3109.56,5139,863.85,2700,456.82,8190,1380.21
3045,600206.SH,20200803,75899,11546.22,87344,13295.03,110122,16748.51,106398,16187.81,93487,14219.3,88793,13501.42,18424,2814.37,15397,2344.13,18701,2870.88
3046,603708.SH,20200803,11462,4950.96,12769,5518.31,11062,4779.31,10136,4379.77,4619,1998.92,4737,2047.6,500,216.48,0,0.0,-5243,-2262.28
3047,002068.SZ,20200803,67397,3395.03,41126,2074.05,72940,3672.77,46658,2360.11,32497,1640.29,77020,3874.55,3768,191.12,11799,590.5,-32863,-1641.07
3048,002222.SZ,20200803,49015,7500.88,57585,8825.0,73462,11246.43,78955,12086.97,59592,9133.22,46623,7137.7,9931,1525.4,8837,1356.27,6337,1005.77
3049,600998.SH,20200803,96945,19512.1,101782,20468.37,113207,22743.36,148470,29875.14,114629,23065.63,95749,19260.01,45881,9246.47,24661,4964.04,57568,11635.25
3050,002199.SZ,20200803,29701,2542.79,23255,1992.46,25167,2156.65,34091,2920.67,10533,902.96,8055,689.27,0,0.0,0,0.0,15323,1314.95
3051,002353.SZ,20200803,35672,11242.03,32297,10180.12,32342,10191.82,31677,9985.25,27495,8666.81,27643,8710.96,3821,1203.85,7712,2428.18,1703,547.87
3052,600549.SH,20200803,72173,11037.99,96809,14852.06,112251,17189.72,131954,20236.34,84673,12996.99,84193,12904.69,56557,8719.33,12699,1950.93,50254,7768.81
3053,600703.SH,20200803,260397,70598.97,179600,48779.99,341985,92805.91,290949,78980.0,305496,82980.01,343426,93246.78,166602,45262.54,260506,70640.67,-87700,-23616.74
3054,300837.SZ,20200803,5562,4148.96,4723,3526.97,8099,6037.98,8760,6539.31,8637,6456.4,9237,6897.69,2561,1909.32,2137,1588.7,1856,1409.62
3055,600834.SH,20200803,58700,7025.69,71953,8618.12,71017,8509.75,66352,7935.55,55953,6710.15,43475,5211.94,6195,738.37,10084,1218.34,20384,2454.79
3056,002035.SZ,20200803,40734,4280.44,31159,3277.68,49042,5152.78,49326,5184.9,43172,4538.02,48562,5101.19,9593,1010.68,13495,1418.16,-10255,-1066.79
3057,600965.SH,20200803,19482,1441.64,17146,1271.34,23176,1716.21,22273,1650.27,11507,854.17,16127,1192.8,1380,102.4,0,0.0,5883,438.66
3058,601658.SH,20200803,134600,6272.46,130944,6103.63,199519,9296.67,191566,8927.88,202571,9440.56,190405,8873.27,117133,5458.64,140909,6563.55,-42942,-1979.29
3059,000780.SZ,20200803,19732,491.19,25938,648.83,24789,618.98,26990,674.72,20996,523.8,22089,550.86,9500,240.43,0,0.0,12332,307.01
3060,000021.SZ,20200803,160538,41330.92,149711,38703.59,249360,64270.25,216372,55826.63,273010,70394.1,286477,73793.03,167325,43302.39,197671,50974.4,65033,17160.46
3061,002676.SZ,20200803,137580,5382.72,119747,4688.38,133239,5213.75,138560,5421.15,83276,3258.92,81520,3187.6,5650,221.19,19917,779.45,10747,435.87
3062,002830.SZ,20200803,16954,2335.2,19809,2734.18,24834,3424.62,22894,3156.77,9245,1276.83,6924,954.06,942,129.9,2348,321.56,-1045,-141.09
3063,300291.SZ,20200803,59581,3776.17,56487,3577.33,71305,4512.31,76012,4814.51,44583,2826.05,41156,2609.25,1937,123.7,3751,237.13,21455,1367.29
3064,603778.SH,20200803,24967,954.63,19074,729.64,29631,1133.66,41926,1603.55,29935,1145.48,20520,785.15,0,0.0,3014,115.44,-1402,-50.56
3065,605318.SH,20200803,0,0.0,1243,234.24,0,0.0,0,0.0,0,0.0,0,0.0,1243,234.24,0,0.0,-1243,-234.24
3066,002949.SZ,20200803,22913,7219.55,20229,6419.69,27676,8698.13,25603,8054.63,22764,7061.5,28442,8893.04,12046,3814.73,11126,3426.55,7891,2601.07
3067,300564.SZ,20200803,7443,2166.18,6194,1805.98,7453,2171.59,8438,2458.54,4837,1412.75,5075,1477.87,57,16.49,84,24.62,153,45.18
3068,600561.SH,20200803,14595,746.06,9891,505.73,11325,579.05,15337,784.23,6251,319.77,6942,354.92,0,0.0,0,0.0,220,11.8
3069,000425.SZ,20200803,256167,16488.11,313449,20196.11,363217,23374.85,380103,24472.31,347944,22389.66,341468,21976.34,242690,15638.49,174997,11246.34,65013,4258.27
3070,300695.SZ,20200803,3028,2088.78,2791,1927.36,2648,1827.95,2146,1481.69,1777,1227.67,1765,1218.43,147,101.67,897,618.59,273,189.25
3071,600692.SH,20200803,18077,1304.18,25296,1829.18,21778,1572.4,26025,1878.7,25696,1857.65,15730,1135.1,1500,108.75,0,0.0,6029,437.6
3072,000710.SZ,20200803,20354,18268.13,21423,19270.63,30455,27339.35,30419,27349.27,24752,22270.86,27097,24336.98,11992,10775.84,8614,7697.31,2371,2236.11
3073,000829.SZ,20200803,255881,22239.93,215458,18750.62,344855,30006.93,306544,26682.51,222681,19386.09,266333,23163.9,35471,3100.54,70553,6136.46,-88658,-7630.26
3074,002166.SZ,20200803,175717,18016.74,172603,17739.0,207899,21339.45,208788,21431.21,141688,14567.33,166936,17146.15,53492,5531.59,30469,3138.73,22474,2381.14
3075,002320.SZ,20200803,38098,4303.84,40162,4540.18,56848,6423.06,65244,7369.38,56063,6333.17,57903,6537.73,21434,2418.19,9134,1030.96,9941,1128.9
3076,601789.SH,20200803,89230,4615.58,103972,5387.36,130154,6731.08,137226,7105.48,106718,5528.05,99240,5128.73,41387,2145.35,27051,1398.49,60206,3135.58
3077,002339.SZ,20200803,58164,3850.46,50503,3345.22,47498,3145.43,51577,3413.45,23473,1553.5,25272,1673.21,2000,133.4,3782,250.91,9385,628.34
3078,603299.SH,20200803,48928,3667.39,46579,3496.39,64712,4852.77,58206,4365.35,51074,3834.71,60247,4518.64,5704,429.41,5386,403.88,-6252,-454.82
3079,002624.SZ,20200803,101548,38387.22,54734,20742.75,96361,36461.8,82226,31121.61,63886,24142.86,106857,40326.83,44063,16602.87,62043,23403.55,-10774,-4097.83
3080,300085.SZ,20200803,147408,33520.32,97493,22296.35,216331,49236.27,177371,40438.57,189534,43192.95,193603,44070.95,67060,15335.92,151866,34479.58,-56293,-12528.49
3081,600082.SH,20200803,46059,1744.9,37607,1426.05,50456,1911.44,52063,1972.13,29644,1124.72,25099,951.07,0,0.0,11390,431.8,-4541,-166.85
3082,000100.SZ,20200803,879617,55689.35,748980,47523.15,1096439,69436.15,1068893,67757.86,1288958,81677.75,1650481,104483.79,1500319,95138.12,1296978,82176.58,-456866,-28570.38
3083,002755.SZ,20200803,22045,4611.18,32108,6725.34,34796,7286.85,33653,7045.39,26079,5467.2,18515,3882.34,5282,1110.4,3927,822.57,-1154,-224.79
3084,300370.SZ,20200803,126025,3364.79,135106,3612.62,142752,3814.72,151885,4061.59,110035,2944.14,101855,2721.01,20033,539.56,10000,268.0,54795,1474.05
3085,300419.SZ,20200803,75228,5094.87,76300,5167.3,83088,5623.76,81080,5483.26,47354,3204.98,46565,3157.83,3652,249.24,5378,364.46,4322,309.44
3086,600416.SH,20200803,2784,514.94,7549,1399.89,11755,2173.98,16513,3060.39,23575,4365.48,12493,2315.86,14148,2630.24,15707,2908.52,1504,290.52
3087,603918.SH,20200803,14647,1676.16,12595,1441.69,10229,1170.36,12317,1410.13,7795,892.19,7760,886.89,0,0.0,0,0.0,6308,725.61
3088,002886.SZ,20200803,17644,5567.1,22866,7252.75,26490,8373.33,28628,9073.38,20130,6403.22,17237,5482.13,10298,3317.55,5832,1852.94,18578,5927.07
3089,603988.SH,20200803,55210,10694.74,45381,8834.44,60629,11788.53,64452,12529.13,30779,6010.59,37046,7200.84,2887,570.23,2626,499.68,-262,2.62
3090,000504.SZ,20200803,3356,434.07,3176,410.73,4143,535.78,4917,636.08,5712,739.17,6322,815.45,3108,398.2,1905,244.96,-4468,-572.2
3091,600771.SH,20200803,41909,6349.69,46657,7093.64,66243,10045.5,70105,10648.09,62645,9519.5,67993,10323.93,38901,5923.15,24943,3772.17,-656,-62.53
3092,000635.SZ,20200803,16146,1298.17,22224,1790.33,23385,1882.62,22420,1805.33,18007,1450.78,14894,1197.71,2000,161.8,0,0.0,1227,100.84
3093,601595.SH,20200803,41994,6071.43,39307,5686.0,39748,5737.05,42881,6197.86,24528,3547.35,18582,2686.09,4793,697.86,10293,1483.74,27929,4055.07
3094,600787.SH,20200803,46772,2412.16,52256,2698.63,56901,2935.13,61410,3172.64,46175,2383.19,41968,2166.01,20431,1059.44,14645,752.64,6307,335.97
3095,002142.SZ,20200803,69626,20547.46,72191,21366.42,92313,27267.21,105731,31270.73,115046,33997.67,119577,35330.55,104866,31055.78,84352,24900.42,3504,1151.62
3096,603305.SH,20200803,17393,8184.82,29804,13999.41,34189,16054.3,44598,20967.24,43708,20506.51,32397,15214.9,15829,7458.91,4320,2022.99,18537,8873.24
3097,000936.SZ,20200803,70762,7854.51,71483,7942.33,94898,10535.59,84087,9337.09,76716,8524.81,84379,9365.34,11086,1232.41,13513,1502.55,12463,1404.09
3098,002273.SZ,20200803,157813,25580.24,134095,21777.63,217239,35236.29,187031,30351.89,187833,30479.79,221851,35998.82,77611,12633.43,97518,15801.41,2628,532.16
3099,001914.SZ,20200803,29579,10236.25,25666,8903.19,25877,8957.03,21983,7612.39,15324,5292.52,15040,5212.6,1902,664.98,9993,3422.62,10312,3574.74
3100,002607.SZ,20200803,35389,11273.83,26588,8481.42,34725,11069.43,38541,12285.09,21845,6963.05,26656,8492.96,7990,2553.36,8163,2600.21,-17909,-5690.33
3101,000027.SZ,20200803,81368,4734.94,100638,5857.31,105969,6166.46,102030,5932.66,110346,6419.48,94540,5495.32,40459,2357.12,40933,2392.7,68282,4005.8
3102,002836.SZ,20200803,18044,2266.76,23332,2934.99,14491,1816.91,22352,2802.61,19289,2416.32,10140,1274.16,5000,635.6,1000,123.84,12912,1629.98
3103,300297.SZ,20200803,153146,6409.89,133353,5577.56,166153,6938.59,160960,6722.54,113396,4730.61,149894,6260.38,20113,839.65,8601,358.25,113895,4758.14
3104,300451.SZ,20200803,52842,9417.88,57901,10332.72,96814,17273.21,99843,17810.4,64561,11514.81,65249,11630.16,21837,3895.28,13061,2327.9,5426,987.29
3105,603950.SH,20200803,15298,3785.25,14946,3699.74,23253,5753.5,20963,5188.57,10890,2697.32,14407,3564.35,1338,331.23,464,114.64,2703,671.53
3106,000158.SZ,20200803,103509,10032.75,125330,12156.39,150268,14573.69,169914,16474.4,131659,12778.31,129147,12533.69,51500,5000.74,12545,1221.01,45822,4458.93
3107,002967.SZ,20200803,13187,3635.85,10147,2800.75,8815,2431.93,9626,2655.78,5785,1595.88,4972,1370.62,948,261.81,3990,1098.33,1212,336.98
3108,300582.SZ,20200803,21635,3306.96,18950,2896.85,27153,4148.41,21538,3292.61,14048,2150.44,18128,2772.84,2969,455.48,7189,1098.99,-9720,-1472.57
3109,300598.SZ,20200803,9468,18105.75,12650,24109.78,13228,25225.09,16795,32023.28,19823,37836.2,16031,30573.37,12496,23847.04,9539,18307.65,4368,8493.08
3110,300752.SZ,20200803,5033,1309.62,4350,1132.22,6284,1635.86,5731,1491.75,1929,502.26,2841,739.65,465,120.57,789,204.7,1219,317.91
3111,600595.SH,20200803,18712,324.45,22828,396.26,37527,651.29,36164,627.76,9257,160.44,6504,112.17,0,0.0,0,0.0,4408,78.73
3112,601288.SH,20200803,402621,13014.82,439281,14191.82,613176,19828.65,524271,16942.51,474745,15345.31,504327,16300.46,611367,19752.7,634029,20506.69,-897976,-28957.6
3113,000613.SZ,20200803,46129,3437.92,58060,4330.6,48849,3644.04,47188,3519.73,22427,1674.34,15229,1136.74,4699,352.35,1626,121.55,-10447,-771.05
3114,002566.SZ,20200803,32354,2602.35,30068,2417.9,41554,3341.81,42225,3398.78,18466,1486.27,19283,1550.28,1336,107.68,2134,171.15,-4316,-342.53
3115,300181.SZ,20200803,162078,11598.89,159939,11484.4,190688,13670.02,188451,13507.78,138975,9982.05,143412,10261.52,25401,1837.55,25340,1834.83,-44352,-3074.63
3116,600227.SH,20200803,80199,2355.7,45537,1339.03,68885,2024.64,71965,2115.78,25619,753.03,65303,1916.75,8102,238.2,0,0.0,-929,-19.14
3117,603680.SH,20200803,9760,1185.09,8228,999.59,8405,1020.76,7106,863.32,4148,503.01,6207,752.2,828,100.44,1600,194.18,3620,438.93
3118,603729.SH,20200803,10252,1876.74,8649,1583.94,7809,1429.19,7519,1376.82,3228,591.26,4421,808.45,0,0.0,700,127.98,-572,-104.7
3119,601866.SH,20200803,193319,4132.28,275339,5889.32,219377,4677.88,267843,5722.42,192525,4111.86,198940,4236.96,199533,4270.2,62632,1343.52,158796,3399.09
3120,002374.SZ,20200803,37579,1085.51,44368,1284.82,42024,1214.49,34986,1011.5,22537,652.47,27282,786.53,4496,130.38,0,0.0,-5484,-154.83
3121,300038.SZ,20200803,49105,4206.67,50502,4333.99,86753,7436.27,83206,7137.44,82915,7111.91,80886,6928.23,10370,891.8,14549,1246.98,-5232,-438.18
3122,600035.SH,20200803,40618,1306.81,31964,1028.79,59629,1917.56,41017,1319.78,35122,1130.53,59652,1918.54,9300,299.46,12037,387.25,21641,701.23
3123,601997.SH,20200803,60480,4649.18,75496,5813.77,82756,6361.81,83151,6399.61,84742,6521.19,72162,5549.96,59933,4615.27,57101,4384.12,-20075,-1515.84
3124,002708.SZ,20200803,31579,2120.23,23931,1608.69,26216,1762.68,27147,1821.78,13649,918.53,20937,1409.11,570,38.13,0,0.0,16413,1105.05
3125,300169.SZ,20200803,20794,1938.91,26190,2440.94,40425,3769.07,33027,3082.97,28764,2685.93,26297,2452.76,15300,1425.56,19769,1842.8,-9280,-860.45
3126,300782.SZ,20200803,0,0.0,50,230.27,18088,82264.77,22793,103662.19,16066,73073.93,14413,65522.16,10978,49926.56,7876,35850.63,3735,17516.67
3127,600828.SH,20200803,63606,3068.83,65580,3172.21,64560,3112.95,60840,2934.78,32628,1578.88,31197,1501.29,4824,230.27,8000,382.64,11681,587.12
3128,603012.SH,20200803,53040,4221.66,66379,5282.99,76778,6115.56,71123,5663.18,51640,4107.85,46234,3683.34,10329,824.97,8051,640.54,26176,2085.37
3129,002029.SZ,20200803,22734,1305.57,24366,1402.49,38904,2235.49,35367,2034.85,27725,1594.28,16343,939.76,9762,563.96,23049,1322.21,5049,295.68
3130,600959.SH,20200803,54072,2091.27,81459,3154.76,61620,2384.56,58880,2278.67,57790,2237.22,50033,1934.8,23816,924.16,6925,268.97,35207,1369.83
3131,002314.SZ,20200803,107240,4680.82,158214,6984.65,156109,6852.05,191790,8487.08,158820,7084.26,113178,5051.87,60653,2779.59,19639,873.13,17464,897.24
3132,300346.SZ,20200803,65022,26337.4,86233,34977.22,119331,48435.91,123727,50228.28,112093,45505.62,96988,39324.53,41159,16686.96,30656,12435.87,20428,8386.7
3133,300500.SZ,20200803,5006,732.03,5094,745.26,7927,1159.98,6128,896.4,2784,407.23,3922,573.65,1000,146.3,1573,230.22,-897,-130.33
3134,600189.SH,20200803,46839,2012.24,57397,2468.49,58448,2511.51,77244,3319.26,57471,2470.65,35132,1509.96,7014,303.3,0,0.0,-4730,-196.4
3135,600343.SH,20200803,107226,10393.03,124978,12100.6,131176,12662.7,135462,13111.67,99916,9655.02,83334,8041.87,17837,1743.74,12381,1200.35,101195,9807.86
3136,300477.SZ,20200803,45162,3646.17,47973,3879.03,88824,7176.25,82659,6686.99,97287,7850.1,98126,7927.66,18285,1489.44,20800,1668.29,-20933,-1655.48
3137,300631.SZ,20200803,7994,1628.26,6093,1241.95,6827,1391.36,10185,2078.92,9012,1840.32,5971,1216.92,447,91.41,2031,413.57,3814,775.89
3138,000966.SZ,20200803,34223,1325.44,29664,1148.84,35950,1392.12,26315,1019.23,17942,694.82,25878,1001.8,0,0.0,6258,242.51,-11041,-424.32
3139,002506.SZ,20200803,556482,17201.53,464177,14368.0,668711,20682.35,618597,19142.31,596853,18469.37,653852,20226.65,251804,7795.43,337224,10411.73,-204450,-6215.08
3140,300121.SZ,20200803,40128,4181.21,44790,4681.55,32872,3432.38,27932,2913.9,18981,1994.27,16970,1772.61,0,0.0,2288,239.81,-10306,-1045.15
3141,603466.SH,20200803,13938,2686.39,16501,3181.97,21028,4053.6,16625,3204.17,7264,1399.59,9755,1879.49,650,126.05,0,0.0,-799,-149.06
3142,002637.SZ,20200803,58082,7869.72,59745,8054.63,76380,10304.69,82124,11094.63,77007,10342.37,71191,9588.94,16340,2190.84,14749,1969.42,41845,5620.6
3143,300098.SZ,20200803,82769,5500.28,102049,6789.56,107156,7123.24,122002,8113.61,123928,8243.98,103099,6853.66,33849,2256.26,20552,1366.92,53941,3598.11
3144,300252.SZ,20200803,43003,4809.75,54313,6075.8,60649,6776.91,64382,7197.41,42656,4763.36,34865,3898.58,10004,1124.04,2752,302.28,33088,3702.33
3145,002445.SZ,20200803,27822,536.27,41447,799.95,48105,928.52,70355,1359.77,53568,1037.11,49610,954.92,51917,1000.74,20000,388.0,-27257,-532.56
3146,300109.SZ,20200803,29085,5101.15,30305,5327.38,37505,6584.04,31570,5557.38,21974,3879.91,24970,4378.15,3939,691.56,5658,993.76,-15674,-2736.1
3147,600106.SH,20200803,29259,779.84,28601,762.86,45948,1224.69,43186,1150.7,32764,873.72,39813,1060.78,7819,207.99,4190,111.88,3858,105.51
3148,603608.SH,20200803,106614,11153.41,98811,10337.47,109555,11456.86,107232,11217.77,51927,5432.74,61990,6478.9,7533,785.09,7595,793.98,-5494,-535.82
3149,002576.SZ,20200803,24098,2945.48,33972,4154.38,34294,4190.37,31318,3824.12,20403,2492.69,13556,1656.33,51,6.3,0,0.0,8004,979.56
3150,002233.SZ,20200803,173814,27752.97,121409,19391.11,188281,30055.61,198287,31668.21,156755,25044.93,166391,26570.73,60847,9711.94,93610,14935.4,25185,4077.98
3151,002364.SZ,20200803,86072,13778.56,81019,12990.2,106594,17089.11,101016,16188.33,68260,10957.49,71685,11494.1,7745,1247.29,14951,2399.82,-14097,-2240.7
3152,600025.SH,20200803,86273,3299.37,48341,1850.09,81943,3134.12,63484,2430.0,95529,3651.53,89694,3432.74,71488,2733.25,133714,5105.44,-60771,-2307.72
3153,603527.SH,20200803,27403,3073.7,31593,3546.73,30677,3443.92,27066,3043.67,15670,1763.52,13954,1563.79,1000,111.98,2136,238.93,-1423,-149.48
3154,002495.SZ,20200803,49963,1380.48,49638,1372.58,50468,1394.78,54033,1493.25,24457,675.92,27673,764.18,13736,380.49,7280,201.66,-1657,-42.36
3155,300159.SZ,20200803,111874,6143.59,164004,9023.01,183353,10069.94,233970,12866.95,219452,12103.63,226564,12525.27,224436,12503.94,114576,6405.88,57731,3080.27
3156,300313.SZ,20200803,53336,2914.02,42227,2312.6,42092,2299.74,50133,2736.9,18678,1021.66,20280,1107.68,771,42.94,2237,121.17,29280,1602.8
3157,600156.SH,20200803,34356,1577.02,72842,3413.92,70072,3229.44,99534,4647.68,72879,3380.13,58019,2703.82,56089,2727.32,3000,148.5,-2494,-135.61
3158,600095.SH,20200803,389870,63080.5,199985,32411.39,401025,65014.45,308150,49986.18,219982,35695.42,331064,53737.47,95225,15606.52,266903,43261.86,-232179,-37385.67
3159,002768.SZ,20200803,31476,12119.18,34754,13399.93,43807,16871.97,44275,17060.4,29539,11404.1,32103,12370.33,13093,5057.06,6783,2621.64,2345,910.33
3160,002922.SZ,20200803,12668,1850.51,12030,1758.52,14397,2106.31,13646,1995.97,4544,664.56,6086,889.23,154,22.34,0,0.0,5015,736.85
3161,300383.SZ,20200803,84331,22851.56,117887,31977.54,145539,39459.34,154313,41837.24,157172,42620.75,155476,42164.28,76886,20873.1,36252,9825.69,44776,12200.76
3162,600348.SH,20200803,37855,1863.41,50824,2503.27,74326,3659.93,61089,3007.6,75566,3720.56,71546,3522.25,14690,724.91,18978,935.7,15950,795.37
3163,600502.SH,20200803,114542,5349.71,119399,5585.91,185532,8671.86,146825,6872.69,143286,6702.16,152293,7123.21,62211,2922.67,87054,4064.6,-78018,-3622.11
3164,002972.SZ,20200803,5876,1430.79,4941,1203.91,8489,2067.58,9097,2215.13,3200,780.09,3527,859.43,0,0.0,0,0.0,234,59.32
3165,300636.SZ,20200803,8825,3244.93,8956,3295.05,6252,2300.1,7018,2583.05,4871,1796.02,4338,1596.99,646,236.77,283,102.73,4691,1734.26
3166,600479.SH,20200803,48642,5157.79,57135,6065.44,63997,6785.43,77733,8246.59,69903,7415.81,56849,6029.72,13844,1475.85,4668,493.12,11231,1211.27
3167,600633.SH,20200803,67839,7651.77,116794,13292.59,119020,13456.32,141149,16064.14,106951,12148.08,102884,11724.45,109298,12683.77,42281,4858.75,10136,1015.58
3168,601326.SH,20200803,37521,1066.87,46196,1315.66,39516,1125.12,39587,1127.37,32443,923.28,27454,780.96,14205,406.19,10448,297.48,32432,929.15
3169,300767.SZ,20200803,7231,5932.98,7959,6538.35,10812,8873.08,9142,7513.63,8041,6607.69,7454,6121.5,2907,2388.77,4436,3629.04,-2584,-2102.03
3170,600310.SH,20200803,31826,1313.23,22673,936.0,30878,1274.05,32932,1360.06,21798,900.81,32849,1355.3,6917,286.36,2966,123.09,13722,569.89
3171,601003.SH,20200803,42786,2161.81,48394,2445.98,58196,2941.53,49713,2514.32,32694,1654.14,38318,1936.23,2748,139.05,0,0.0,6066,315.67
3172,603658.SH,20200803,12331,19477.9,12198,19278.25,15152,23931.95,10176,16087.24,8649,13672.17,12716,20077.16,5293,8358.26,6336,9997.63,-7380,-11630.75
3173,002780.SZ,20200803,13752,2489.9,18238,3309.34,14438,2616.41,19021,3449.52,19137,3471.28,10798,1960.18,6865,1254.57,6136,1113.13,4,4.89
3174,002829.SZ,20200803,27366,11029.78,30140,12115.7,46053,18561.8,43256,17462.52,30027,12105.2,31501,12706.64,10070,4046.31,8619,3458.23,26108,10521.38
3175,603198.SH,20200803,30399,6666.51,26618,5844.56,30537,6701.83,29609,6495.18,19866,4361.04,22839,5009.58,2195,482.1,3931,862.16,1030,236.8
3176,000983.SZ,20200803,58227,2479.23,80118,3413.6,86616,3688.56,106893,4554.0,100825,4292.94,81357,3464.9,69686,2971.95,46986,2000.18,29473,1272.64
3177,002369.SZ,20200803,34940,3141.03,47856,4305.87,61596,5537.03,64979,5843.93,51749,4656.38,39150,3522.17,9473,855.36,5773,517.83,19248,1740.14
3178,002523.SZ,20200803,32675,877.41,37129,997.56,44486,1194.64,44010,1181.83,28892,776.62,29913,803.28,5000,134.0,0,0.0,9544,258.37
3179,002654.SZ,20200803,57165,2555.71,62428,2793.6,64448,2882.02,68998,3088.54,49178,2198.26,46343,2073.81,12167,550.38,5189,230.43,-11526,-506.53
3180,300318.SZ,20200803,0,0.0,4696,516.55,0,0.0,4659,512.51,0,0.0,4325,475.75,16960,1865.61,3280,360.8,-16960,-1865.61
3181,600315.SH,20200803,22129,10280.9,26663,12386.81,26625,12376.12,24925,11607.81,18622,8674.38,18230,8482.9,7557,3533.52,5115,2387.39,-12797,-5927.54
3182,601008.SH,20200803,70393,2640.35,76272,2869.77,71082,2670.7,66020,2479.95,32912,1241.14,45929,1723.51,16835,634.14,3000,113.1,61714,2332.1
3183,603817.SH,20200803,17569,1186.85,19922,1347.55,17796,1203.51,18935,1279.59,9186,621.25,7631,515.99,1937,131.52,0,0.0,7769,527.23
3184,300411.SZ,20200803,60231,7252.77,80746,9778.38,85769,10338.04,96659,11732.04,64507,7842.71,63223,7713.94,69071,8589.89,38949,4799.04,-9877,-1186.75
3185,601101.SH,20200803,25413,1068.75,19918,838.77,35444,1491.7,32780,1379.75,13617,574.07,21775,916.0,0,0.0,0,0.0,9771,412.89
3186,002927.SZ,20200803,27672,3861.9,27081,3780.73,33715,4706.24,29735,4151.05,10935,1526.04,13851,1931.55,29,4.05,1684,234.9,-6606,-916.57
3187,300388.SZ,20200803,32851,3402.92,36209,3754.59,58957,6100.46,51608,5351.53,51204,5310.2,42174,4364.71,12243,1266.63,25264,2609.37,36876,3818.1
3188,002292.SZ,20200803,123712,12719.79,144474,14815.39,189635,19416.08,197859,20235.02,151007,15471.17,145175,14901.69,62869,6445.14,39715,4100.09,139621,14363.61
3189,300110.SZ,20200803,281317,13490.54,237765,11409.94,358050,17184.81,333699,16001.01,274787,13169.49,286237,13731.04,56634,2730.9,113086,5433.75,63703,3120.83
3190,002626.SZ,20200803,160666,97546.95,91238,55885.47,233884,142424.96,200398,122163.27,237418,144935.8,252403,154096.8,193440,118343.25,281368,171105.41,-59326,-34833.5
3191,300087.SZ,20200803,49000,8718.42,62432,11146.25,87277,15542.25,88929,15874.02,72826,13008.52,62762,11203.97,25905,4657.72,20885,3702.68,-3994,-701.49
3192,300241.SZ,20200803,148686,14336.96,71736,6977.15,227733,22058.33,183342,17798.68,197944,19234.2,246301,23905.16,35664,3430.03,108649,10378.53,-158825,-15221.88
3193,600084.SH,20200803,23460,562.57,9894,237.74,39744,953.05,16724,401.63,11728,281.57,42314,1014.85,0,0.0,6000,142.97,-6542,-154.48
3194,603586.SH,20200803,11145,2148.21,16254,3136.97,11793,2276.7,9210,1778.7,5492,1063.48,3519,680.56,553,107.84,0,0.0,2349,459.83
3195,002757.SZ,20200803,24115,4803.89,23125,4609.38,31551,6286.52,28716,5723.46,15970,3184.13,18661,3718.98,1671,332.58,2805,555.3,-2273,-443.44
3196,600928.SH,20200803,46989,2667.5,55736,3167.66,65181,3701.94,62287,3540.24,52292,2971.63,32202,1826.83,4000,227.4,18236,1033.73,12090,696.63
3197,000589.SZ,20200803,121190,6744.08,138020,7719.06,167933,9362.67,158207,8820.04,112608,6286.17,107197,5942.66,27608,1546.37,25915,1457.53,15047,812.33
3198,002080.SZ,20200803,102425,21341.27,110782,23171.21,185497,38763.91,138028,28890.2,161674,33702.21,127799,26608.07,65949,13700.21,138937,28838.12,-24236,-4821.69
3199,002129.SZ,20200803,160751,40474.43,175987,44348.42,251840,63418.69,260382,65587.88,322076,81144.63,297936,75072.64,200060,50400.41,200422,50429.21,5410,1609.92
3200,300017.SZ,20200803,164099,15009.76,215194,19719.19,268715,24578.3,293286,26850.09,276920,25367.95,239510,21931.75,145964,13373.09,107707,9828.07,73710,6815.43
3201,603516.SH,20200803,10144,3834.74,10770,4063.98,9768,3688.1,12464,4704.67,8645,3252.23,6292,2377.53,1254,477.25,286,106.14,9442,3582.49
3202,002484.SZ,20200803,55664,5683.41,55615,5685.79,57449,5859.11,64229,6558.17,57995,5935.91,42651,4358.07,5037,515.84,13650,1392.24,3672,389.07
3203,300148.SZ,20200803,151183,8814.15,175057,10255.85,295790,17261.45,270971,15864.71,278249,16246.17,304586,17761.95,136286,7997.98,110895,6437.25,60888,3632.17
3204,300302.SZ,20200803,31056,4453.05,28458,4086.91,40631,5826.38,40325,5790.54,30814,4425.64,33395,4786.15,9013,1292.79,9336,1334.26,16190,2330.86
3205,600145.SH,20200803,112853,1602.11,118838,1695.14,133813,1900.81,126627,1805.52,73840,1058.13,75041,1060.4,0,0.0,0,0.0,-1673,18.6
3206,603801.SH,20200803,13469,3938.83,11751,3439.03,13077,3825.11,12036,3519.99,10129,2962.85,10138,2964.91,3150,921.7,5900,1724.57,306,90.76
3207,000009.SZ,20200803,253384,21776.2,296681,25526.48,398317,34233.83,388770,33433.08,429006,36892.43,402439,34605.1,214712,18520.29,207529,17858.1,111660,9718.64
3208,002911.SZ,20200803,12064,1999.5,13993,2321.37,13389,2219.39,11322,1878.23,3683,609.31,3035,501.99,414,68.02,1200,194.64,4190,691.13
3209,600418.SH,20200803,208449,19765.15,249332,23720.86,258030,24500.08,285419,27097.18,248999,23691.32,227789,21635.16,96393,9177.86,49330,4681.22,86643,8309.39
3210,603871.SH,20200803,8321,2234.21,16009,4344.29,12640,3408.04,15928,4305.51,9985,2692.66,9650,2617.3,14431,3963.7,3791,1031.51,-1784,-510.38
3211,002888.SZ,20200803,7471,1678.32,8709,1957.06,9376,2107.87,10253,2304.84,6503,1462.34,5036,1133.06,649,146.44,0,0.0,983,227.47
3212,300706.SZ,20200803,12321,3928.5,13167,4202.57,18878,6022.74,17412,5551.47,10451,3335.45,11714,3738.08,1793,573.53,1149,368.1,3922,1260.88
3213,600337.SH,20200803,92786,4779.95,65102,3353.58,112028,5762.81,138054,7114.26,119782,6176.17,132508,6828.76,33522,1733.59,22454,1155.91,32564,1693.39
3214,603790.SH,20200803,12020,1679.09,12396,1733.07,13176,1839.91,15993,2236.84,6905,967.39,6069,847.43,2357,330.95,0,0.0,41,5.42
3215,603839.SH,20200803,26988,3970.01,27863,4100.88,41608,6124.18,42541,6262.48,22879,3370.55,21072,3101.38,700,103.04,700,103.04,-19988,-2933.85
3216,688586.SH,20200803,57444,27512.29,96386,45422.1,155680,73300.88,154845,72641.2,245209,114799.32,248978,116956.52,131087,61019.88,89211,41612.55,44049,20396.04
3217,002961.SZ,20200803,10709,3264.01,11044,3376.03,11093,3387.0,12003,3663.64,5181,1586.0,4784,1458.29,857,263.68,9,2.72,2753,846.04
3218,300625.SZ,20200803,10413,1746.71,9066,1522.22,7617,1278.27,8821,1479.79,2896,486.71,3040,509.68,0,0.0,0,0.0,172,28.95
3219,600468.SH,20200803,80068,4519.53,83683,4729.39,111087,6274.77,101414,5726.71,60063,3387.33,70770,3990.06,14649,824.13,10000,559.6,12955,748.14
3220,600622.SH,20200803,54299,2324.18,50968,2184.43,78714,3366.58,76644,3283.6,70337,3015.16,70675,3022.76,3000,129.7,8064,344.83,-4323,-181.89
3221,300756.SZ,20200803,3159,702.96,3086,687.45,2218,494.44,2271,505.24,843,187.17,863,191.88,0,0.0,0,0.0,552,123.69
3222,002818.SZ,20200803,41333,6284.91,45285,6885.17,37715,5731.21,52582,8007.26,33586,5119.47,18578,2822.06,4611,700.37,800,121.46,17613,2679.04
3223,300279.SZ,20200803,50863,2869.36,45588,2578.5,42398,2396.19,54681,3086.31,20809,1178.16,20392,1151.79,9591,540.61,3000,167.7,31164,1766.94
3224,300433.SZ,20200803,227714,78754.7,230740,79930.52,309552,106996.29,314646,108945.87,331868,114733.03,334069,115607.65,325746,112722.68,315425,108722.66,-14567,-4676.43
3225,600276.SH,20200803,125170,115947.06,62032,57562.67,192304,178221.39,134016,124305.87,180156,167040.14,195682,181423.24,142348,131976.41,248248,229893.21,-51808,-47924.64
3226,603329.SH,20200803,12991,1852.25,11677,1664.84,13444,1918.39,11220,1599.15,3065,439.91,4387,627.45,0,0.0,2216,319.1,7090,1016.53
3227,002297.SZ,20200803,81437,6140.11,96901,7319.05,83893,6330.96,86732,6542.3,54033,4080.22,53301,4009.7,20474,1538.24,2903,218.47,31177,2371.8
3228,002451.SZ,20200803,23561,1816.4,26738,2061.91,25575,1972.35,26100,2012.55,11972,923.37,8515,657.17,3442,266.13,3198,246.63,6641,511.32
3229,300115.SZ,20200803,69477,16823.47,68531,16611.79,90903,22020.77,87972,21311.95,91178,22095.36,90007,21797.02,17431,4224.31,22478,5443.16,-20935,-5034.33
3230,600112.SH,20200803,13384,227.2,14478,245.99,14293,243.25,12401,210.89,2118,36.01,2916,49.58,0,0.0,0,0.0,6106,104.78
3231,002582.SZ,20200803,39681,5154.83,36488,4742.82,59443,7722.39,49707,6460.0,67421,8759.77,76182,9898.99,22415,2915.32,26583,3450.5,10104,1328.14
3232,300246.SZ,20200803,22968,9060.31,24520,9700.35,27565,10891.82,30058,11873.9,25043,9918.02,17911,7075.2,3673,1442.59,6760,2663.29,-6249,-2418.46
3233,300400.SZ,20200803,27786,4734.93,25699,4383.2,43766,7459.54,34549,5890.73,23637,4029.28,30303,5162.48,623,106.35,5261,893.69,-7488,-1265.17
3234,600089.SH,20200803,402994,34736.54,340918,29438.37,546004,47115.38,500616,43246.12,553151,47758.56,518543,44796.8,254247,22059.87,396317,34189.06,-230335,-19688.75
3235,000809.SZ,20200803,18033,416.17,22350,516.19,26391,609.19,25330,585.06,11811,272.85,13240,306.1,4684,109.14,0,0.0,679,18.63
3236,002146.SZ,20200803,73322,6080.09,72269,5998.57,112387,9320.77,79580,6605.41,139182,11545.96,114407,9494.32,67575,5598.54,126211,10447.05,-12488,-1005.7
3237,002300.SZ,20200803,46429,2985.84,55461,3570.28,57158,3678.24,55243,3556.54,39338,2535.3,32822,2110.84,2600,165.88,2000,127.6,38428,2475.96
3238,603260.SH,20200803,16426,5176.55,14637,4617.88,25959,8184.04,24792,7818.64,16535,5215.48,16159,5089.69,2236,705.41,5568,1755.25,-276,-79.63
3239,603309.SH,20200803,63793,10837.13,64934,11054.25,78808,13366.32,83925,14246.75,49974,8485.55,51570,8748.44,12898,2212.74,5044,852.31,15661,2711.04
3240,002277.SZ,20200803,141081,6850.75,144543,7025.08,210007,10194.94,205999,10006.16,160489,7803.19,172733,8394.27,36222,1763.6,24524,1186.97,35344,1748.07
3241,002431.SZ,20200803,114851,4645.62,144667,5900.61,140260,5687.4,162800,6648.99,159247,6471.58,160727,6516.39,129211,5280.47,75375,3019.08,47217,2042.96
3242,002562.SZ,20200803,219402,16361.91,184261,13758.66,234817,17518.0,221027,16493.45,148718,11104.83,188278,14039.89,26462,1973.95,35832,2666.7,-16743,-1196.58
3243,300226.SZ,20200803,5103,3965.66,7364,5728.36,7602,5910.71,7329,5701.36,9181,7148.11,7132,5547.11,2746,2136.33,2807,2183.99,-1304,-995.03
3244,600069.SH,20200803,133649,255.29,190247,360.38,431244,821.36,354646,676.28,0,0.0,20000,40.0,0,0.0,0,0.0,-154382,-284.64
3245,600223.SH,20200803,115963,17840.95,78331,12102.88,132886,20503.73,120878,18671.63,119146,18421.97,128432,19818.72,35386,5464.54,75741,11637.97,-62890,-9552.76
3246,603725.SH,20200803,9776,818.36,10420,874.57,11823,993.16,10310,864.93,3728,313.22,4598,385.24,0,0.0,0,0.0,1145,100.2
3247,002693.SZ,20200803,48027,2687.5,55259,3095.35,49992,2800.08,50689,2838.21,29997,1683.18,22202,1244.67,134,7.46,0,0.0,-11901,-659.54
3248,600599.SH,20200803,6497,334.3,5788,297.96,10018,515.24,6304,324.17,4148,213.57,6621,340.55,0,0.0,1950,100.43,-1196,-60.89
3249,600753.SH,20200803,29388,3276.51,29376,3264.73,27528,3056.49,26749,2976.89,10443,1169.24,12129,1360.69,895,100.06,0,0.0,16679,1859.19
3250,601600.SH,20200803,253616,8418.85,346974,11550.32,349362,11591.24,401826,13360.89,422990,14032.22,477950,15875.69,505620,16855.41,304838,10110.84,190611,6410.69
3251,000617.SZ,20200803,32123,2404.0,29326,2195.95,35039,2625.29,29640,2218.0,29962,2243.58,40560,3038.15,3801,284.44,1399,105.2,7016,530.14
3252,603187.SH,20200803,26247,14897.56,26078,14862.35,39807,22702.28,34156,19477.68,22021,12596.66,23723,13483.89,4651,2643.08,8770,5015.66,5770,3417.52
3253,000972.SZ,20200803,10319,278.52,11656,314.91,21586,582.68,15920,429.84,3464,93.52,7793,209.98,0,0.0,0,0.0,4842,132.11
3254,002358.SZ,20200803,133230,7908.85,134880,8008.6,157072,9308.81,145067,8619.24,93951,5560.76,108750,6464.22,33279,2017.21,28836,1703.56,22489,1341.17
3255,002512.SZ,20200803,77618,4214.66,88748,4826.23,94753,5142.32,111980,6077.09,68220,3705.1,69252,3757.36,36383,1977.13,6995,378.52,56300,3068.08
3256,600019.SH,20200803,141626,7011.56,133960,6631.47,196596,9732.78,169185,8375.93,200158,9906.91,178637,8843.75,73558,3642.82,130157,6442.92,-71543,-3520.33
3257,688268.SH,20200803,6804,6588.21,4930,4807.9,18276,17740.1,13363,12989.31,12636,12297.77,16244,15775.53,2915,2864.33,6095,5917.67,1722,1696.15
3258,002489.SZ,20200803,173661,8796.53,235017,11920.54,271692,13772.54,279394,14148.72,201074,10189.24,172854,8743.94,85846,4342.05,45008,2287.16,200702,10175.67
3259,002643.SZ,20200803,46137,8435.27,56182,10282.13,64333,11753.16,56789,10375.27,56808,10380.38,63669,11633.2,16023,2942.04,6661,1220.25,16197,2995.84
3260,300307.SZ,20200803,93114,6395.97,79878,5499.46,106338,7299.24,109319,7507.87,72257,4969.73,83007,5685.84,16486,1123.76,15992,1095.54,35619,2503.12
3261,600243.SH,20200803,4626,120.62,5155,134.31,3825,99.77,3449,90.07,1153,29.98,1000,25.99,0,0.0,0,0.0,-1365,-35.35
3262,002916.SZ,20200803,13485,21183.17,16456,25886.25,25409,39923.64,25109,39481.72,21644,34018.18,19742,31011.45,8804,13875.0,8034,12620.57,-296,-431.47
3263,300377.SZ,20200803,41154,4081.22,50455,5012.72,73548,7301.85,86029,8544.5,74565,7413.61,69197,6886.69,24647,2460.56,8233,813.32,28443,2842.28
3264,600354.SH,20200803,24100,1128.91,10541,494.18,37786,1770.49,28117,1317.65,22114,1036.56,35700,1673.15,0,0.0,9642,450.98,-12444,-580.71
3265,603856.SH,20200803,41944,6797.46,32970,5354.88,33837,5488.02,31853,5169.31,11021,1793.45,22068,3570.89,785,128.35,696,112.2,-6833,-1100.32
3266,300488.SZ,20200803,6207,1063.6,5144,882.33,4529,776.73,5366,919.97,1387,237.82,1612,275.84,0,0.0,0,0.0,703,121.22
3267,300642.SZ,20200803,5610,3178.6,6536,3713.12,8146,4620.67,7504,4258.73,8128,4617.36,7394,4189.36,558,316.39,1008,571.8,1452,817.86
3268,603987.SH,20200803,55463,12263.95,27788,6145.07,78355,17326.77,58352,12891.96,72353,16015.48,73880,16329.46,84295,18689.92,130446,28929.64,-47080,-10486.65
3269,000503.SZ,20200803,34029,4489.82,30421,4016.41,48819,6440.74,43351,5722.61,42107,5561.83,45893,6056.89,7572,999.94,12862,1696.42,-3074,-394.25
3270,300773.SZ,20200803,33971,12477.81,30316,11162.93,54791,20134.43,47330,17400.47,50834,18702.34,66843,24575.9,30050,11085.69,25156,9260.96,12192,4517.74
3271,600770.SH,20200803,70455,4195.13,83044,4951.96,103907,6191.96,84497,5037.06,79743,4759.41,84333,5027.57,10536,631.45,12767,761.35,-5152,-298.93
3272,600819.SH,20200803,33738,1691.58,30016,1508.18,42806,2145.56,49567,2487.3,42388,2127.13,34141,1710.38,16792,848.28,22000,1106.7,17729,892.19
3273,603003.SH,20200803,46936,4610.24,41985,4128.22,68502,6733.64,73618,7237.41,31986,3139.43,26431,2594.14,5280,522.72,10670,1046.26,-4281,-412.94
3274,002305.SZ,20200803,96048,2527.15,83402,2197.23,101821,2681.52,91952,2421.34,49202,1296.09,76362,2010.49,31703,836.06,27058,711.76,42456,1132.32
3275,603379.SH,20200803,12516,2900.11,12516,2903.62,15527,3602.92,15938,3698.16,8861,2061.53,7955,1847.58,0,0.0,495,115.2,45,6.4
3276,603806.SH,20200803,12296,8762.66,12743,9099.55,12866,9178.56,13634,9735.74,14115,10082.45,13490,9620.78,8881,6355.58,8292,5923.17,255,215.2
3277,688399.SH,20200803,33,132.34,96,381.77,8097,32036.68,7252,28786.78,6941,27529.25,8055,31917.95,3040,12082.7,2707,10694.48,426,1772.47
3278,002774.SZ,20200803,22595,1748.56,20037,1553.32,19385,1500.85,24441,1892.27,11389,882.57,10571,817.35,1680,130.97,0,0.0,9953,775.21
3279,300438.SZ,20200803,35096,6660.41,42445,8075.06,46772,8871.37,57630,10949.26,50225,9541.45,34589,6556.55,13300,2540.36,10728,2032.72,3092,613.54
3280,600435.SH,20200803,101547,9431.82,204000,19252.89,171548,15951.07,241639,22747.97,138444,12943.12,173041,16320.15,238170,22923.77,31030,2928.77,93857,8579.64
3281,601128.SH,20200803,83512,6325.97,100588,7630.94,109295,8292.94,101151,7674.36,108319,8224.43,98115,7444.4,11356,861.76,12628,955.4,-1060,-46.26
3282,603937.SH,20200803,13799,1709.7,15253,1890.8,14472,1793.96,12911,1599.08,7091,879.45,6197,768.54,0,0.0,1000,124.7,4008,498.7
3283,000096.SZ,20200803,11526,1512.4,12881,1694.26,13349,1751.94,10419,1369.53,8654,1135.75,8185,1069.43,733,94.78,2777,361.64,3031,406.52
3284,300569.SZ,20200803,47953,5270.28,54134,5964.96,76963,8472.33,66144,7277.16,51430,5647.89,57316,6290.26,6530,727.97,5282,586.09,-11917,-1282.76
3285,300723.SZ,20200803,2685,1384.76,5818,3052.36,3419,1764.98,9512,4979.89,6594,3457.77,5371,2803.16,10035,5282.57,2032,1054.67,932,474.28
3286,600566.SH,20200803,28911,7443.72,30378,7831.7,27365,7048.47,36270,9343.67,26678,6879.88,22006,5667.47,11079,2856.08,5380,1385.31,10073,2605.11
3287,600720.SH,20200803,98714,20955.93,66248,14082.6,111080,23605.01,111324,23661.36,77199,16424.72,84859,18047.29,19177,4083.88,43739,9278.28,-74308,-15712.64
3288,002852.SZ,20200803,43872,9709.43,50234,11172.29,60780,13475.89,56964,12622.94,37321,8302.9,36391,8049.47,6207,1384.5,4592,1028.03,-1962,-408.65
3289,300516.SZ,20200803,8424,2813.82,8988,3004.73,11072,3698.19,11814,3948.91,5882,1975.0,4915,1648.06,649,217.01,310,102.3,5380,1800.69
3290,000573.SZ,20200803,25418,838.12,89751,3024.7,45723,1506.18,90738,3050.16,80434,2689.16,63760,2125.33,126613,4312.29,33939,1145.56,-52664,-1782.69
3291,002113.SZ,20200803,35818,493.48,38180,526.75,44135,608.76,45531,626.97,15732,216.42,11975,164.94,0,0.0,0,0.0,-14743,-199.46
3292,600889.SH,20200803,22547,1648.87,21895,1603.83,27343,1999.18,23876,1749.41,29043,2126.05,32993,2414.25,32977,2417.2,33146,2423.8,45566,3337.26
3293,688023.SH,20200803,48,136.31,74,215.12,3194,9252.91,4153,12070.83,4393,12687.54,3797,11002.71,2015,5947.29,1626,4735.39,1929,5638.99
3294,002244.SZ,20200803,57130,2716.91,90008,4277.12,73505,3493.7,72112,3430.87,77312,3676.05,57440,2730.95,37386,1775.9,25773,1223.62,-56322,-2661.64
3295,002375.SZ,20200803,43555,6727.22,43664,6767.88,52112,8074.67,62288,9649.19,43196,6690.96,36636,5673.83,10770,1681.95,7045,1083.89,-42375,-6541.58
3296,300039.SZ,20200803,71948,4102.66,60766,3469.66,80911,4614.98,81776,4664.61,52942,3022.65,68643,3915.42,22279,1274.62,16894,965.21,338,28.95
3297,600036.SH,20200803,168879,58982.79,111272,38935.14,235222,82237.35,272193,95152.28,308957,108075.83,352004,123059.34,308800,108060.54,286389,100209.74,-195396,-68103.02
3298,601998.SH,20200803,69321,3592.27,92744,4803.19,97914,5073.53,68914,3572.54,77211,4001.06,61365,3177.99,67136,3475.59,88560,4588.74,-35315,-1817.67
3299,603538.SH,20200803,27528,12818.39,21837,10167.62,28901,13415.59,34033,15857.2,20853,9731.48,22078,10259.78,5731,2688.15,5065,2369.02,11096,5209.07
3300,600795.SH,20200803,137664,2828.7,270693,5552.88,155454,3192.1,234383,4809.07,241005,4948.87,176473,3617.6,291692,5972.59,144265,2962.72,184549,3814.81
3301,603028.SH,20200803,18510,2260.82,18915,2313.38,22261,2720.96,30101,3676.24,22717,2783.1,16860,2064.47,3388,411.29,1000,122.07,3517,428.29
3302,600359.SH,20200803,95866,9467.15,70898,7010.99,102457,10118.53,94626,9351.43,54513,5389.26,85936,8480.14,9553,944.92,10929,1077.3,21496,2143.59
3303,600513.SH,20200803,97136,12579.79,89658,11635.13,103936,13477.14,107753,13975.37,61511,7988.01,71132,9220.63,15417,2012.1,9457,1225.9,-24283,-3107.31
3304,002983.SZ,20200803,13254,6459.97,13594,6639.01,16539,8067.75,16720,8151.31,7867,3847.67,8026,3921.9,2062,1007.81,1381,670.99,2473,1195.19
3305,300647.SZ,20200803,40040,3791.29,46567,4415.18,47571,4507.71,48814,4626.63,31243,2963.09,24432,2313.6,4023,382.91,3064,289.59,-11106,-1043.3
3306,300801.SZ,20200803,13596,3249.36,11006,2633.81,21472,5134.18,19029,4550.49,11032,2639.87,15835,3784.64,933,221.64,1164,276.1,699,171.54
3307,600644.SH,20200803,20954,1155.93,17810,983.26,20394,1126.11,23421,1293.09,9934,549.4,7551,417.09,0,0.0,2500,138.0,1035,57.92
3308,300778.SZ,20200803,3047,1402.02,7113,3291.18,7098,3254.71,10302,4754.64,9692,4451.4,7367,3407.8,7722,3623.27,2778,1277.78,6938,3228.65
3309,600775.SH,20200803,65458,5642.01,75204,6495.85,77757,6714.02,89126,7684.95,56621,4897.71,40538,3509.82,11911,1032.88,6878,596.0,45093,3876.0
3310,603008.SH,20200803,31457,3884.11,28078,3470.64,27530,3403.04,26725,3303.77,21457,2654.44,23402,2892.07,895,110.17,3134,385.28,-9825,-1208.7
3311,000590.SZ,20200803,14066,1536.16,12124,1327.42,14318,1568.36,15846,1733.09,8248,903.05,7662,837.15,0,0.0,1000,109.9,3790,415.43
3312,000639.SZ,20200803,117031,8046.83,130542,9009.61,146270,10067.47,150400,10367.47,113485,7829.61,106145,7300.48,30267,2098.88,19966,1365.23,31755,2237.55
3313,600129.SH,20200803,32155,5560.8,16542,2865.08,33094,5728.11,25031,4336.73,21130,3661.76,31426,5437.46,8499,1471.26,21879,3782.66,-11545,-1995.71
3314,002599.SZ,20200803,42826,1900.08,43841,1950.55,50451,2240.1,42991,1910.5,22370,996.68,39322,1742.85,10507,467.04,0,0.0,29189,1296.74
3315,002753.SZ,20200803,13454,1107.47,15072,1241.79,11396,938.73,15403,1268.61,10216,842.65,3331,274.25,0,0.0,1260,104.2,8982,741.22
3316,300417.SZ,20200803,9482,1791.1,11582,2192.02,12243,2313.9,12514,2366.0,7465,1415.42,5886,1112.05,792,149.67,0,0.0,6819,1289.73
3317,601107.SH,20200803,19129,690.32,22013,794.83,23079,833.18,26741,965.1,18543,669.22,15998,577.33,4000,144.54,0,0.0,15025,545.1
3318,603916.SH,20200803,27619,8436.73,27397,8333.65,23817,7240.48,23190,7050.17,20183,6142.6,15431,4700.39,3805,1142.04,9406,2877.63,16214,4955.7
3319,002884.SZ,20200803,13464,2364.8,14365,2529.68,15910,2796.61,16380,2878.65,9606,1691.29,8351,1465.08,1674,293.79,1557,273.08,1892,343.73
3320,300548.SZ,20200803,10180,6461.19,9466,6014.51,12146,7713.2,9003,5718.37,9330,5918.8,10983,6972.1,1830,1171.19,4034,2559.4,228,164.02
3321,300702.SZ,20200803,11578,12348.73,9202,9818.69,6776,7228.57,8370,8920.48,3172,3386.84,5623,5993.37,2324,2472.4,656,704.0,3711,4003.45
3322,600545.SH,20200803,170258,9303.85,106405,5880.88,245211,13436.5,229922,12678.36,210055,11526.13,99620,5487.18,55363,3038.19,244939,13258.26,-221968,-11987.58
3323,601238.SH,20200803,125615,13827.04,147423,16257.5,182222,20051.83,141587,15579.02,130287,14325.58,131661,14476.56,35201,3882.5,52654,5773.86,-19844,-2187.86
3324,000409.SZ,20200803,11330,481.11,11020,468.17,22431,952.21,21551,915.54,14968,635.65,16159,685.26,0,0.0,0,0.0,6783,288.88
3325,300679.SZ,20200803,19945,6633.31,19684,6540.08,23909,7949.35,33486,11112.97,22664,7517.12,21215,7059.92,12031,4003.85,4164,1390.66,8321,2734.2
3326,002020.SZ,20200803,78041,11816.71,83151,12601.45,115241,17455.83,108400,16438.07,98094,14871.96,84338,12777.5,31529,4799.64,47016,7127.12,-4076,-577.91
3327,300799.SZ,20200803,2624,2454.24,2834,2655.63,4255,3983.86,3952,3697.89,2369,2217.01,2376,2220.35,37,34.8,123,116.03,-407,-379.43
3328,600796.SH,20200803,27207,1589.05,23965,1400.71,26759,1564.08,26867,1570.32,21952,1282.87,27138,1585.39,4500,263.05,2448,142.62,309,21.97
3329,603029.SH,20200803,5230,852.95,4825,787.84,6521,1063.83,6220,1014.42,2283,373.16,2339,381.48,0,0.0,650,106.2,230,39.82
3330,002287.SZ,20200803,20389,8282.53,16876,6862.81,27945,11367.68,27174,11062.47,23101,9396.56,24819,10108.15,15838,6471.37,18403,7484.71,-12050,-4862.67
3331,002441.SZ,20200803,27613,2408.99,25500,2226.28,40725,3553.84,39773,3470.84,21775,1900.95,25111,2190.84,1500,131.1,1229,106.92,778,70.74
3332,300105.SZ,20200803,19925,879.39,23114,1024.12,32311,1428.52,32883,1455.79,22410,994.7,11661,515.58,0,0.0,6988,307.12,11484,510.48
3333,002572.SZ,20200803,37399,8834.68,48247,11408.83,60470,14293.38,61329,14495.25,42481,10046.87,33126,7829.97,14138,3338.33,11786,2779.21,16907,4014.2
3334,300236.SZ,20200803,29552,19173.91,39368,25585.4,58258,37783.66,58272,37868.15,62667,40675.69,52938,34356.63,31639,20530.57,31538,20353.66,3495,2358.84
3335,600079.SH,20200803,47188,15572.8,41893,13899.6,59116,19569.18,54793,18169.98,52705,17464.45,63068,20852.95,27032,9000.78,26288,8684.67,17796,5897.78
3336,600233.SH,20200803,42053,6476.21,39477,6094.85,55929,8622.43,52172,8042.08,36974,5698.82,41683,6411.48,9259,1429.58,10883,1678.62,189,59.64
3337,002906.SZ,20200803,23706,5035.95,29265,6228.99,26211,5581.92,22450,4784.64,14913,3175.19,13115,2802.19,1600,345.01,1600,322.26,13357,2857.49
3338,300367.SZ,20200803,169738,6646.64,145404,5750.59,208814,8201.58,211866,8349.6,171395,6761.99,159265,6253.84,64572,2570.87,97984,3827.06,-41435,-1484.24
3339,300838.SZ,20200803,12878,3362.31,12932,3387.2,15382,4025.09,15579,4072.21,7136,1872.19,6422,1680.21,512,132.97,974,252.95,630,173.14
3340,600835.SH,20200803,12774,2251.02,12454,2195.57,14212,2504.59,12568,2215.36,7852,1383.26,10494,1848.61,3055,538.97,2377,418.28,3196,564.31
3341,000650.SZ,20200803,132685,9211.23,172011,11949.03,157160,10897.27,164662,11426.58,148212,10270.22,165140,11448.76,97152,6762.0,33396,2316.34,92695,6451.82
3342,002036.SZ,20200803,85297,10209.7,106386,12786.86,117231,14029.82,124920,14985.74,110071,13214.4,109536,13117.8,64017,7724.31,35774,4287.83,48301,5857.71
3343,600966.SH,20200803,45430,5694.43,36255,4552.32,52616,6599.38,48827,6132.11,54497,6844.39,50243,6301.23,16453,2065.18,33671,4217.71,-10089,-1242.82
3344,688100.SH,20200803,4412,1164.48,6404,1691.27,9315,2462.05,7797,2059.58,6678,1764.23,5793,1530.76,0,0.0,410,109.14,2353,627.59
3345,002167.SZ,20200803,151809,10509.07,109882,7637.66,184433,12784.84,162684,11288.92,170378,11831.13,229210,15907.97,240093,16751.21,244935,17041.69,66329,4552.31
3346,002321.SZ,20200803,76629,3286.77,83247,3571.78,93820,4020.83,97781,4190.93,75111,3222.0,71699,3074.06,18605,797.72,11438,490.55,36388,1560.88
3347,688077.SH,20200803,8210,5787.44,10586,7483.74,23990,16918.91,23930,16890.29,26583,18775.41,23785,16786.33,3694,2620.47,4176,2941.87,4882,3490.87
3348,002298.SZ,20200803,145463,16247.31,183084,20431.1,217805,24296.41,212790,23775.98,219951,24550.22,178615,19953.84,80578,9053.51,89308,9986.54,71505,8069.77
3349,002452.SZ,20200803,58091,4374.43,42736,3222.55,69353,5225.6,68753,5183.47,35365,2665.92,53630,4034.85,6010,454.34,3700,279.42,-37932,-2849.99
3350,300116.SZ,20200803,174874,2831.83,220777,3583.74,242962,3940.04,256867,4165.65,173578,2815.17,237019,3841.23,160991,2615.92,37743,612.34,205055,3344.49
3351,000603.SZ,20200803,90557,16591.99,82048,15063.86,117842,21604.74,127633,23390.36,93798,17204.03,85122,15607.84,16397,3006.29,23791,4344.98,-24783,-4420.24
3352,600870.SH,20200803,21643,648.14,12074,362.42,29191,874.03,29244,876.44,9828,295.4,19344,578.71,0,0.0,0,0.0,-12867,-382.92
3353,600919.SH,20200803,97081,5901.96,119965,7294.29,148498,9027.95,142227,8650.06,119056,7240.01,79560,4838.57,52566,3194.92,75449,4581.92,-46889,-2831.0
3354,603103.SH,20200803,26563,5368.21,31986,6459.31,36264,7311.08,35704,7209.24,29392,5948.61,18122,3672.87,20406,4165.69,26813,5452.17,28872,5883.61
3355,002071.SZ,20200803,64997,1067.03,56834,935.08,61738,1012.41,49384,810.91,30182,496.39,40849,669.75,0,0.0,9850,160.09,-5739,-87.23
3356,002405.SZ,20200803,169816,32822.32,207639,40192.83,281546,54424.27,294325,56906.69,278461,53850.44,270700,52365.31,205839,39935.64,163000,31567.83,101038,19738.38
3357,300134.SZ,20200803,27093,3888.36,29362,4216.5,45613,6550.34,40037,5748.9,31553,4534.35,33493,4810.42,2052,294.48,3419,491.72,11818,1705.76
3358,600131.SH,20200803,52863,11165.51,63900,13487.84,91493,19335.28,93678,19828.04,93768,19804.77,91538,19403.72,34684,7400.0,23691,4985.95,12783,2741.22
3359,603633.SH,20200803,55713,9055.06,63116,10250.59,69932,11341.12,61630,10004.61,38973,6342.85,41797,6795.27,5360,872.81,3435,561.37,18597,3022.16
3360,300265.SZ,20200803,34915,3938.21,41370,4673.42,37711,4256.0,34883,3937.9,22209,2512.99,21234,2396.15,2651,300.27,0,0.0,14403,1632.12
3361,600262.SH,20200803,12755,2715.28,11509,2457.08,12456,2654.83,13748,2942.34,17771,3808.84,17297,3693.05,1072,222.93,1500,309.4,11550,2475.39
3362,002935.SZ,20200803,10847,3119.11,22548,6561.02,24596,7101.82,25983,7553.34,16234,4715.32,18703,5448.38,24126,7142.01,8570,2515.51,5994,1676.62
3363,300068.SZ,20200803,50880,7314.73,41325,5950.32,97537,14028.95,76668,11035.19,90232,12966.91,90937,13053.43,13234,1897.12,42953,6168.77,17370,2476.25
3364,300222.SZ,20200803,83114,8256.63,90211,8963.24,137544,13657.37,141441,14038.97,127762,12690.17,108817,10805.62,31033,3086.7,38985,3883.05,35621,3547.85
3365,603567.SH,20200803,16443,2251.18,12768,1751.0,23310,3192.56,23967,3284.89,9792,1344.57,11382,1558.9,728,100.61,2155,294.13,-2831,-387.35
3366,603721.SH,20200803,18418,4073.37,16846,3733.12,20963,4640.09,16805,3719.08,8205,1815.75,14435,3187.87,500,110.85,0,0.0,-4417,-972.89
3367,002738.SZ,20200803,19940,3420.88,17840,3064.72,26200,4496.51,31690,5436.1,14437,2479.31,14046,2411.31,3732,642.27,734,126.84,-563,-85.08
3368,300199.SZ,20200803,149224,13847.31,155822,14541.39,252812,23485.18,260963,24292.7,220587,20477.04,218601,20259.08,67261,6335.51,54499,5051.86,2487,454.39
3369,300353.SZ,20200803,40247,4903.26,48660,5937.09,52059,6350.41,47366,5775.86,41616,5077.07,35016,4267.25,4694,574.8,7574,925.33,16394,2016.35
3370,600196.SH,20200803,207230,135165.09,197381,129885.06,322641,210370.32,359197,236344.89,381158,248670.75,460511,302642.35,611908,408179.58,505848,333513.44,14212,10550.63
3371,600350.SH,20200803,46734,3138.55,45157,3035.95,31617,2122.51,33915,2277.99,16668,1119.15,16373,1095.04,2000,135.55,1575,106.79,-12768,-854.41
3372,603698.SH,20200803,22426,2794.29,17784,2221.54,24660,3075.94,22879,2855.86,15716,1957.6,18770,2330.6,1632,203.38,5000,623.2,8768,1085.04
3373,002869.SZ,20200803,16721,9645.76,20192,11677.98,26547,15320.78,30670,17738.87,19788,11459.19,16478,9501.8,7416,4309.46,3131,1816.54,11249,6527.58
3374,300484.SZ,20200803,21489,2760.92,28998,3728.79,25291,3254.31,23347,2999.85,13709,1758.0,8234,1055.06,890,114.81,800,104.35,-2038,-255.35
3375,600481.SH,20200803,24383,761.24,19891,621.01,28367,885.62,30152,942.01,13697,427.71,14898,464.38,3493,109.33,5000,156.5,10778,338.17
3376,600880.SH,20200803,34742,1593.94,33986,1562.44,56127,2576.9,47892,2201.22,36296,1669.73,42156,1937.83,3371,156.08,6502,295.16,11850,549.33
3377,600929.SH,20200803,42443,3022.08,54630,3899.74,47350,3372.16,54410,3875.28,32792,2339.41,23515,1672.75,19164,1372.38,9193,658.26,8024,577.51
3378,603113.SH,20200803,50190,7404.51,56393,8348.66,63981,9463.1,63621,9413.16,55362,8197.92,49516,7317.8,11847,1769.12,11850,1755.02,-2258,-325.31
3379,002081.SZ,20200803,66142,6091.95,62416,5753.1,85576,7883.67,94107,8674.61,88264,8143.05,78281,7218.14,13753,1270.07,18931,1742.9,4247,407.8
3380,000875.SZ,20200803,141801,6274.34,176653,7828.95,263144,11643.87,260127,11525.48,242114,10725.94,216782,9601.67,93980,4174.13,87478,3862.19,-57390,-2503.34
3381,002415.SZ,20200803,167397,64264.29,189208,72715.24,272392,104605.89,300302,115258.87,299899,115184.47,309273,118798.93,327851,125998.94,268756,103280.56,81736,31790.39
3382,300030.SZ,20200803,171499,27473.27,114133,18350.11,213513,34200.8,169915,27284.55,163800,26238.55,200728,32080.8,52194,8371.43,116230,18568.6,3916,705.42
3383,002546.SZ,20200803,55758,2370.38,48939,2083.36,60750,2583.34,65149,2771.77,32189,1371.63,31870,1355.92,4301,183.0,7040,297.31,16931,726.6
3384,002700.SZ,20200803,13755,580.05,15155,639.69,19092,805.29,18184,765.46,13908,585.16,13416,565.35,0,0.0,0,0.0,-1652,-67.61
3385,300161.SZ,20200803,12766,2956.79,11795,2738.02,15966,3700.28,17526,4063.42,14937,3471.38,13892,3224.08,4780,1111.39,5237,1214.31,6014,1388.29
3386,600207.SH,20200803,46489,2531.8,74697,4154.85,57117,3131.22,85023,4738.0,44705,2485.92,62784,3513.67,84342,4827.19,10150,569.61,-49234,-2877.36
3387,603660.SH,20200803,31225,2886.53,30788,2848.76,47652,4402.02,45826,4234.61,19714,1825.32,26031,2408.3,5419,504.29,1366,126.49,12801,1177.28
3388,603709.SH,20200803,3792,934.83,3675,906.12,3788,934.33,3183,784.63,2161,532.77,2883,711.18,0,0.0,0,0.0,1601,393.08
3389,300542.SZ,20200803,25302,3318.3,23024,3022.44,38128,5002.55,32932,4324.45,16697,2195.8,21549,2823.58,1515,199.85,4136,546.03,6399,847.97
3390,600385.SH,20200803,2680,172.26,3404,220.04,2528,163.17,3450,222.07,1646,106.68,0,0.0,0,0.0,0,0.0,441,29.62
3391,603887.SH,20200803,29993,9600.49,27824,8908.76,31858,10196.21,29325,9404.41,24365,7813.48,23675,7580.42,3851,1233.6,9243,2950.18,-9131,-2892.41
3392,000403.SZ,20200803,23857,10775.89,23385,10587.16,34300,15521.63,34754,15724.62,27995,12683.03,29121,13198.14,8488,3884.61,7381,3355.23,4877,2215.23
3393,300673.SZ,20200803,12142,5244.03,11319,4890.66,10593,4571.67,11631,5020.88,5943,2567.51,5979,2582.26,594,258.37,343,147.77,1281,562.61
3394,600719.SH,20200803,20639,912.51,21904,969.72,28159,1246.48,31119,1378.51,19283,856.35,15058,667.11,0,0.0,0,0.0,16071,713.84
3395,000534.SZ,20200803,31026,3466.11,46102,5149.11,45968,5135.53,47784,5349.14,42646,4788.22,31998,3586.63,14552,1659.54,8308,964.52,16128,1781.5
3396,000665.SZ,20200803,26753,1464.51,32787,1796.27,39314,2151.94,37722,2065.83,29485,1614.06,19017,1039.78,2368,129.77,8394,458.4,7293,403.71
3397,002205.SZ,20200803,24532,2444.61,20613,2055.42,29888,2980.26,30768,3066.67,11447,1141.57,15063,1502.51,1613,161.14,1035,102.98,9633,964.01
3398,002715.SZ,20200803,3012,863.87,2783,798.96,2975,853.61,3495,1003.25,2440,701.22,2149,616.5,0,0.0,0,0.0,-1547,-444.31
3399,300176.SZ,20200803,38987,2346.53,38607,2324.15,31447,1891.41,34962,2104.19,18592,1121.48,15457,931.07,0,0.0,0,0.0,26938,1624.58
3400,300330.SZ,20200803,18383,2099.04,19348,2214.83,22623,2587.41,25798,2955.96,14742,1689.74,17670,2020.72,7068,815.33,0,0.0,4586,531.17
3401,600173.SH,20200803,18797,1054.27,19850,1115.54,21100,1183.4,24199,1358.58,21788,1225.83,19436,1090.52,1800,101.14,0,0.0,4873,276.66
3402,600884.SH,20200803,148988,20373.6,171765,23530.04,210715,28810.07,267271,36593.17,287055,39220.02,282859,38702.64,247630,34001.3,172493,23579.14,65949,9139.98
3403,601577.SH,20200803,34250,2942.82,37263,3204.65,61073,5248.01,52167,4485.44,43369,3730.32,52138,4480.09,9841,845.52,6965,596.49,-1554,-121.62
3404,603117.SH,20200803,30247,1252.9,23008,954.07,37681,1561.57,39283,1629.19,15543,644.95,21180,876.15,0,0.0,0,0.0,-1817,-73.85
3405,000902.SZ,20200803,26909,3180.91,35843,4246.5,61206,7246.47,55122,6532.91,51866,6138.86,51253,6076.81,22144,2628.04,19907,2338.05,11248,1318.82
3406,002085.SZ,20200803,82705,5759.02,49952,3481.32,150306,10473.58,125504,8745.54,164641,11471.07,225837,15734.32,59688,4158.28,56046,3900.78,-2557,-149.21
3407,002370.SZ,20200803,268416,15555.1,248903,14481.25,270034,15668.99,253103,14712.68,126365,7321.11,153362,8852.31,22852,1355.33,32299,1854.29,7856,489.82
3408,002419.SZ,20200803,28891,3207.21,28445,3159.3,28233,3132.35,35279,3914.41,27910,3098.81,23789,2641.13,4480,498.98,2000,222.5,9467,1052.76
3409,300034.SZ,20200803,32809,8214.24,29379,7344.99,46675,11668.26,51052,12769.21,53385,13356.7,51840,12965.17,16840,4219.97,17438,4379.8,11506,2881.64
3410,600031.SH,20200803,220294,47082.32,276929,59282.5,346614,74161.08,330546,70761.48,334339,71577.38,287939,61608.13,181331,38845.23,187164,40013.9,11453,2758.06
3411,603056.SH,20200803,23732,3079.0,25908,3361.45,16322,2117.87,15430,2001.94,8955,1160.72,6758,876.78,0,0.0,913,117.41,4299,562.2
3412,688006.SH,20200803,7919,4531.64,7022,4037.97,18022,10276.17,21369,12152.43,25610,14582.92,20606,11767.89,3712,2131.25,6266,3563.7,3734,2278.23
3413,000687.SZ,20200803,89841,1767.03,92851,1826.23,90799,1783.52,87705,1725.25,37170,733.17,37254,732.24,0,0.0,0,0.0,33788,671.79
3414,002227.SZ,20200803,10063,1442.43,12578,1806.04,12861,1844.24,13007,1865.53,8344,1198.43,4383,627.89,700,101.4,2000,287.04,4698,676.77
3415,300531.SZ,20200803,14486,2953.38,11647,2383.42,22603,4601.78,25036,5112.59,15858,3248.49,21480,4384.82,10381,2130.6,5164,1053.41,3779,772.26
3416,603876.SH,20200803,31156,5221.71,27398,4596.08,33863,5673.88,33609,5632.99,14962,2515.64,17906,3008.45,1624,274.4,2692,448.12,-789,-134.12
3417,300662.SZ,20200803,6778,4063.64,6378,3825.66,5493,3288.37,5402,3235.99,4327,2594.98,3958,2370.09,615,368.66,1475,883.9,-828,-499.51
3418,600708.SH,20200803,69795,2088.97,52356,1569.79,79798,2387.64,89055,2667.09,88279,2644.54,94177,2817.04,18579,556.22,20863,623.45,-25085,-747.45
3419,601198.SH,20200803,69912,9754.45,83028,11599.22,136057,18990.8,141919,19828.53,147857,20652.13,126219,17612.5,39039,5461.32,41700,5818.45,-23303,-3210.78
3420,000523.SZ,20200803,27291,1665.7,33529,2048.53,45296,2764.46,41611,2539.5,18867,1154.13,21525,1313.69,7175,438.15,1963,120.72,16130,990.37
3421,300793.SZ,20200803,29500,8564.5,27948,8128.76,38046,11050.31,39717,11536.68,21049,6121.16,20360,5910.69,2730,799.94,3300,959.79,-9887,-2868.33
3422,600790.SH,20200803,34504,1160.83,46000,1550.81,48850,1644.45,52483,1767.76,43333,1462.2,45622,1537.53,17419,588.63,0,0.0,54699,1846.49
3423,600839.SH,20200803,225820,6990.35,392959,12198.7,337242,10452.54,395204,12263.84,334036,10362.49,338570,10497.47,291244,9051.72,61608,1897.1,243395,7539.1
3424,603023.SH,20200803,91219,5053.72,85523,4753.93,82699,4586.48,83365,4629.96,49966,2782.31,49482,2748.69,9171,514.68,14684,804.6,64562,3590.0
3425,300357.SZ,20200803,18603,12336.16,23328,15473.13,24730,16409.88,21994,14591.82,19156,12710.61,17658,11713.25,4841,3210.75,4350,2889.21,-17255,-11401.22
3426,300511.SZ,20200803,76765,13719.3,103081,18406.65,105651,18811.33,125280,22383.46,95635,17093.56,84998,15259.64,52854,9564.77,17547,3139.22,64007,11550.83
3427,603533.SH,20200803,26689,9060.17,29102,9889.57,28298,9611.74,30946,10511.12,17891,6081.41,15524,5268.56,2993,1018.01,300,102.08,-5976,-2014.57
3428,300165.SZ,20200803,45781,2623.82,53569,3075.74,57511,3288.89,58163,3330.71,30408,1740.94,35948,2058.75,16390,947.42,2410,135.87,32307,1863.88
3429,600162.SH,20200803,56096,1213.89,97138,2109.72,76533,1656.09,84779,1839.05,79078,1711.78,71110,1538.86,61320,1337.87,20000,432.0,86941,1891.94
3430,000026.SZ,20200803,81359,15118.72,46072,8618.86,87097,16234.27,92383,17181.53,58859,10967.02,82374,15354.85,20703,3881.72,27190,5046.5,-32038,-5857.75
3431,002835.SZ,20200803,26384,3865.14,32456,4770.05,33162,4873.5,37265,5497.01,15854,2343.1,17804,2629.6,13248,1981.4,1124,166.46,7469,1150.96
3432,300296.SZ,20200803,225515,16265.25,166988,12063.56,298521,21551.2,259351,18741.47,274916,19861.57,313773,22650.36,110767,8002.75,169606,12225.39,-55503,-3885.54
3433,300450.SZ,20200803,18129,8070.47,18660,8309.0,36846,16417.15,36708,16356.65,27820,12394.34,30983,13802.3,12727,5679.59,9170,4093.6,11712,5245.16
3434,600293.SH,20200803,71284,1928.23,62301,1685.62,59973,1621.33,58952,1593.6,33149,895.94,35873,970.43,3720,100.07,11000,295.92,-2198,-53.8
3435,000157.SZ,20200803,196026,16592.78,213238,18046.72,262662,22224.48,286544,24241.65,166762,14111.17,202596,17152.99,127425,10791.18,50497,4278.25,36502,3131.36
3436,002966.SZ,20200803,165727,13752.96,56123,4676.11,214311,17762.48,131360,10937.62,163140,13468.88,222310,18418.4,100538,8237.44,233922,19189.64,134731,10977.58
3437,300581.SZ,20200803,35072,6585.37,31891,5997.61,32934,6177.17,43434,8155.83,25368,4774.72,19778,3716.96,4931,920.47,3203,587.32,27685,5207.29
3438,600758.SH,20200803,43036,1470.3,43112,1474.49,46227,1579.54,44671,1527.48,37141,1269.31,40083,1368.07,5000,171.0,3538,120.12,29277,1004.55
3439,600697.SH,20200803,17280,3127.4,15229,2767.86,21950,3987.28,23538,4274.5,11754,2141.42,10418,1884.19,1137,205.26,2936,534.8,2016,376.35
3440,000785.SZ,20200803,85999,8619.81,77078,7733.96,70073,7021.06,68639,6892.83,37863,3813.62,37681,3788.95,5545,559.43,16082,1598.18,-16182,-1605.37
3441,002325.SZ,20200803,48495,1601.5,42913,1421.46,48357,1597.96,47374,1564.95,33861,1122.46,40502,1338.14,15717,521.44,15640,518.79,14724,490.42
3442,002456.SZ,20200803,414428,83205.58,440609,88605.3,605078,121584.76,588964,118377.13,541252,108865.13,549254,110412.93,408579,82103.59,390510,78363.7,101786,20757.79
3443,002610.SZ,20200803,1884032,49960.73,1445393,38444.25,1814349,48171.65,1639968,43576.0,1498522,39801.74,1664149,44213.25,1220141,32441.81,1667535,44142.42,-486353,-12246.43
3444,300071.SZ,20200803,86794,1992.32,74555,1712.2,67766,1554.92,95839,2201.26,55507,1271.39,75415,1728.27,43535,1003.19,7793,180.08,74039,1706.83
3445,600117.SH,20200803,38257,1318.94,40858,1412.49,40164,1386.35,46090,1591.87,31096,1075.64,30569,1053.27,8000,276.7,0,0.0,20755,725.49
3446,603619.SH,20200803,33528,4430.09,32848,4350.32,35537,4696.3,37057,4898.26,13690,1814.76,13188,1735.85,1894,249.77,1556,206.49,24375,3225.04
3447,688366.SH,20200803,1063,1518.32,2287,3304.5,4350,6225.82,5749,8276.66,6824,9809.43,4923,7085.02,3336,4856.16,2614,3743.55,4701,6967.1
3448,688520.SH,20200803,5470,4444.49,4380,3573.75,17120,13949.15,17658,14399.63,16802,13688.44,16528,13454.66,2535,2074.5,3360,2728.55,-2098,-1680.52
3449,002587.SZ,20200803,41287,2515.21,42445,2595.64,48562,2966.86,49941,3048.27,19254,1174.6,20518,1247.31,3801,234.54,0,0.0,14863,910.46
3450,002741.SZ,20200803,44076,6347.13,62439,9008.02,64700,9313.43,86079,12437.79,69307,9965.04,60148,8680.53,51243,7543.68,20661,3042.95,9127,1227.96
3451,002660.SZ,20200803,31796,2899.42,37913,3464.89,43504,3970.47,47183,4307.9,33892,3097.29,26771,2444.09,5827,535.04,3152,285.34,4622,422.3
3452,002709.SZ,20200803,35356,13631.66,41267,15944.58,42128,16264.22,52884,20399.52,33174,12811.11,19740,7624.4,8922,3465.27,5690,2203.76,-289,-55.21
3453,600851.SH,20200803,23636,2109.9,24214,2165.86,36675,3278.82,41874,3745.55,23792,2133.46,17196,1536.86,3247,292.13,4067,366.03,4019,376.86
3454,000715.SZ,20200803,10282,659.34,10972,703.85,12000,770.23,11810,757.38,6347,407.47,5847,375.8,0,0.0,0,0.0,330,23.23
3455,002052.SZ,20200803,30921,436.31,73364,1040.48,33600,473.92,64117,907.15,80365,1139.23,45156,641.67,47751,682.84,10000,143.0,-23100,-333.17
3456,600982.SH,20200803,24104,709.88,31693,933.77,25043,737.51,24390,718.38,19902,586.59,12966,381.83,0,0.0,0,0.0,2788,84.46
3457,002183.SZ,20200803,170500,10291.05,211711,12789.41,233933,14128.56,260914,15748.94,218858,13208.5,220281,13291.73,122050,7378.24,52434,3176.27,141811,8607.14
3458,300001.SZ,20200803,26165,5595.91,34063,7294.84,44260,9472.5,47909,10259.13,48068,10291.12,48840,10460.64,28900,6204.85,16583,3549.76,1595,347.5
3459,603500.SH,20200803,29271,4614.53,30012,4699.38,28470,4448.94,34920,5489.25,18578,2912.39,16004,2520.26,8928,1419.39,4309,686.36,24768,3914.85
3460,000977.SZ,20200803,111406,43001.75,124948,48270.23,157048,60649.89,171980,66410.24,147172,56827.27,132348,51085.89,95304,36806.07,81654,31518.62,49417,19146.29
3461,002517.SZ,20200803,216995,13056.72,204314,12274.48,318965,19156.02,310418,18625.95,282766,16992.64,268692,16113.13,114631,6874.17,149934,9066.0,40860,2498.81
3462,300132.SZ,20200803,35348,8598.45,26691,6504.3,39368,9579.88,32621,7946.75,20966,5100.11,34538,8382.22,4985,1209.04,6818,1654.22,6180,1527.28
3463,603477.SH,20200803,19825,3040.34,17208,2646.16,31019,4762.27,30503,4686.56,18126,2787.55,22075,3388.86,6481,998.42,5665,867.0,-1957,-291.1
3464,002130.SZ,20200803,226019,14148.48,219350,13738.8,273729,17136.59,292052,18273.86,226296,14171.45,206044,12898.12,42554,2663.16,51153,3208.91,-39056,-2386.96
3465,601599.SH,20200803,91025,3278.06,92954,3351.59,113107,4076.12,123051,4433.48,69268,2501.89,60687,2185.18,12790,462.09,9498,347.91,34944,1267.05
3466,300324.SZ,20200803,176089,13901.62,148419,11742.67,273675,21623.21,219532,17361.04,255214,20128.12,257894,20347.59,63769,5039.86,142902,11241.51,31410,2516.86
3467,600167.SH,20200803,39159,5687.4,37723,5478.72,26216,3807.15,25529,3708.15,13419,1949.56,13182,1914.79,0,0.0,2360,342.46,-18049,-2606.55
3468,600321.SH,20200803,36355,744.13,37621,771.59,32096,656.68,42864,877.36,20319,417.38,13391,273.91,5106,104.67,0,0.0,17384,358.84
3469,603669.SH,20200803,98112,10242.41,101625,10625.61,114682,11998.41,116036,12136.19,77824,8142.74,66649,6964.09,10220,1074.16,16528,1731.83,-13136,-1330.32
3470,603823.SH,20200803,42923,7859.33,39723,7255.61,50488,9234.3,51185,9358.81,23965,4369.13,23630,4331.23,684,126.95,3522,644.07,27733,5103.42
3471,002791.SZ,20200803,4998,7406.25,5128,7622.47,6269,9316.16,9025,13429.72,6006,8971.24,3530,5255.14,1786,2666.0,1376,2052.31,-1862,-2765.93
3472,300455.SZ,20200803,20187,2959.64,43408,6457.72,33812,4967.95,49806,7418.51,31597,4682.92,25738,3843.54,47095,7161.85,13738,2052.58,14000,1954.71
3473,600298.SH,20200803,34673,22885.84,26096,17239.77,33339,22021.98,33328,21997.75,20193,13329.32,26730,17656.22,7534,4979.28,9585,6322.69,1227,854.28
3474,600452.SH,20200803,16626,3595.24,21577,4666.06,27206,5873.21,29131,6332.96,22543,4893.92,25616,5600.19,18943,4216.12,8995,1979.28,12964,2785.58
3475,300586.SZ,20200803,22810,2119.52,27980,2601.18,25550,2375.88,27696,2573.61,14398,1337.87,9777,909.11,4695,435.83,2000,185.2,14268,1327.96
3476,600725.SH,20200803,15422,330.95,13406,288.54,30416,653.51,27312,586.55,20030,430.98,35150,754.96,10000,214.61,0,0.0,6102,133.6
3477,000540.SZ,20200803,384734,14331.11,498372,18604.87,469994,17486.02,468753,17452.32,394998,14725.07,359088,13344.76,220221,8176.31,143734,5316.55,132011,5025.49
3478,600856.SH,20200803,63084,886.76,37904,533.8,68622,964.12,82331,1157.29,48331,677.97,51802,726.55,0,0.0,8000,111.2,-36189,-495.38
3479,603040.SH,20200803,9627,3017.88,9832,3085.32,10810,3384.8,9163,2869.38,3530,1105.39,4972,1553.37,0,0.0,0,0.0,-158,-49.12
3480,000659.SZ,20200803,61704,1708.54,65383,1812.56,77943,2158.93,88471,2451.64,40851,1132.72,41789,1155.46,15145,419.46,0,0.0,25219,709.84
3481,000813.SZ,20200803,67450,4684.7,52631,3658.18,96493,6701.64,78282,5441.08,89355,6207.26,96734,6719.23,23345,1622.35,48996,3397.46,-33903,-2338.64
3482,002150.SZ,20200803,21767,1557.11,29953,2147.18,28657,2050.25,28888,2068.43,19166,1375.37,12229,874.49,1480,107.36,0,0.0,10964,792.8
3483,603159.SH,20200803,11181,1397.31,8129,1019.1,9424,1180.29,11909,1488.98,2919,365.92,4547,568.58,1061,133.14,0,0.0,-966,-118.64
3484,603313.SH,20200803,20050,4868.34,18634,4530.35,20996,5102.24,17250,4190.18,13057,3175.02,20729,5039.15,6479,1576.63,3968,962.55,-2874,-683.84
3485,688060.SH,20200803,2424,4082.14,3800,6417.41,8314,14001.59,9063,15284.16,7825,13199.73,6626,11161.15,1478,2505.02,552,925.76,2180,3658.09
3486,002281.SZ,20200803,24689,8108.68,30618,10077.59,37852,12442.98,35758,11758.11,38247,12568.71,29035,9536.73,7668,2524.57,13045,4272.49,5081,1689.87
3487,603444.SH,20200803,5,28.93,10,59.8,5982,37022.78,5602,34696.18,1604,9935.66,1653,10226.2,731,4538.3,1058,6543.49,485,3040.88
3488,002615.SZ,20200803,22896,1221.86,26939,1438.68,27546,1470.23,33229,1775.36,13243,705.08,13764,733.98,10246,550.85,0,0.0,11213,605.93
3489,002726.SZ,20200803,96901,11033.39,91610,10452.05,114486,13046.85,104031,11862.81,67625,7715.88,70481,8040.49,30488,3490.31,43377,4931.07,25637,2965.38
3490,300187.SZ,20200803,32608,1777.37,36387,1985.75,30436,1660.3,41181,2247.07,29192,1596.9,16876,922.56,2208,120.81,0,0.0,22362,1224.54
3491,300341.SZ,20200803,24304,2204.43,24277,2202.78,31611,2867.6,31089,2819.59,13783,1250.8,14341,1301.27,9,0.82,0,0.0,3265,297.97
3492,600184.SH,20200803,49153,5947.21,47353,5723.81,51191,6180.38,51860,6274.12,28609,3462.19,29607,3579.33,4153,501.34,4286,513.84,29309,3556.23
3493,600917.SH,20200803,16471,1208.12,14471,1061.56,15001,1100.74,18272,1340.67,11459,840.52,10566,774.69,2013,147.55,1635,120.01,6598,485.61
3494,603101.SH,20200803,34024,2134.29,22830,1434.13,32040,2014.68,29041,1824.15,28341,1777.34,33128,2080.56,8498,532.95,17905,1120.42,21418,1348.87
3495,000732.SZ,20200803,379460,22247.06,226821,13316.09,490832,28785.84,377531,22160.18,365357,21490.21,495515,29079.52,143767,8433.75,279550,16401.06,-12048,-586.47
3496,002118.SZ,20200803,143424,6825.76,147919,7047.8,166953,7940.88,179330,8534.45,111281,5301.91,108566,5166.68,29748,1424.71,15592,744.33,12501,635.9
3497,603078.SH,20200803,18626,8901.05,20798,9953.64,25273,12056.88,23812,11378.15,15438,7388.05,14857,7085.17,1820,867.48,1691,796.5,6402,3075.29
3498,603232.SH,20200803,15476,5854.64,23014,8773.33,19032,7211.19,26898,10257.63,33075,12664.67,20350,7782.26,11195,4335.38,8515,3252.67,3316,1346.22
3499,688028.SH,20200803,4485,2220.68,3188,1579.02,11325,5617.08,8519,4227.69,13158,6528.26,15236,7549.23,3307,1643.23,5332,2653.32,11225,5567.97
3500,000863.SZ,20200803,13249,604.25,7956,363.06,14622,666.65,15438,704.49,18280,835.11,18829,858.99,0,0.0,3927,179.46,-10602,-482.63
3501,002249.SZ,20200803,98557,3952.32,110508,4434.17,107611,4313.67,112264,4506.06,105061,4216.51,89483,3585.67,33527,1349.75,32500,1306.36,50484,2036.22
3502,002473.SZ,20200803,23980,1576.37,29672,1959.66,30172,1991.16,27162,1790.44,15445,1020.67,15739,1040.24,8513,563.53,5538,361.39,-14707,-948.9
3503,300137.SZ,20200803,64990,5202.4,89498,7196.58,97805,7837.49,115932,9313.79,88144,7093.35,62296,4987.22,18961,1535.68,2175,171.32,66513,5353.13
3504,603636.SH,20200803,154673,23005.35,85127,12687.35,216924,32272.64,154541,23021.0,142817,21249.57,214161,31876.53,71646,10683.98,132231,19626.65,-10007,-1389.58
3505,002807.SZ,20200803,67914,2924.88,76492,3296.17,91548,3942.85,86394,3721.82,82591,3557.54,79612,3427.87,17123,738.89,16677,718.3,32697,1418.83
3506,002900.SZ,20200803,18427,2339.83,21916,2787.14,25985,3302.36,25054,3185.66,15746,2006.19,11792,1499.66,0,0.0,1396,175.92,7341,937.06
3507,603860.SH,20200803,2853,832.47,2464,719.32,2457,716.06,2951,859.29,689,200.32,584,170.25,0,0.0,0,0.0,-9,-1.01
3508,603909.SH,20200803,8953,1555.86,6643,1154.59,13648,2378.97,16620,2896.59,2515,438.66,1853,322.32,0,0.0,0,0.0,5824,1023.34
3509,000068.SZ,20200803,121610,4716.76,124450,4822.22,108346,4191.43,87424,3381.87,41504,1605.77,54960,2130.15,9461,366.16,14087,545.88,52087,2029.79
3510,002877.SZ,20200803,23383,1893.85,14907,1210.49,18949,1538.83,24342,1973.01,2949,239.47,6031,488.66,0,0.0,0,0.0,2160,176.39
3511,300492.SZ,20200803,6328,2809.55,4422,1963.41,8877,3938.77,8857,3928.49,8277,3676.14,7910,3517.23,0,0.0,2294,1015.33,-6850,-3023.57
3512,600538.SH,20200803,63867,5053.37,31210,2474.66,57443,4550.07,59660,4735.91,42829,3408.34,58194,4604.76,14655,1172.94,29730,2369.39,-34873,-2733.82
3513,603991.SH,20200803,5926,2555.07,4607,1987.11,4129,1779.26,5245,2259.82,2908,1254.12,2816,1215.81,0,0.0,295,125.7,-203,-79.53
3514,300826.SZ,20200803,3422,1283.85,5308,1993.41,4794,1798.97,3587,1346.67,1582,595.5,1133,425.23,230,86.99,0,0.0,1473,555.39
3515,600823.SH,20200803,51787,2300.89,37151,1651.11,34455,1529.68,45665,2028.68,13000,577.8,16425,728.58,0,0.0,0,0.0,5118,230.71
3516,002024.SZ,20200803,304335,32428.3,437762,47295.05,491840,52854.45,571399,61496.84,585361,63007.49,570470,61197.9,583025,62868.25,384930,41168.69,139064,15324.09
3517,601801.SH,20200803,59752,3587.22,55958,3357.53,65880,3953.32,63149,3791.39,52308,3142.68,50107,3008.61,0,0.0,8726,525.7,34849,2099.11
3518,000818.SZ,20200803,40840,10134.43,91218,22899.88,99418,24673.43,133832,33582.62,113812,28369.55,133393,33523.27,175955,44788.58,71583,17960.22,46637,11219.78
3519,603686.SH,20200803,35715,9119.62,30192,7709.6,23554,6013.03,28157,7189.9,14750,3756.97,15363,3914.51,1393,357.72,1700,433.32,11564,2976.12
3520,000048.SZ,20200803,6039,1490.39,3875,956.79,6865,1695.62,6630,1637.05,5546,1370.51,7867,1942.83,423,103.76,500,123.6,870,216.24
3521,002857.SZ,20200803,6893,887.68,6514,839.84,4526,582.99,4680,603.33,1431,185.3,1656,212.8,0,0.0,0,0.0,2450,316.81
3522,300472.SZ,20200803,13114,1403.15,11553,1237.96,15325,1641.39,14313,1533.48,8083,866.73,9624,1029.32,0,0.0,1032,110.51,4601,494.84
3523,601162.SH,20200803,449657,33195.92,641174,47492.59,626035,46258.29,672065,49712.46,738313,54588.07,735520,54314.38,627822,46541.81,393069,29064.65,520010,38791.38
3524,000333.SZ,20200803,54590,39767.95,46287,33853.95,84048,61373.04,105666,77146.23,114391,83608.77,93333,68291.76,90280,66300.99,98024,71758.81,29212,21815.65
3525,002988.SZ,20200803,15052,2802.52,16675,3108.14,18359,3421.0,18203,3389.53,6742,1258.65,6507,1214.48,1232,229.98,0,0.0,1211,226.61
3526,300806.SZ,20200803,4429,2360.2,4211,2245.28,5336,2841.12,5092,2713.72,5385,2864.99,5728,3046.96,726,390.27,845,450.62,-1026,-531.17
3527,600649.SH,20200803,27222,1600.85,34891,2055.76,50212,2953.39,46828,2751.92,28523,1677.29,32646,1917.92,18446,1085.89,10038,591.82,977,56.83
3528,300833.SZ,20200803,3929,2641.42,5498,3705.45,6781,4563.06,6161,4145.65,3157,2127.08,1968,1322.92,604,406.6,844,564.14,3543,2387.63
3529,600676.SH,20200803,46378,2789.06,42798,2576.66,50398,3032.61,51096,3079.08,57054,3437.99,57272,3452.72,8778,536.2,11443,687.41,4152,251.12
3530,600830.SH,20200803,46370,3184.87,46772,3214.17,48033,3300.65,55121,3786.72,39995,2750.37,32505,2235.01,0,0.0,0,0.0,15885,1097.04
3531,601369.SH,20200803,29269,2034.75,17591,1223.65,36607,2546.38,37390,2600.88,16057,1117.06,24799,1723.89,1451,101.13,3604,250.91,11296,789.53
3532,300122.SZ,20200803,38894,71804.17,30699,57066.35,81023,149747.06,66489,123547.14,128517,237644.7,111182,205998.2,105710,195969.63,145772,268553.87,26217,49189.64
3533,002638.SZ,20200803,69698,1047.0,58762,883.48,87984,1322.47,88974,1336.93,56257,844.27,76204,1144.34,10000,151.0,0,0.0,12541,193.45
3534,300099.SZ,20200803,47813,3162.23,79197,5344.76,73796,4885.0,99974,6716.67,62584,4191.39,69494,4707.2,85283,5935.9,20810,1405.88,27500,1711.02
3535,300253.SZ,20200803,77053,18140.57,101909,24053.16,143757,33873.97,140828,33218.92,132477,31228.83,130829,30820.82,57166,13533.55,36887,8684.01,10149,2481.48
3536,600096.SH,20200803,116490,6472.3,141152,7875.74,131885,7335.05,184083,10269.14,201846,11269.84,150383,8394.74,67632,3872.53,42235,2410.11,105809,5832.67
3537,600250.SH,20200803,23122,1469.04,21346,1359.86,28394,1806.95,32119,2043.89,15094,963.59,13145,835.83,0,0.0,0,0.0,-2797,-170.93
3538,603598.SH,20200803,108542,17566.35,73662,11963.31,115752,18738.32,90320,14658.89,51522,8346.36,74116,11985.89,8945,1463.19,46664,7506.13,12454,2075.84
3539,002769.SZ,20200803,25880,2220.33,22172,1905.57,27436,2357.83,27292,2344.07,16140,1387.79,17420,1497.03,953,82.24,3525,301.51,9534,821.4
3540,002923.SZ,20200803,14444,3378.75,13708,3208.73,14996,3509.81,17458,4085.46,9439,2210.98,6194,1450.17,500,117.1,2019,472.28,-5004,-1167.26
3541,300521.SZ,20200803,15910,4302.46,16346,4429.71,22107,5979.95,22631,6125.14,12349,3342.58,9792,2643.4,1331,362.51,2927,789.25,-4131,-1106.66
3542,601211.SH,20200803,92375,17316.34,114014,21426.79,199132,37372.57,206786,38830.68,206803,38829.01,189655,35583.51,101269,19053.67,89124,16730.61,54757,10368.29
3543,603866.SH,20200803,11691,7025.54,16848,10129.07,15883,9552.59,11854,7132.31,6778,4076.96,5181,3118.49,1431,871.84,1900,1147.07,-5498,-3287.34
3544,300498.SZ,20200803,107221,26132.17,141129,34401.27,189412,46123.7,224455,54684.03,239446,58329.58,222577,54222.11,149694,36518.38,97612,23796.42,122277,29830.76
3545,002151.SZ,20200803,44214,22053.09,63436,31770.01,84924,42381.6,105598,52876.28,89234,44562.3,107184,53675.0,128841,64927.1,70994,35602.79,4438,1919.51
3546,002282.SZ,20200803,29457,2789.56,26860,2539.34,19592,1852.53,28633,2710.66,23121,2188.32,16677,1580.4,0,0.0,0,0.0,23727,2247.56
3547,300100.SZ,20200803,40962,2384.87,32340,1882.44,33662,1958.69,36375,2119.58,24529,1429.09,22045,1282.55,1939,112.46,10332,600.54,24248,1415.99
3548,002616.SZ,20200803,22561,2445.84,27308,2962.5,22455,2436.19,20006,2172.83,15379,1671.61,18370,2001.72,15469,1695.25,10180,1111.84,-4282,-458.7
3549,300077.SZ,20200803,110938,9142.91,111243,9192.3,176098,14523.23,163517,13493.09,100398,8284.97,110829,9127.0,34943,2886.49,36789,3025.22,11287,944.25
3550,300231.SZ,20200803,33649,3140.79,47125,4404.87,63952,5973.27,66803,6240.2,35168,3284.86,25276,2360.12,14993,1409.58,8558,803.31,6714,639.94
3551,603730.SH,20200803,10794,3662.49,13947,4736.8,11799,4009.9,10216,3468.88,4789,1626.68,3531,1199.16,312,105.77,0,0.0,-3970,-1336.98
3552,002747.SZ,20200803,49936,8545.39,51056,8746.79,69338,11841.83,70846,12108.46,53200,9088.58,46643,7984.4,11085,1907.6,15014,2543.74,31845,5393.75
3553,002901.SZ,20200803,6047,6366.75,6612,6956.17,5900,6212.32,5243,5520.11,2889,3033.34,2339,2458.48,216,227.03,858,904.68,-2170,-2270.65
3554,600113.SH,20200803,41893,2997.89,43750,3134.93,50838,3638.0,44694,3201.57,31204,2235.34,33975,2427.05,0,0.0,1516,107.68,12571,907.15
3555,603615.SH,20200803,11399,1059.41,9961,927.13,13008,1210.52,13153,1223.92,5766,536.6,7059,655.49,0,0.0,0,0.0,-345,-31.16
3556,002583.SZ,20200803,176555,16909.62,221610,21291.42,267298,25622.88,259617,24904.91,207822,19942.73,214726,20561.18,82199,7922.69,37921,3640.42,72851,7058.87
3557,300247.SZ,20200803,83586,2330.07,56972,1590.27,96401,2688.38,113430,3164.31,50662,1414.7,56505,1575.46,4850,135.32,8592,238.43,-13712,-372.44
3558,300401.SZ,20200803,34588,5517.66,34006,5431.73,60008,9579.65,58291,9303.0,56140,8954.89,57249,9130.18,8775,1404.63,9965,1591.92,-6399,-1007.23
3559,603900.SH,20200803,31871,2717.93,27407,2344.1,40976,3499.79,39288,3354.91,12650,1084.32,17112,1458.86,1236,105.06,2928,249.23,-9769,-821.25
3560,002917.SZ,20200803,39032,4607.31,45636,5384.94,38644,4561.15,44347,5236.01,24087,2846.83,14711,1739.1,2931,344.77,0,0.0,17893,2105.06
3561,300378.SZ,20200803,40209,14006.8,40931,14281.54,82110,28566.81,71852,25027.69,101198,35262.11,97335,33853.55,113264,39746.04,126663,44418.97,-40136,-13918.15
3562,300532.SZ,20200803,16547,1796.67,18716,2033.15,19561,2123.41,24171,2626.19,14420,1569.8,7199,782.48,558,60.54,1000,108.6,6608,721.25
3563,600375.SH,20200803,58567,4814.22,40224,3320.17,77235,6360.04,72837,6003.64,55017,4533.79,66629,5483.53,10518,873.25,21647,1773.96,19467,1619.25
3564,601068.SH,20200803,79723,3589.59,66627,3001.86,85112,3833.64,74426,3352.28,32394,1460.28,61422,2766.68,6121,276.42,875,39.1,59396,2683.34
3565,601222.SH,20200803,290620,25310.67,169265,14740.71,362090,31564.76,254869,22242.83,283364,24746.71,384761,33604.37,120772,10624.78,247951,21659.03,-85522,-7255.59
3566,300396.SZ,20200803,18047,5018.36,11549,3218.43,17185,4780.62,16574,4617.51,14763,4113.05,22413,6231.87,5884,1641.7,5343,1485.9,2294,640.12
3567,300550.SZ,20200803,6237,1460.58,5296,1238.88,4858,1135.47,6659,1559.58,5657,1326.07,4217,986.02,500,117.65,1081,255.3,7762,1821.64
3568,600393.SH,20200803,124135,3662.0,152377,4503.27,147798,4355.22,159715,4715.93,130313,3847.26,89478,2635.66,67104,1979.23,67780,1988.86,135818,4019.69
3569,601086.SH,20200803,47671,2530.05,45772,2439.03,39195,2080.55,49166,2618.22,17553,930.85,31473,1671.25,27446,1475.6,5454,288.56,20103,1092.0
3570,603895.SH,20200803,5694,1196.61,5968,1255.94,6287,1322.06,6814,1432.93,4608,970.55,3208,675.19,0,0.0,600,125.16,1941,408.9
3571,000411.SZ,20200803,35427,8777.7,25294,6273.05,43085,10679.37,38162,9466.02,39169,9710.06,42521,10546.76,47285,11773.12,58989,14654.42,-24190,-6020.73
3572,300681.SZ,20200803,3792,1371.82,2440,883.88,3118,1128.95,3240,1172.71,2752,986.48,2982,1078.99,556,202.16,1556,553.83,1234,457.53
3573,600792.SH,20200803,40059,1238.31,56941,1774.32,40447,1258.47,48527,1508.2,27548,856.0,20407,630.39,17821,560.12,0,0.0,27322,848.7
3574,603025.SH,20200803,22342,1828.2,23282,1907.93,22380,1833.83,22130,1812.41,9753,799.01,7673,627.75,1905,156.97,3295,269.92,9953,816.34
3575,000656.SZ,20200803,103328,9160.76,95129,8450.29,133354,11838.99,158823,14113.24,125742,11183.67,113912,10113.52,31061,2765.15,25620,2271.52,18655,1693.81
3576,000810.SZ,20200803,62795,8068.64,54472,7006.85,68832,8847.59,62858,8082.12,41925,5389.75,51463,6611.34,16757,2153.88,21516,2759.54,-12617,-1603.79
3577,603156.SH,20200803,19258,4828.8,14528,3650.79,19584,4913.61,13556,3404.63,12978,3256.28,14915,3743.0,400,101.02,9220,2301.29,-14236,-3556.63
3578,688106.SH,20200803,15974,6773.24,11052,4713.57,43434,18451.83,37256,15841.42,42429,18055.2,47779,20325.99,6871,2928.75,12621,5328.04,-14042,-5935.6
3579,002213.SZ,20200803,11894,2062.94,7741,1345.24,14553,2523.36,12439,2156.0,7966,1384.51,12613,2188.15,2268,393.84,3888,675.26,-224,-33.67
3580,600989.SH,20200803,128290,13154.79,88017,9041.34,134341,13780.88,149204,15325.52,118795,12199.45,115577,11860.86,31060,3191.29,59687,6098.69,-31802,-3225.42
3581,688123.SH,20200803,5730,4492.85,6038,4745.2,12037,9445.16,10536,8270.22,9755,7656.39,10397,8156.03,988,778.44,1540,1201.38,-785,-607.92
3582,002344.SZ,20200803,38147,1745.75,50836,2328.14,49767,2277.56,58681,2686.77,41617,1904.83,25929,1186.46,5914,273.24,0,0.0,6456,300.2
3583,300008.SZ,20200803,285636,12880.53,266159,12003.3,304538,13728.14,292885,13200.52,169918,7630.99,208021,9359.88,29686,1344.3,22715,1020.26,119619,5383.79
3584,603507.SH,20200803,13054,4102.49,12749,4007.1,14770,4637.06,14676,4612.82,7972,2505.88,7255,2276.43,862,271.19,1978,620.26,-1822,-563.15
3585,002475.SZ,20200803,205418,120895.28,156732,92481.43,306274,180515.28,305689,180298.33,330030,194699.49,338136,199416.99,265653,156804.77,306818,180718.07,-52004,-30156.09
3586,300090.SZ,20200803,45789,56.45,62973,76.75,149536,187.39,132352,167.09,0,0.0,0,0.0,0,0.0,0,0.0,12787,24.8
3587,001896.SZ,20200803,62560,2605.44,51623,2152.56,78415,3263.16,77850,3242.87,66313,2760.54,71134,2958.71,3577,148.45,10258,423.45,31749,1327.82
3588,002589.SZ,20200803,255380,16984.65,195819,13025.52,288854,19242.94,260984,17390.43,220392,14702.68,261335,17438.85,38410,2570.26,84898,5645.73,-87240,-5696.85
3589,002743.SZ,20200803,32146,2513.6,24350,1903.65,25577,1999.99,32334,2530.74,16166,1266.0,17203,1345.03,0,0.0,2,0.16,-14587,-1134.19
3590,300407.SZ,20200803,14592,1282.47,12817,1128.37,15157,1332.79,19147,1685.69,10639,937.34,11662,1023.96,3238,285.41,0,0.0,3646,325.35
3591,603906.SH,20200803,26122,6847.88,22849,5963.24,35809,9366.05,35974,9373.51,24369,6386.74,28943,7626.49,6429,1699.46,4964,1336.89,8403,2319.41
3592,300424.SZ,20200803,40362,6625.7,40711,6697.45,49488,8130.83,50248,8273.87,31815,5249.88,39702,6528.66,13358,2213.5,4362,719.94,36748,6083.38
3593,600267.SH,20200803,88737,17818.84,82888,16681.93,164830,33113.73,166740,33544.39,165883,33351.79,153627,30910.1,80066,16161.08,96260,19309.02,18405,3833.42
3594,600421.SH,20200803,4423,540.87,3247,399.18,8952,1097.92,6705,824.33,5243,645.11,7836,956.64,0,0.0,830,103.75,-5731,-701.19
3595,002891.SZ,20200803,10518,4694.16,9011,4027.85,8993,4017.16,8994,4020.41,7206,3221.74,7892,3522.44,578,259.77,1398,622.13,1667,748.15
3596,300555.SZ,20200803,19446,1771.33,15002,1368.15,16915,1541.5,20577,1876.07,9835,897.76,10616,966.37,0,0.0,0,0.0,3614,331.28
3597,600398.SH,20200803,43598,2693.38,42563,2631.63,47865,2959.05,50005,3090.57,48005,2964.82,39181,2418.03,1889,116.74,9607,593.76,11346,704.25
3598,600552.SH,20200803,81905,5607.72,92566,6346.26,105588,7221.7,110578,7567.7,91500,6258.39,88240,6032.91,24711,1701.03,12321,841.97,13423,921.87
3599,000416.SZ,20200803,43972,2326.22,42137,2229.76,57358,3037.65,66902,3541.68,39291,2080.69,48809,2583.0,23527,1240.52,6300,330.64,26974,1427.18
3600,002021.SZ,20200803,39879,1045.38,19179,505.78,55192,1449.58,62573,1643.05,42515,1111.93,39446,1033.79,0,0.0,16387,424.27,-55028,-1434.93
3601,600797.SH,20200803,96576,9429.42,117661,11511.69,167384,16349.5,183758,17952.77,167456,16376.77,145224,14182.57,54390,5331.59,39164,3840.24,27165,2707.47
3602,000815.SZ,20200803,44301,3269.53,52146,3857.0,52507,3877.21,53342,3940.51,44635,3302.03,40049,2954.36,4094,303.1,0,0.0,12780,957.41
3603,002152.SZ,20200803,145754,21419.49,189935,28012.61,261332,38440.25,288283,42445.05,286041,42153.57,253610,37332.85,135228,19980.27,96527,14203.08,67705,10079.21
3604,603315.SH,20200803,13787,1678.77,7439,906.32,13842,1687.12,13911,1694.53,3184,388.13,10365,1263.03,902,109.86,0,0.0,2823,345.34
3605,000701.SZ,20200803,56935,3069.28,50548,2727.51,51737,2791.09,61540,3321.88,31375,1692.72,28406,1526.62,6677,359.29,6229,336.37,-8767,-464.45
3606,000678.SZ,20200803,20835,1114.48,19020,1018.14,26346,1409.52,28137,1505.92,19002,1018.57,16434,879.32,0,0.0,2592,139.19,8146,438.53
3607,002218.SZ,20200803,149537,6329.82,116266,4931.54,169327,7173.29,179603,7611.83,149108,6320.0,153955,6520.27,25895,1102.95,44043,1862.42,-35130,-1457.63
3608,603178.SH,20200803,76916,9716.95,66043,8384.67,76497,9696.72,85200,10774.52,50714,6416.77,52068,6573.54,2104,264.34,2920,362.06,-4799,-570.18
3609,603332.SH,20200803,6448,1578.38,3876,949.04,4238,1037.62,6138,1502.64,1484,363.56,2156,527.88,0,0.0,0,0.0,316,77.85
3610,688128.SH,20200803,7992,1892.69,10069,2382.01,17143,4057.06,14537,3441.64,7910,1872.7,9144,2162.72,705,163.9,0,0.0,-550,-122.24
3611,000963.SZ,20200803,68475,19477.12,81806,23309.8,102434,29144.23,108788,30978.91,101316,28864.82,100721,28676.72,56038,16008.12,36947,10528.87,10257,2963.58
3612,002349.SZ,20200803,94542,5847.36,86913,5383.08,100933,6240.41,92838,5743.88,43624,2706.95,69192,4282.2,13541,840.09,3696,225.65,21427,1344.31
3613,002503.SZ,20200803,338205,9958.85,413927,12211.08,366948,10806.19,427083,12578.1,375372,11052.95,292154,8600.8,175284,5171.0,122645,3599.01,178597,5298.23
3614,002748.SZ,20200803,13499,1036.45,14390,1104.62,11521,884.24,10587,811.78,3914,302.12,3957,306.41,0,0.0,0,0.0,8726,670.99
3615,002902.SZ,20200803,32438,6954.26,58039,12520.44,44459,9525.4,65156,14053.68,49458,10641.22,37300,8063.79,43031,9460.86,8891,1943.82,54744,11812.2
3616,300363.SZ,20200803,26359,8556.95,24292,7893.15,27561,8941.48,31177,10117.05,18602,6047.48,15545,5046.19,926,297.83,2435,787.34,-1269,-398.6
3617,600360.SH,20200803,151302,14615.48,183705,17793.2,206080,19912.3,200090,19349.61,140472,13599.92,138782,13413.97,49731,4841.74,25007,2412.67,42024,4138.97
3618,300380.SZ,20200803,7901,1588.37,8244,1660.18,7743,1559.86,8469,1706.18,5413,1091.55,4246,853.67,136,27.53,234,47.28,4827,973.19
3619,300429.SZ,20200803,46096,8289.74,42071,7565.05,75174,13513.69,77573,13946.09,52236,9395.34,49516,8911.74,8526,1534.91,12872,2310.79,18620,3366.92
3620,600426.SH,20200803,49537,11492.96,51687,12009.85,55331,12841.85,61422,14285.36,57886,13474.35,53549,12445.76,24629,5730.84,20724,4799.02,-24374,-5628.21
3621,603928.SH,20200803,8039,993.64,7796,965.22,10433,1291.32,11157,1380.12,1978,244.8,1497,184.43,0,0.0,0,0.0,-2278,-281.56
3622,002896.SZ,20200803,6388,1857.45,7483,2176.7,7068,2056.33,8653,2516.78,4599,1335.19,2057,594.85,138,39.36,0,0.0,3087,909.05
3623,600557.SH,20200803,26760,4104.0,35318,5428.46,37731,5794.31,40572,6234.47,39924,6135.57,37796,5802.65,10932,1686.13,1660,254.42,14450,2230.37
3624,600711.SH,20200803,173494,10974.11,150490,9545.53,280371,17751.45,270277,17129.18,266252,16861.64,306037,19362.65,193783,12282.43,187096,11832.27,-26846,-1621.18
3625,300845.SZ,20200803,15501,7380.89,20495,9756.32,24904,11842.12,24145,11466.89,14601,6961.2,12377,5903.77,3883,1850.76,1871,907.99,6976,3346.06
3626,600688.SH,20200803,56410,2038.11,77212,2793.8,77329,2793.95,69795,2525.53,81583,2949.49,75905,2743.47,35996,1306.84,28407,1025.6,-32028,-1142.95
3627,002043.SZ,20200803,62634,6640.24,86154,9148.66,70749,7499.88,90167,9560.12,82186,8716.21,49145,5200.53,15946,1697.43,6049,644.45,20635,2213.27
3628,300368.SZ,20200803,73812,7573.56,75588,7785.03,109188,11205.23,103506,10639.5,76631,7886.08,70409,7228.06,19168,1980.43,29296,2992.72,2544,297.42
3629,300522.SZ,20200803,16716,4412.53,16847,4453.39,19598,5176.92,16089,4250.86,16640,4408.81,21102,5587.11,2484,661.32,1400,368.22,-4157,-1082.12
3630,600365.SH,20200803,69555,2437.51,72289,2540.44,58584,2056.31,65011,2282.81,35407,1236.18,19784,690.32,12959,458.72,19421,675.15,46193,1624.48
3631,600973.SH,20200803,57643,2645.9,59648,2737.7,104169,4782.75,126024,5789.27,108736,4996.24,82118,3768.48,13673,627.36,16431,756.8,24468,1130.75
3632,601666.SH,20200803,98400,4990.46,83247,4231.3,114515,5804.89,118327,6009.89,96628,4904.92,113105,5733.47,28043,1429.97,22906,1155.57,-13040,-621.68
3633,000837.SZ,20200803,27220,1337.39,39344,1935.56,54619,2685.11,47200,2320.36,36284,1783.74,38335,1885.47,9358,464.16,2601,129.01,20399,993.96
3634,002174.SZ,20200803,85988,19180.03,98643,22064.98,152159,33963.74,134885,30152.55,139480,31180.19,141295,31558.11,54826,12319.33,57630,12867.66,-14218,-3061.2
3635,603337.SH,20200803,9185,1845.77,11971,2405.84,9946,1998.98,5654,1136.75,2563,515.55,4069,817.71,0,0.0,0,0.0,-7758,-1557.37
3636,000968.SZ,20200803,20847,1725.07,17685,1464.89,25610,2119.96,29228,2419.65,18011,1491.12,16191,1340.81,3574,297.16,4938,407.96,11006,913.14
3637,002508.SZ,20200803,38412,14906.23,44893,17435.72,40170,15602.41,32916,12781.27,33960,13208.03,27349,10617.86,14151,5511.47,21536,8393.28,4699,1878.32
3638,300123.SZ,20200803,165751,33171.74,185782,37148.84,261784,52404.51,271360,54283.47,283078,56646.52,287041,57392.91,207443,41321.92,173874,34719.48,152370,30787.48
3639,600120.SH,20200803,64640,4788.67,66682,4943.3,97127,7197.63,88596,6566.92,95384,7072.38,98974,7331.59,44380,3289.87,47279,3506.73,10074,767.84
3640,688418.SH,20200803,21162,10315.42,12221,6008.87,41469,20263.86,32289,15828.56,44143,21602.49,51894,25347.55,12124,5936.75,22495,10933.55,-9184,-4454.86
3641,002590.SZ,20200803,25967,1909.82,26610,1957.59,20421,1500.81,20994,1542.23,11976,879.58,10760,790.38,0,0.0,0,0.0,21130,1555.09
3642,002639.SZ,20200803,158382,13041.67,132656,10937.18,253202,20860.9,241473,19903.63,176615,14555.77,169088,13932.79,41902,3464.24,86882,7148.98,-60592,-4930.03
3643,601398.SH,20200803,353609,17594.06,288889,14374.62,631622,31428.41,708996,35277.75,577734,28752.42,696542,34663.32,883903,43995.64,752441,37454.84,-521525,-25863.11
3644,000723.SZ,20200803,150224,10079.01,194667,13086.62,249956,16780.95,232124,15592.14,244592,16445.47,260164,17473.74,95688,6433.5,53505,3586.42,162342,10964.69
3645,600097.SH,20200803,52088,6052.15,30934,3602.65,70916,8253.46,51853,6043.44,41524,4827.27,65906,7666.47,1000,114.99,16834,1935.32,-19226,-2207.16
3646,600251.SH,20200803,77556,5614.09,75717,5482.34,108425,7851.69,90773,6574.62,101020,7316.67,111510,8073.59,61959,4500.14,70960,5152.04,79740,5805.17
3647,603599.SH,20200803,26075,4702.93,23034,4162.24,36234,6543.25,32626,5894.19,19956,3605.55,25546,4607.51,1600,290.22,2659,477.99,6624,1207.49
3648,300385.SZ,20200803,31716,2405.88,34196,2595.78,37378,2830.41,37551,2842.96,23263,1768.35,22036,1675.26,1425,109.36,0,0.0,10340,772.17
3649,600382.SH,20200803,44169,2502.5,45548,2581.44,48798,2759.56,50396,2853.15,36036,2040.23,36800,2081.15,3741,213.46,0,0.0,34964,1984.23
3650,000400.SZ,20200803,83759,13536.43,121860,19716.71,120063,19419.36,116537,18852.76,108690,17589.16,77818,12588.63,22571,3659.57,18868,3046.42,-31547,-5060.69
3651,300670.SZ,20200803,26718,1996.63,27127,2030.79,22218,1660.57,21629,1617.83,15289,1146.28,18870,1412.16,3473,262.78,72,5.46,6570,496.73
3652,300719.SZ,20200803,35810,5561.78,53017,8277.17,72826,11267.19,66726,10440.48,41890,6561.1,53040,8264.48,36608,5866.88,14352,2274.82,4256,477.73
3653,600716.SH,20200803,18928,778.9,11799,486.12,20726,853.2,17256,711.1,11589,477.7,22188,912.59,0,0.0,0,0.0,3459,143.56
3654,601360.SH,20200803,86951,17218.65,119097,23616.94,147143,29148.71,142934,28324.09,126992,25173.99,100768,19954.71,48622,9644.35,46908,9289.97,47853,9493.08
3655,002677.SZ,20200803,21819,3026.2,16505,2294.71,18039,2502.0,17383,2413.99,16080,2230.81,11900,1650.84,3215,448.09,13365,1847.56,-3353,-456.96
3656,002831.SZ,20200803,15349,5362.13,18045,6308.17,16618,5798.66,15712,5492.1,13930,4858.85,11525,4016.13,2400,846.87,3015,1050.11,-5822,-2011.08
3657,300292.SZ,20200803,152163,8115.02,159419,8516.82,222138,11854.66,212430,11339.17,141116,7537.07,169881,9064.26,60676,3243.78,34363,1830.28,-2676,-107.62
3658,600338.SH,20200803,109063,13633.23,103596,12961.41,133518,16695.88,136624,17081.11,94232,11794.84,92944,11626.14,14589,1827.45,18237,2282.74,36183,4556.05
3659,000153.SZ,20200803,173941,23767.93,169571,23163.75,223219,30477.52,224887,30692.72,174193,23784.24,179728,24583.17,51752,7059.01,48919,6649.05,-5216,-598.24
3660,002962.SZ,20200803,10190,2496.66,9722,2387.33,9855,2419.74,10801,2648.46,4677,1146.64,4600,1125.83,1175,288.96,774,190.38,3045,752.49
3661,300626.SZ,20200803,12211,1182.08,9110,883.5,15853,1534.96,12973,1257.74,3733,362.97,6159,596.58,0,0.0,3555,342.18,3876,377.76
3662,600469.SH,20200803,21203,1077.45,18356,934.23,30004,1523.58,27182,1381.98,20833,1059.42,22921,1161.88,2419,122.16,6000,304.53,2149,114.74
3663,600623.SH,20200803,66644,3991.0,52694,3160.06,76282,4571.61,69442,4158.26,56620,3396.73,75570,4531.07,5749,343.98,7589,453.93,9371,567.6
3664,300757.SZ,20200803,2853,1366.9,3534,1694.09,4342,2070.33,4877,2333.09,3807,1825.05,3339,1600.81,10746,5140.28,9998,4774.58,11616,5551.28
3665,600754.SH,20200803,17765,7050.13,17813,7074.19,13553,5380.45,16287,6464.65,11302,4489.59,8785,3490.03,1954,777.69,1689,668.99,-2685,-1054.23
3666,601601.SH,20200803,60837,18174.16,86118,25747.25,97728,29200.46,100158,29924.46,128398,38345.65,103659,30963.9,71549,21394.5,68577,20479.16,41739,12537.25
3667,600101.SH,20200803,18921,1179.03,19764,1232.71,25320,1578.72,32282,2012.85,23576,1471.07,13710,854.3,0,0.0,2060,128.96,7149,446.45
3668,603603.SH,20200803,39188,3315.96,42868,3631.83,50302,4256.68,47334,4003.81,26350,2230.11,24378,2060.48,0,0.0,1260,106.64,6328,539.74
3669,688196.SH,20200803,7265,3662.85,8305,4168.41,14134,7101.32,15629,7849.21,12166,6094.87,11823,5934.71,3580,1804.23,1388,710.94,5138,2618.71
3670,002571.SZ,20200803,53946,2929.32,64671,3512.57,74911,4065.56,69209,3755.71,39503,2147.33,27682,1502.23,2593,140.14,9391,511.86,12247,674.53
3671,300235.SZ,20200803,16925,2948.88,25126,4387.73,23832,4159.6,21400,3731.42,14592,2546.24,6857,1194.31,12,2.1,1978,343.36,6801,1189.7
3672,600078.SH,20200803,76045,3710.84,75988,3710.23,86894,4241.92,82226,4012.73,56792,2773.23,64176,3132.79,8566,419.54,5907,289.78,37445,1836.13
3673,600232.SH,20200803,16362,1045.82,18607,1192.13,20199,1292.04,23734,1518.04,13475,864.06,7297,468.57,2448,157.81,2846,181.01,9824,628.06
3674,603095.SH,20200803,8112,2423.43,7800,2333.44,8631,2581.95,9942,2973.48,3225,964.93,2690,803.15,464,139.76,0,0.0,2989,895.54
3675,000880.SZ,20200803,14138,1293.89,13117,1201.94,14284,1309.41,12785,1170.87,7442,682.44,4372,399.49,0,0.0,5590,513.44,9005,824.54
3676,000929.SZ,20200803,26941,1947.97,21807,1576.98,14248,1031.1,19993,1446.5,6695,484.25,6084,439.84,0,0.0,0,0.0,16866,1223.16
3677,002266.SZ,20200803,153670,8726.68,169310,9632.5,202088,11478.24,168389,9575.56,135906,7735.73,137631,7825.86,61702,3516.88,78036,4423.61,-54536,-3042.35
3678,002420.SZ,20200803,16513,630.35,18495,707.95,26691,1020.45,18922,723.13,12087,461.35,17874,681.07,0,0.0,0,0.0,4165,160.83
3679,603380.SH,20200803,13137,2524.59,12406,2384.02,11559,2219.64,11525,2213.7,3365,647.0,4311,828.19,712,136.47,531,101.79,-4198,-803.36
3680,002074.SZ,20200803,88347,22231.49,57782,14585.43,129408,32594.32,106889,26956.16,131993,33253.78,124385,31321.95,58979,14852.83,119670,30068.88,7257,1845.21
3681,000868.SZ,20200803,47939,1875.17,36762,1440.99,38806,1519.89,48972,1918.13,16393,641.28,31844,1245.49,19188,754.39,4748,186.12,10016,399.83
3682,002408.SZ,20200803,86539,6908.19,106780,8538.96,116231,9283.34,149528,11970.38,156766,12547.18,111589,8929.84,66893,5386.2,58531,4685.73,73187,5880.47
3683,300023.SZ,20200803,21236,2597.12,19533,2394.44,22208,2715.23,26616,3266.22,18992,2335.39,16541,2024.96,5625,691.24,5370,653.37,8810,1096.26
3684,600020.SH,20200803,35507,1329.07,47204,1771.16,47361,1773.86,42125,1578.3,39180,1467.64,39382,1475.08,21402,804.46,14740,550.5,33677,1268.09
3685,603368.SH,20200803,48932,13335.65,49801,13595.73,81508,22213.78,69300,18901.02,70489,19213.05,70040,19089.86,21590,5886.11,33378,9061.98,-1414,-350.28
3686,688318.SH,20200803,43,127.52,140,416.29,10185,30150.49,10042,29844.38,8301,24665.15,9158,27121.18,2928,8700.28,2117,6261.58,1556,4716.4
3687,000676.SZ,20200803,73372,6207.09,74551,6313.78,117035,9900.32,100306,8493.09,67495,5715.24,73179,6184.56,8307,704.85,18174,1536.08,8264,715.06
3688,000830.SZ,20200803,207938,23032.29,140813,15600.03,228764,25369.05,213275,23683.84,167610,18585.75,218358,24242.15,46250,5155.53,78116,8616.59,-93974,-10314.65
3689,002216.SZ,20200803,42626,11842.75,34449,9576.82,33597,9339.19,35750,9937.66,15884,4414.9,19657,5457.07,1564,435.74,3814,1061.03,-6550,-1810.11
3690,603330.SH,20200803,10302,3690.2,8377,2998.47,9763,3493.27,11127,3986.79,5619,2007.8,6895,2464.77,2298,825.85,1583,567.08,3530,1271.83
3691,688126.SH,20200803,112856,59603.54,63177,33740.7,300881,159663.8,245322,130397.72,409191,217614.45,460004,244205.87,165783,88218.43,220207,116755.94,-63129,-33169.87
3692,300384.SZ,20200803,10161,1864.34,11212,2059.33,16147,2966.29,16050,2946.47,10775,1978.88,9583,1759.95,910,167.34,1148,211.11,-830,-150.3
3693,600381.SH,20200803,50230,2770.34,34259,1891.52,38092,2098.51,49007,2704.1,23270,1285.54,30557,1681.28,2231,122.5,0,0.0,17415,964.44
3694,603883.SH,20200803,12729,12861.0,9441,9552.31,18880,19093.53,20956,21197.9,17311,17521.17,17302,17503.36,5719,5785.64,6941,7007.76,-3540,-3548.56
3695,300718.SZ,20200803,14383,2628.04,14701,2693.25,16024,2931.49,15560,2845.76,5783,1062.19,5929,1082.7,0,0.0,0,0.0,5242,962.26
3696,600715.SH,20200803,52036,1566.37,44846,1350.55,59028,1777.48,59590,1793.57,29149,879.41,22228,671.56,3451,104.57,17000,512.15,32490,981.98
3697,000530.SZ,20200803,106614,4601.26,108468,4691.92,135396,5855.23,139751,6039.64,118507,5121.23,105350,4541.81,14367,619.72,21316,924.07,-29235,-1228.01
3698,300849.SZ,20200803,18212,5310.06,23654,6920.27,24066,7023.85,24073,7028.11,15431,4507.66,12831,3739.84,3883,1143.52,1034,296.87,4013,1205.41
3699,600846.SH,20200803,33510,2976.62,39204,3484.01,56737,5039.45,56916,5057.25,35330,3140.1,34824,3092.39,7940,706.08,2573,228.6,7758,693.71
3700,603030.SH,20200803,75080,5417.77,63542,4598.15,93391,6740.7,75706,5476.86,81268,5871.75,103111,7435.52,37139,2687.76,44519,3207.46,-7222,-505.55
3701,000661.SZ,20200803,0,0.0,15,73.87,30030,148532.46,26960,133568.73,18473,91491.9,18450,91394.41,15980,79301.85,19057,94289.2,-8416,-41374.29
3702,002047.SZ,20200803,47387,2419.42,37342,1910.11,74032,3778.98,63244,3231.39,77638,3968.36,84966,4337.45,7930,405.06,21435,1092.86,5846,303.8
3703,002201.SZ,20200803,27707,4126.44,25852,3855.48,32525,4846.17,35288,5258.49,18098,2701.88,18391,2740.29,1200,179.77,0,0.0,11076,1657.75
3704,600977.SH,20200803,78046,11558.24,64251,9529.09,115651,17141.89,83303,12347.13,68497,10155.98,110963,16439.91,10169,1509.41,13845,2049.39,-32790,-4825.13
3705,600408.SH,20200803,20900,387.39,20996,389.55,31414,582.09,30304,562.14,21297,394.43,12311,227.23,0,0.0,10000,185.0,4997,94.63
3706,603861.SH,20200803,11056,961.98,8922,777.03,11307,984.34,12796,1113.77,4068,354.47,2713,236.58,0,0.0,2000,173.4,4297,374.23
3707,000069.SZ,20200803,141214,10237.73,186070,13559.43,258007,18708.14,253667,18477.59,318210,23125.66,299767,21831.16,248536,18236.36,226463,16439.71,64265,4842.64
3708,002878.SZ,20200803,14120,3004.01,16085,3426.09,18127,3859.29,16406,3493.21,8766,1868.82,8578,1825.82,1041,223.13,984,210.13,-1334,-277.56
3709,300493.SZ,20200803,49165,4549.87,42500,3942.28,51539,4773.64,54657,5063.33,32056,2970.76,38470,3557.54,5942,556.2,3076,287.32,15910,1488.55
3710,600490.SH,20200803,347631,15538.4,220236,9890.89,502285,22492.12,407428,18285.86,435009,19503.73,467830,20939.57,113295,5114.99,302726,13532.92,19924,1018.22
3711,600539.SH,20200803,4635,328.23,2345,166.37,3110,220.29,3989,282.83,1539,109.06,2950,208.39,0,0.0,0,0.0,-304,-20.87
3712,603992.SH,20200803,16182,2971.74,16468,3028.41,19696,3621.74,21620,3973.99,8166,1504.1,6506,1196.92,550,101.75,0,0.0,2232,418.38
3713,300827.SZ,20200803,3163,1460.81,3273,1513.6,4323,1997.49,4913,2271.55,2568,1189.74,1868,862.89,0,0.0,0,0.0,1330,618.34
3714,600824.SH,20200803,44207,1859.74,33968,1431.71,51100,2151.81,51507,2168.6,29116,1225.8,34947,1469.04,0,0.0,4000,168.0,-10166,-419.44
3715,002025.SZ,20200803,24307,11820.17,29295,14254.1,31270,15117.31,43585,21119.59,38187,18545.2,37904,18447.66,31853,15636.34,14832,7297.67,22032,10810.21
3716,000819.SZ,20200803,19300,1591.41,19186,1583.16,28976,2390.85,29602,2441.95,16789,1385.22,16303,1344.44,25,2.07,0,0.0,-2851,-233.32
3717,002156.SZ,20200803,151919,42070.29,184684,51253.08,210907,58403.14,225617,62488.12,199661,55326.96,210590,58397.19,134784,37398.67,76381,21060.68,49689,14030.53
3718,603877.SH,20200803,14555,2395.57,15820,2604.47,12309,2024.14,12918,2123.41,3853,634.2,1980,326.03,0,0.0,0,0.0,4708,772.93
3719,300663.SZ,20200803,31587,10468.68,35707,11861.69,49516,16421.88,57293,19013.85,47488,15759.45,42905,14230.31,19286,6418.83,11973,3963.0,-10593,-3503.99
3720,600660.SH,20200803,104946,27436.01,184921,48130.11,157865,41115.57,179802,46879.74,179206,46467.47,129128,33690.57,83966,21991.11,32134,8309.75,127942,33607.3
3721,601199.SH,20200803,44586,2136.38,47265,2266.47,55385,2658.08,58166,2789.29,30838,1478.95,27474,1318.89,2096,101.24,0,0.0,11663,565.91
3722,000524.SZ,20200803,116000,12442.68,120137,12977.63,134965,14541.03,145982,15746.61,93142,10026.92,104956,11369.37,55782,6169.92,28812,3086.94,52428,5867.49
3723,600791.SH,20200803,104476,5437.28,109292,5696.17,130070,6774.61,137573,7167.08,97726,5098.85,83046,4323.33,7576,397.51,9938,521.67,42543,2255.43
3724,600050.SH,20200803,253419,13023.84,374608,19272.41,372529,19153.35,462199,23767.35,494470,25426.92,419110,21538.69,531801,27359.11,396303,20384.76,280512,14496.44
3725,603398.SH,20200803,27483,2889.84,30261,3185.95,44381,4672.46,38965,4103.78,27508,2901.31,28609,3013.28,4800,516.3,6338,676.91,-12209,-1280.74
3726,002569.SZ,20200803,3333,471.1,1807,256.83,8109,1150.14,5981,849.06,2633,373.6,6287,888.95,0,0.0,0,0.0,-1397,-196.92
3727,002723.SZ,20200803,22397,2748.21,20984,2576.62,19912,2444.58,19967,2450.5,8068,990.06,9223,1131.15,797,97.95,1000,122.53,4891,601.61
3728,300184.SZ,20200803,79773,5198.81,87850,5727.43,97203,6335.41,97386,6349.01,65382,4262.39,55690,3629.15,19701,1287.59,21133,1378.61,28210,1851.6
3729,603683.SH,20200803,11878,1634.98,11614,1601.63,12523,1724.0,16067,2210.93,9237,1273.59,5292,727.73,1277,176.23,1943,268.51,1725,244.48
3730,000045.SZ,20200803,54498,5710.23,71783,7515.39,72397,7567.77,81350,8520.96,67214,7041.73,67194,7024.89,34731,3617.07,8513,875.56,19678,2089.91
3731,002327.SZ,20200803,28324,2152.26,25084,1905.79,22912,1741.7,21879,1662.98,7038,534.16,11997,911.35,697,52.83,11,0.84,-4560,-339.67
3732,002458.SZ,20200803,81006,12917.15,89595,14301.19,104041,16595.15,117584,18758.94,65452,10446.37,64285,10256.3,33622,5374.18,12656,2016.41,35291,5667.64
3733,002612.SZ,20200803,26606,2762.47,39906,4149.47,39537,4092.23,40807,4237.22,30681,3172.7,23728,2442.55,12578,1328.7,4961,526.86,13373,1375.21
3734,300073.SZ,20200803,31577,11238.66,42221,15054.51,48704,17354.93,56309,20063.0,49858,17782.38,40612,14472.04,18063,6448.11,9059,3234.53,10904,3931.0
3735,600070.SH,20200803,43683,6576.16,59209,8928.69,86270,12993.94,83728,12636.75,89579,13517.3,76347,11501.22,19041,2878.28,19289,2899.03,-28602,-4262.12
3736,600119.SH,20200803,10719,1066.41,4566,455.31,19658,1956.67,17312,1724.81,8685,865.82,15226,1515.93,2417,241.65,4375,434.49,-7179,-708.02
3737,688368.SH,20200803,1696,2119.68,1958,2447.99,4795,5999.36,4650,5844.75,4865,6154.77,5117,6448.01,791,998.12,422,531.18,2830,3566.37
3738,600800.SH,20200803,22176,1078.71,25892,1261.98,31777,1547.14,36355,1769.75,31399,1531.82,22254,1084.46,2150,104.92,3000,146.4,18614,908.14
3739,601339.SH,20200803,25774,982.79,29918,1140.65,29031,1106.37,28190,1074.56,25598,975.69,23219,884.85,7000,266.7,6076,231.5,30839,1177.95
3740,002001.SZ,20200803,72109,21328.92,84710,25102.27,107225,31740.77,100979,29918.31,130078,38513.87,118160,34965.26,51750,15338.1,57314,16935.83,10284,3146.95
3741,600777.SH,20200803,445675,8290.18,390303,7271.2,527003,9810.49,504731,9399.03,405988,7561.45,459004,8539.06,112547,2096.66,137175,2549.5,-213972,-3920.45
3742,000592.SZ,20200803,410434,15099.07,487834,18029.57,532719,19611.57,498088,18363.69,428374,15801.01,368335,13520.97,168322,6232.15,185592,6829.57,219909,8251.6
3743,000065.SZ,20200803,28786,2361.12,30188,2476.63,38841,3178.32,42740,3501.83,23587,1926.78,27841,2281.41,15000,1237.95,5444,444.3,36721,3024.83
3744,300538.SZ,20200803,13474,3300.62,13191,3233.33,14622,3585.04,14970,3670.02,8183,2010.35,7019,1722.65,401,97.87,1500,367.88,1350,326.15
3745,600535.SH,20200803,58018,10203.15,63009,11096.02,85815,15099.23,76363,13436.09,65131,11469.82,66707,11740.37,12132,2141.91,15017,2641.63,-8270,-1444.36
3746,601228.SH,20200803,74710,2547.33,88318,3015.83,81207,2769.57,79638,2717.42,67469,2303.47,51948,1770.42,3333,113.66,6815,230.35,30051,1037.47
3747,300669.SZ,20200803,4308,1448.9,4363,1466.84,4784,1607.23,6841,2298.84,4542,1525.67,2427,815.59,1739,584.31,1741,584.84,-2494,-833.71
3748,300823.SZ,20200803,8069,2435.48,9009,2723.23,10387,3141.38,10035,3032.73,3283,992.7,2694,813.59,0,0.0,0,0.0,4914,1485.81
3749,600666.SH,20200803,30340,451.34,23918,356.34,41479,617.69,33813,503.54,12495,185.81,26583,394.96,0,0.0,0,0.0,-20947,-310.25
3750,600820.SH,20200803,47856,2909.54,59422,3613.36,66162,4022.04,56007,3405.9,55181,3354.52,49438,3005.27,19192,1167.37,23525,1428.93,-16276,-981.85
3751,603557.SH,20200803,54342,5619.66,44211,4576.99,73651,7615.27,81814,8469.68,58205,6020.98,63490,6556.61,18652,1923.65,15335,1576.29,-25842,-2640.9
3752,603711.SH,20200803,9903,2806.57,9303,2640.93,8135,2307.1,5952,1690.05,4740,1342.05,3637,1029.5,2583,727.45,6469,1822.68,3973,1125.32
3753,002728.SZ,20200803,24165,3841.25,19121,3046.58,31439,5003.2,28943,4603.9,9383,1497.61,13501,2148.64,1860,294.31,5282,837.26,-4099,-645.26
3754,300189.SZ,20200803,103420,4519.61,105647,4621.12,164580,7193.4,170855,7468.92,120621,5273.92,109855,4801.38,15806,693.35,18070,788.85,-34986,-1507.19
3755,300343.SZ,20200803,150733,3567.98,152077,3604.72,170332,4033.36,166890,3953.8,115284,2729.23,99058,2341.94,23504,556.6,41829,986.71,57632,1375.77
3756,002283.SZ,20200803,167142,12600.33,149089,11276.81,215108,16237.89,203560,15387.15,155056,11742.81,189501,14300.13,31305,2370.75,26460,1987.68,-43561,-3192.14
3757,300101.SZ,20200803,128540,19255.96,139753,20933.66,187984,28106.45,195039,29190.2,175273,26250.18,175654,26265.22,63784,9548.77,45134,6772.29,60065,9104.22
3758,603600.SH,20200803,24187,3690.17,19781,3024.35,25904,3957.76,30402,4642.68,10753,1646.72,12015,1833.17,1354,205.56,0,0.0,-11314,-1715.04
3759,002617.SZ,20200803,146785,8374.37,171525,9830.74,178082,10171.07,197170,11291.34,138951,7975.07,168626,9648.8,94293,5445.78,20790,1195.42,18503,1077.3
3760,300078.SZ,20200803,101901,13331.98,67861,8954.84,161075,21100.73,124339,16324.15,148632,19479.69,211661,27629.16,27636,3629.1,35383,4633.36,-12996,-1622.55
3761,300232.SZ,20200803,121281,10912.81,84819,7636.59,187599,16879.82,152389,13732.16,107175,9650.86,144582,13007.03,6618,596.77,40882,3664.46,-6131,-519.72
3762,600075.SH,20200803,168195,11889.36,152583,10840.21,183327,12972.36,203517,14423.3,152320,10838.8,165533,11727.86,43534,3104.99,25743,1814.14,33987,2469.58
3763,603577.SH,20200803,30499,3530.84,27761,3218.07,27698,3208.86,30649,3550.19,16190,1878.21,15977,1849.65,0,0.0,0,0.0,12541,1460.01
3764,002006.SZ,20200803,48963,2602.19,53274,2832.39,47834,2540.97,59344,3152.1,31170,1660.17,24906,1325.76,9558,506.92,0,0.0,39128,2085.71
3765,600936.SH,20200803,27202,1138.07,34397,1439.15,29870,1250.04,37057,1549.43,29269,1225.78,20929,877.69,6042,252.37,0,0.0,25351,1063.2
3766,000597.SZ,20200803,78174,4421.13,64697,3662.1,71171,4024.04,85024,4811.36,61577,3485.35,60998,3446.28,11597,657.96,11801,668.74,4391,259.98
3767,000751.SZ,20200803,94618,3005.0,128685,4097.63,140402,4463.89,131780,4190.83,126160,4013.87,124279,3949.2,35957,1147.17,12394,392.27,46457,1496.67
3768,600409.SH,20200803,204617,12738.08,189513,11828.04,283754,17675.29,237020,14784.86,219684,13686.66,219864,13715.7,90243,5650.44,151900,9421.87,-15362,-857.01
3769,002879.SZ,20200803,20307,3546.75,16829,2940.56,28206,4926.3,23792,4157.14,10525,1839.1,13085,2284.17,0,0.0,5331,930.27,-1647,-284.45
3770,300494.SZ,20200803,44100,9440.72,41073,8805.04,53061,11374.5,50208,10763.72,27918,5991.14,31679,6784.67,4054,871.12,6173,1324.06,-12305,-2610.47
3771,600491.SH,20200803,28787,2486.69,27782,2403.24,46115,3985.48,46901,4054.48,33323,2880.57,33798,2920.13,9569,828.2,9313,803.09,-3768,-315.21
3772,603993.SH,20200803,537596,23919.0,742356,33169.38,752732,33519.57,871552,38883.64,952899,42456.69,842785,37597.44,840582,37603.87,627115,27848.67,443079,20066.94
3773,300828.SZ,20200803,8213,2450.51,11105,3315.53,11797,3520.11,10675,3188.71,5356,1601.16,4495,1339.04,909,271.5,0,0.0,3522,1054.79
3774,600825.SH,20200803,24461,1502.13,14087,865.54,26961,1655.77,29598,1818.5,24489,1504.78,30526,1873.92,0,0.0,1700,104.72,1362,87.44
3775,601518.SH,20200803,18280,449.38,18564,457.14,27914,686.82,24965,614.39,28362,698.87,31026,763.55,0,0.0,0,0.0,7902,196.04
3776,002026.SZ,20200803,111330,10953.36,101489,10027.55,160769,15851.52,165498,16325.8,159240,15704.61,177800,17561.79,69764,6930.13,56318,5524.49,-37997,-3567.04
3777,002684.SZ,20200803,29002,1266.24,22270,977.23,36266,1584.9,32134,1407.73,13481,585.82,18746,811.7,0,0.0,5600,240.3,-20764,-895.07
3778,300348.SZ,20200803,48202,10482.16,53307,11626.75,79691,17330.98,72832,15847.03,74737,16271.16,86584,18835.89,30089,6573.5,19997,4348.12,9942,2217.98
3779,300502.SZ,20200803,33360,25632.47,31036,23900.23,35970,27599.98,39258,30128.46,31386,24113.17,35381,27116.8,22632,17321.57,17673,13521.7,12676,9843.95
3780,601058.SH,20200803,153524,6387.66,175589,7301.44,192176,7963.66,218262,9065.31,152482,6322.6,137286,5693.87,71178,2967.74,38223,1581.04,100079,4148.68
3781,601212.SH,20200803,492826,16882.13,374153,12836.34,471212,16151.47,478804,16408.29,468599,16079.58,481787,16514.93,136868,4699.02,234761,8052.65,-102540,-3408.34
3782,603867.SH,20200803,15956,4361.0,22635,6205.4,30070,8240.83,29585,8107.99,25860,7086.39,20654,5645.79,4603,1264.47,3615,993.51,10414,2891.37
3783,300499.SZ,20200803,25846,3046.8,11341,1337.74,26808,3160.6,19895,2347.93,17458,2057.47,31759,3741.55,900,106.2,8018,943.83,-6949,-811.96
3784,300653.SZ,20200803,8995,6688.21,7996,5948.23,8972,6671.33,8047,5992.62,5808,4319.49,6666,4954.41,1589,1181.32,2655,1965.1,-2891,-2137.55
3785,600496.SH,20200803,274311,13771.98,231698,11646.23,396960,19949.9,317251,15946.59,225746,11357.71,268834,13511.05,44681,2246.88,123914,6222.59,-101126,-5031.85
3786,600650.SH,20200803,24728,2624.91,20686,2196.61,21366,2268.44,23779,2524.85,7530,800.3,10242,1086.06,1083,113.86,0,0.0,8540,907.95
3787,603998.SH,20200803,51750,3861.61,54993,4107.15,51252,3828.53,49304,3680.29,21690,1619.4,22407,1673.7,2012,151.61,0,0.0,16212,1218.78
3788,000514.SZ,20200803,26057,1098.8,27122,1145.4,34006,1434.04,30396,1283.13,14913,630.08,22152,933.91,8019,339.5,3325,139.98,7387,314.5
3789,600781.SH,20200803,31180,1170.02,37140,1394.96,42713,1599.45,39761,1489.56,15402,577.27,18066,675.39,8362,315.12,2690,101.95,4304,164.12
3790,600892.SH,20200803,23610,720.39,15161,463.96,44700,1365.74,34581,1057.2,19397,592.59,30965,944.94,0,0.0,7000,212.62,-2129,-59.85
3791,000756.SZ,20200803,63952,7896.19,68442,8458.6,70146,8667.47,71427,8825.15,45314,5598.22,44957,5553.04,13033,1621.49,7618,946.59,-15585,-1909.66
3792,300254.SZ,20200803,19452,1483.28,19939,1522.78,19335,1474.6,19318,1472.58,9558,729.43,12633,962.83,3545,270.89,0,0.0,601,48.99
3793,002732.SZ,20200803,8040,2238.56,9046,2522.09,7016,1955.63,6945,1935.4,4048,1127.84,3196,889.18,899,250.81,815,226.17,-3510,-976.12
3794,300193.SZ,20200803,32345,2609.34,38029,3070.11,50184,4049.52,36413,2939.97,20064,1621.02,24216,1952.81,2861,231.08,6796,548.07,-17660,-1419.58
3795,600190.SH,20200803,36394,1152.86,41542,1319.83,37867,1201.09,35939,1139.63,27241,863.27,27232,860.52,3211,102.75,0,0.0,29707,946.91
3796,600239.SH,20200803,80698,3597.18,62654,2797.76,146375,6526.76,105148,4692.15,133696,5967.5,138222,6163.45,18850,844.09,73594,3282.17,-49421,-2186.1
3797,688488.SH,20200803,20425,8554.94,13184,5555.21,47512,19946.08,44894,18862.9,51012,21435.58,58272,24418.49,13978,5814.6,16577,6914.61,-3875,-1558.11
3798,002863.SZ,20200803,38432,2380.85,35193,2180.75,40692,2521.26,48008,2973.86,34492,2135.19,29770,1844.3,6692,415.19,7337,453.58,-2437,-145.76
3799,300527.SZ,20200803,87986,8848.92,92012,9246.36,103478,10382.3,117407,11783.14,89197,8952.59,79340,7967.45,18251,1838.28,10153,1025.15,79568,8007.44
3800,300658.SZ,20200803,10603,3553.78,12368,4152.03,14198,4763.01,13703,4596.37,9040,3038.83,7522,2525.77,835,279.69,1084,361.15,2153,724.97
3801,300812.SZ,20200803,2637,1400.97,2817,1498.2,3775,2008.3,3359,1786.92,2112,1123.98,2349,1249.1,440,234.88,439,233.91,696,370.01
3802,600655.SH,20200803,55785,5771.37,69503,7200.92,76856,7954.79,70502,7301.83,80089,8296.49,61513,6375.27,17729,1838.76,28942,2983.4,207,34.66
3803,000519.SZ,20200803,283957,33088.15,331531,38712.27,412502,48072.61,405666,47318.54,358642,41783.79,369213,42976.03,165572,19302.31,114263,13240.01,138216,16276.86
3804,002010.SZ,20200803,63979,3729.21,63525,3703.78,84041,4899.27,62218,3627.7,72100,4203.54,76293,4448.42,8949,521.69,27033,1573.8,15125,888.94
3805,000531.SZ,20200803,51391,5636.83,77291,8490.31,78682,8610.29,94596,10389.11,81166,8920.25,61361,6732.6,34772,3865.98,12762,1421.33,53816,6016.1
3806,600847.SH,20200803,7342,887.79,7373,892.28,6313,764.03,7094,858.07,1648,199.54,856,103.42,1100,133.1,1080,130.68,-3765,-453.49
3807,603031.SH,20200803,9889,3093.91,5206,1632.87,7912,2472.99,9491,2969.07,5688,1776.59,9092,2838.66,1667,521.26,1367,424.15,-3324,-1030.84
3808,300198.SZ,20200803,94729,5498.79,110845,6477.68,172969,10066.31,184657,10766.75,215260,12520.93,307489,17898.58,306492,17961.91,186460,10904.93,94996,5580.5
3809,300352.SZ,20200803,146024,11264.95,211300,16329.95,206133,15907.42,225629,17411.2,223434,17270.82,167393,12925.51,73892,5700.87,45162,3477.4,101982,7912.71
3810,600195.SH,20200803,85200,14831.24,103849,18110.46,126269,21984.39,125444,21847.39,136742,23822.45,111269,19342.12,54057,9427.51,61705,10765.62,-24113,-4115.73
3811,603697.SH,20200803,35844,7045.79,47834,9400.76,34376,6752.86,41197,8084.85,33422,6563.3,20479,4031.54,9647,1903.69,3779,748.48,22766,4518.49
3812,000059.SZ,20200803,75013,3913.39,86687,4533.91,103325,5393.44,123579,6458.2,99340,5192.18,74127,3871.21,65269,3424.41,58554,3060.1,18587,994.8
3813,002868.SZ,20200803,7149,1110.98,7662,1191.43,8472,1316.93,7677,1193.76,2594,403.6,2876,446.32,0,0.0,0,0.0,432,67.32
3814,300483.SZ,20200803,4435,1547.35,5149,1800.1,5211,1821.2,4924,1719.95,3431,1198.92,2764,963.02,89,31.36,329,115.78,2372,832.19
3815,600480.SH,20200803,52644,4329.25,53899,4433.51,53077,4364.24,61848,5087.57,35726,2949.44,24356,2011.84,1424,117.91,2768,227.93,47933,3942.59
3816,600529.SH,20200803,83043,61239.48,62064,45965.62,114357,84335.84,105559,78033.38,126068,93062.72,137189,101265.18,86400,63773.01,105057,77146.88,10716,8283.07
3817,603982.SH,20200803,30921,5759.39,34351,6407.31,33080,6165.7,29701,5535.79,14493,2713.6,13075,2440.49,0,0.0,1367,255.1,11867,2208.91
3818,000001.SZ,20200803,225815,30528.61,254450,34432.67,372953,50435.87,405753,54890.52,401256,54277.06,375260,50754.03,445073,60218.89,409633,55383.22,121612,16570.76
3819,002656.SZ,20200803,20799,363.02,21861,381.75,33316,582.11,27871,486.29,10245,178.72,14628,255.82,0,0.0,0,0.0,6345,112.58
3820,002810.SZ,20200803,15459,6007.43,13383,5218.72,12174,4734.48,11916,4629.47,6854,2672.0,6815,2641.03,1637,638.91,4008,1563.6,-281,-97.11
3821,000662.SZ,20200803,59110,874.89,82667,1224.23,62550,924.77,73570,1086.29,52586,777.37,36485,540.78,18475,274.28,0,0.0,47291,706.45
3822,002048.SZ,20200803,40449,6796.63,48933,8227.73,62790,10552.83,63647,10700.42,50361,8469.99,42354,7118.88,11124,1871.19,9790,1643.61,4598,787.14
3823,002202.SZ,20200803,492029,64614.17,471729,62035.18,704916,92657.33,658278,86489.56,702651,92319.69,623837,82063.86,692366,91018.88,838119,110021.48,170923,22753.5
3824,600978.SH,20200803,75367,831.38,52256,577.81,109728,1211.43,75570,834.62,33719,371.96,81688,900.03,0,0.0,9300,102.3,-63727,-695.94
3825,000793.SZ,20200803,372541,13854.21,317167,11824.08,391378,14564.13,388261,14468.31,277469,10344.41,343731,12803.76,102868,3849.26,95098,3515.85,-63689,-2284.57
3826,002179.SZ,20200803,36663,16397.35,50969,22871.04,60992,27315.57,65987,29607.84,60126,26965.72,42879,19196.95,14476,6516.21,12421,5519.02,7065,3201.28
3827,002333.SZ,20200803,5677,242.74,8972,384.52,16676,714.26,18925,810.93,17208,738.26,11664,499.81,0,0.0,0,0.0,259,11.46
3828,688089.SH,20200803,3110,1610.4,4060,2102.76,9000,4670.2,9079,4711.5,6909,3579.71,7113,3697.83,1654,869.3,421,217.51,513,271.48
3829,002464.SZ,20200803,67825,4235.22,71279,4457.56,74983,4682.68,79130,4944.03,58380,3651.81,52650,3282.85,7795,485.99,5924,371.27,22152,1396.98
3830,300128.SZ,20200803,109020,3730.55,102021,3494.48,113814,3894.56,126036,4311.74,83661,2869.86,100030,3419.27,67894,2322.92,46301,1592.4,115217,3946.4
3831,000586.SZ,20200803,19913,1960.13,13564,1334.96,21348,2101.45,19462,1915.08,9845,968.61,8838,868.73,0,0.0,9242,911.42,13103,1291.24
3832,002126.SZ,20200803,67322,10043.47,62137,9288.47,66426,9921.78,74107,11077.37,60663,9092.3,51483,7699.85,3247,482.79,9931,1474.66,-12966,-1914.75
3833,603086.SH,20200803,10057,1627.14,10132,1639.89,7104,1149.41,5604,906.93,1629,264.22,3054,493.94,0,0.0,0,0.0,-4406,-711.63
3834,688036.SH,20200803,5398,5509.85,5072,5197.83,13742,14025.98,16763,17162.51,15540,15911.12,13396,13669.52,4837,4940.81,4286,4357.9,-2279,-2235.55
3835,300271.SZ,20200803,21041,5591.75,23105,6146.59,21575,5735.55,25645,6818.47,19499,5190.07,12704,3374.64,1835,486.06,2496,663.73,3492,943.26
3836,600317.SH,20200803,88013,2371.72,105785,2856.87,112840,3038.16,113276,3051.21,77521,2083.77,72423,1947.58,39699,1074.64,26589,712.64,7983,237.58
3837,603819.SH,20200803,20552,2539.19,18005,2220.86,21489,2650.55,18346,2262.66,11072,1366.75,15761,1948.96,0,0.0,1000,124.02,5576,691.13
3838,688566.SH,20200803,3489,1508.56,3985,1727.34,10544,4561.72,10852,4699.51,8885,3847.26,7785,3367.43,507,220.18,803,343.44,-403,-164.41
3839,002787.SZ,20200803,37311,2918.24,51475,4044.24,45454,3569.96,56591,4445.12,60738,4796.46,39490,3117.69,15526,1246.55,11474,924.16,32281,2532.7
3840,002941.SZ,20200803,60918,10021.0,63606,10488.71,77227,12728.84,81346,13402.23,42089,6945.32,37641,6201.65,9499,1578.54,7140,1181.12,885,152.78
3841,300605.SZ,20200803,20058,2894.79,22026,3177.92,27278,3930.31,23637,3411.18,11184,1615.08,12140,1748.92,0,0.0,717,102.15,17924,2592.27
3842,600448.SH,20200803,49564,2055.0,44073,1827.43,58454,2422.64,65029,2697.12,45869,1903.41,37610,1558.74,5286,219.37,12461,517.14,7937,331.71
3843,600602.SH,20200803,45188,3463.76,38601,2965.45,50536,3874.42,44085,3381.12,47387,3638.64,53905,4129.85,3500,266.57,10020,766.96,23130,1768.71
3844,300337.SZ,20200803,22491,908.97,57491,2378.15,53337,2172.35,65170,2701.36,41175,1706.27,49029,2040.23,63825,2718.28,9138,386.13,-5851,-323.93
3845,300468.SZ,20200803,65878,18090.91,74178,20416.97,118517,32577.51,120924,33235.91,94467,25963.28,84997,23350.99,31983,8804.21,30745,8432.02,13132,3674.03
3846,300622.SZ,20200803,7542,1020.68,5798,785.37,6853,928.42,7357,996.06,2322,314.92,3210,434.65,0,0.0,352,47.94,-462,-60.74
3847,601158.SH,20200803,22008,1188.93,27175,1472.51,27645,1492.49,35394,1915.19,23991,1298.91,17605,950.37,6530,357.74,0,0.0,18841,1018.01
3848,603967.SH,20200803,13403,2077.58,13559,2105.52,14248,2212.4,17776,2758.53,6559,1016.32,5791,899.86,3594,562.01,677,104.39,2051,320.32
3849,000728.SZ,20200803,99603,10562.52,112725,11975.81,150344,15954.08,161045,17099.64,180930,19211.53,164521,17460.03,66207,7041.05,58792,6233.69,21314,2324.52
3850,002065.SZ,20200803,154472,19194.18,181149,22547.64,221641,27551.29,209016,25993.96,216637,26928.46,196628,24427.97,129166,16071.72,135123,16776.1,55901,6998.34
3851,600995.SH,20200803,41162,3809.23,43166,3999.23,72635,6728.86,63176,5852.77,34778,3218.42,34729,3211.08,4309,399.19,11813,1092.62,-7638,-689.53
3852,601688.SH,20200803,126357,26720.83,157662,33387.14,279158,59073.94,280352,59344.73,269334,57005.1,248444,52578.46,215291,45613.07,203681,43102.61,73836,15771.76
3853,603228.SH,20200803,22007,7908.75,19279,6937.2,24531,8815.26,23361,8397.45,19088,6864.6,21256,7636.73,2208,796.35,3937,1413.57,-4757,-1699.41
3854,000859.SZ,20200803,84353,5027.17,87329,5217.81,117690,7023.85,107783,6432.27,81329,4855.03,89651,5347.96,22916,1365.02,21526,1273.03,37821,2246.49
3855,002196.SZ,20200803,26213,1468.69,46164,2591.71,48605,2724.47,51137,2866.47,50329,2826.7,27651,1550.28,2000,113.0,2194,124.39,11777,667.07
3856,000876.SZ,20200803,80341,26965.35,140157,47114.11,193036,64842.45,187809,63133.58,184077,61797.47,189283,63598.07,190427,64110.46,130632,43869.98,162448,54824.29
3857,002416.SZ,20200803,165916,17264.98,162678,16927.99,194115,20192.83,213328,22205.94,187880,19527.94,176548,18387.94,54843,5776.43,50201,5240.31,-15070,-1509.59
3858,300031.SZ,20200803,57942,14721.57,61955,15752.81,93475,23750.39,103585,26334.3,81240,20665.46,76360,19399.64,22087,5617.8,12845,3268.46,-15412,-3874.29
3859,601990.SH,20200803,209123,33176.33,199155,31634.65,277177,43991.45,289822,46010.09,231809,36820.48,226502,35944.23,87629,13923.54,90260,14322.83,18823,3090.11
3860,603530.SH,20200803,12767,3411.17,11643,3110.89,13690,3658.55,12551,3353.61,5487,1466.87,6836,1826.68,448,120.28,1362,365.7,5706,1529.61
3861,002547.SZ,20200803,107674,7831.22,122127,8880.74,109599,7969.77,105320,7654.96,68002,4941.04,65141,4732.53,24385,1768.4,17072,1242.2,57703,4195.12
3862,002481.SZ,20200803,103398,17010.1,122576,20190.7,143437,23589.18,146974,24188.62,114501,18835.56,108667,17875.73,44695,7368.57,27813,4548.35,66142,10888.77
3863,300145.SZ,20200803,141555,5016.52,157316,5576.13,207824,7344.16,196443,6963.46,146293,5166.15,142239,5014.95,48838,1732.58,48512,1704.87,166674,5909.28
3864,000006.SZ,20200803,163197,14389.0,195317,17297.19,297763,26209.98,339170,29959.16,311519,27414.13,298572,26316.58,205611,18407.35,145030,12847.53,168431,15272.81
3865,002815.SZ,20200803,30153,6031.27,32264,6459.3,43133,8634.04,42837,8578.98,32904,6595.89,33705,6746.49,6561,1317.65,3945,794.08,-9319,-1862.31
3866,300276.SZ,20200803,43881,2176.67,55305,2744.77,62314,3090.88,61391,3047.56,34197,1698.09,25861,1280.91,2165,107.6,0,0.0,30435,1512.59
3867,300430.SZ,20200803,31311,2812.63,35037,3140.6,32488,2906.45,46603,4176.12,31708,2845.29,19833,1785.6,5967,537.94,0,0.0,25072,2244.05
3868,600220.SH,20200803,42960,1392.62,48100,1560.18,59353,1923.97,49477,1605.08,34170,1109.67,30206,979.23,0,0.0,8701,281.77,1645,61.12
3869,603568.SH,20200803,19975,4337.36,18128,3941.12,16274,3536.7,16010,3479.93,10511,2282.98,14603,3167.44,2800,609.32,820,177.86,-2205,-472.02
3870,603722.SH,20200803,13659,7581.38,12782,7113.19,23920,13284.46,23191,12893.97,21762,12151.39,24581,13694.88,14276,8016.4,13062,7331.57,2796,1577.38
3871,605108.SH,20200803,30797,9104.1,29936,8865.28,42527,12579.0,41135,12169.89,22721,6727.7,25254,7463.76,2205,656.8,1925,568.67,-3767,-1093.67
3872,688518.SH,20200803,10399,2601.66,10114,2534.87,22407,5610.72,20508,5141.44,12345,3093.18,13904,3473.78,400,101.28,1025,256.75,-844,-207.42
3873,002690.SZ,20200803,12332,7311.68,17740,10527.73,14468,8577.98,13550,8049.66,10598,6308.67,8363,4965.11,4466,2647.54,2212,1303.36,-5173,-3045.16
3874,002739.SZ,20200803,121119,22038.69,121275,22067.05,164427,29926.75,174554,31772.81,170024,30930.77,192824,35078.4,116775,21232.95,83692,15210.89,74905,13694.69
3875,002701.SZ,20200803,87375,4649.58,70514,3759.61,114971,6112.95,116948,6229.75,99198,5271.94,89875,4781.45,38121,2025.14,62327,3288.79,20371,1114.24
3876,300162.SZ,20200803,40398,3676.69,25599,2332.39,59315,5399.54,47103,4289.02,15115,1376.66,39970,3634.4,0,0.0,2156,197.08,-28544,-2594.43
3877,600208.SH,20200803,255429,8893.94,241518,8420.67,262372,9140.72,279893,9753.8,320440,11165.12,298738,10411.48,246791,8608.91,264883,9222.73,19631,733.86
3878,603661.SH,20200803,9662,6108.53,8774,5550.53,5635,3560.44,6027,3806.2,2105,1336.27,1995,1254.8,750,478.74,1356,872.45,2538,1626.0
3879,000023.SZ,20200803,14922,2951.77,15755,3116.94,21078,4170.22,20756,4103.32,11886,2353.35,12805,2540.98,1949,390.68,519,104.78,4284,862.75
3880,603611.SH,20200803,11685,2561.07,15742,3450.65,12161,2665.51,12275,2690.51,9187,2017.13,6743,1480.25,1727,377.7,0,0.0,58,19.95
3881,002628.SZ,20200803,53785,2257.65,53415,2243.19,64577,2710.04,85598,3592.02,43979,1845.17,36087,1512.29,19940,837.86,7181,303.22,40649,1715.12
3882,300089.SZ,20200803,19848,859.29,21266,923.98,33044,1432.35,31566,1366.68,27659,1202.15,34719,1505.76,7000,302.63,0,0.0,16875,735.94
3883,300243.SZ,20200803,19755,2650.27,27562,3686.67,38974,5249.54,42164,5675.17,33885,4575.02,32551,4414.3,24693,3369.27,15029,2067.97,1577,250.06
3884,600086.SH,20200803,77799,767.82,108701,1073.46,103631,1022.42,116056,1145.64,68065,673.44,24738,244.58,0,0.0,0,0.0,29677,303.94
3885,603588.SH,20200803,65711,10611.98,51265,8318.78,86850,14041.78,80349,13019.96,78761,12770.53,94022,15204.59,27638,4507.4,33324,5388.37,-46939,-7544.24
3886,002759.SZ,20200803,528,35.8,18556,1287.35,1022,69.29,15855,1100.13,6838,468.34,13798,956.9,42027,2924.05,2206,153.1,-33405,-2329.12
3887,002913.SZ,20200803,3943,2304.65,5317,3109.84,4248,2484.12,3588,2097.81,2292,1341.03,1771,1035.27,200,116.62,6,3.51,-1103,-641.35
3888,300354.SZ,20200803,26739,4122.74,30949,4796.86,29767,4609.02,33543,5218.37,17508,2741.37,17855,2794.87,11835,1899.04,3502,562.07,3330,455.43
3889,600197.SH,20200803,61614,12357.55,57980,11614.35,59246,11850.79,48808,9776.25,25138,5043.41,31765,6363.33,5801,1167.38,13246,2665.21,32012,6475.05
3890,600351.SH,20200803,9539,591.83,68988,4300.33,19853,1230.88,68462,4271.15,49619,3062.48,57649,3602.08,181654,11362.44,65566,4074.08,-114065,-7176.45
3891,603699.SH,20200803,7722,1311.4,9119,1549.09,8849,1503.39,8078,1372.37,6114,1039.22,4692,797.22,0,0.0,796,135.32,-2209,-373.03
3892,300485.SZ,20200803,99308,22564.91,85833,19573.73,135016,30726.12,131748,29995.38,86592,19753.09,99773,22699.13,21670,4925.01,25233,5700.87,-18660,-4207.75
