,ts_code,trade_date,close,turnover_rate,turnover_rate_f,volume_ratio,pe,pe_ttm,pb,ps,ps_ttm,dv_ratio,dv_ttm,total_share,float_share,free_share,total_mv,circ_mv
0,600071.SH,20200123,10.91,1.0218,1.6996,1.45,,,3.9286,3.9498,4.1549,0.0,,28157.3889,23747.2456,14277.0761,307197.1129,259082.4495
1,603188.SH,20200123,6.78,0.4973,0.7462,1.17,24.1724,,1.2308,1.8813,2.4499,0.0,,57600.0,57600.0,38385.8,390528.0,390528.0
2,603978.SH,20200123,25.33,7.6069,7.993,1.41,32.3972,33.9382,2.724,3.6845,3.694,0.0,,16000.0,7612.168,7244.436,405280.0,192816.2154
3,002272.SZ,20200123,4.42,1.3073,1.5142,1.09,42.2676,142.9573,1.4747,2.8836,2.1728,0.0,,43020.0,32465.8288,28029.675,190148.4,143498.9633
4,601668.SH,20200123,5.47,0.5862,1.3773,1.75,6.0042,5.6108,0.942,0.1914,0.1723,3.0717,3.0717,4197562.9711,4114107.5044,1751037.9047,22960669.4519,22504168.0491
5,601163.SH,20200123,15.18,0.878,2.844,1.23,25.1407,15.7486,1.2358,1.6168,1.5417,1.3175,1.3175,80000.0,80000.0,24698.5553,1214400.0,1214400.0
6,600020.SH,20200123,4.26,0.955,2.4186,1.43,11.9852,8.3625,0.9305,1.6575,1.4653,2.5595,2.5595,224737.1832,224737.1832,88735.3659,957380.4004,957380.4004
7,002812.SZ,20200123,59.1,2.4403,3.8152,1.27,91.809,57.5154,11.0558,19.3683,16.1784,0.3773,0.3773,80537.077,55520.7128,35512.4327,4759741.2507,3281274.1265
8,600965.SH,20200123,7.48,0.5881,1.5611,1.02,38.1805,34.807,3.031,4.2126,4.157,2.0053,2.0053,81870.0955,81870.0955,30841.3996,612388.3143,612388.3143
9,600780.SH,20200123,3.4,0.2016,0.5097,1.27,17.4046,13.2169,0.7299,0.6468,0.5822,0.0,,114650.2523,114650.2523,45332.7704,389810.8578,389810.8578
10,600343.SH,20200123,8.61,1.2463,2.2171,0.85,238.6099,155.1412,2.4994,2.9108,1.9801,0.5807,0.5807,63820.6348,63820.6348,35876.5744,549495.6656,549495.6656
11,002294.SZ,20200123,18.56,1.1124,3.4644,2.12,13.3135,18.9376,2.9666,4.1734,4.1475,4.3103,4.3103,104601.6,104586.93,33582.3168,1941405.696,1941133.4208
12,000014.SZ,20200123,9.12,1.1292,1.7113,1.97,12.5996,13.8824,2.1384,5.1394,7.0025,0.7237,0.7237,20170.5187,20170.5187,13309.1796,183955.1305,183955.1305
13,002055.SZ,20200123,11.5,6.793,11.0328,2.04,21.134,24.9057,2.0073,0.7401,0.7785,0.5217,0.5217,47969.4096,42958.3088,26449.8808,551648.2104,494020.5512
14,603586.SH,20200123,18.43,4.4001,4.8802,1.07,42.5013,23.4866,1.7617,2.6832,2.4215,1.0852,1.0852,20373.87,9150.7814,8250.5083,375490.4241,168648.9012
15,603602.SH,20200123,22.28,5.5126,5.5126,1.07,78.466,86.2587,5.0688,5.9848,4.4029,0.1924,0.1924,15680.0,9291.8426,9291.8426,349350.4,207022.2531
16,600158.SH,20200123,9.77,2.0909,2.1812,1.21,98.2438,114.0622,4.8329,5.6855,6.0342,0.3071,0.3071,84373.5373,65749.5392,63028.3673,824329.4594,642372.998
17,002566.SZ,20200123,6.95,3.9339,5.0004,1.19,33.2967,32.2766,1.2037,2.3589,2.3691,0.0,,33095.16,22919.1535,18030.6899,230011.362,159288.1168
18,000906.SZ,20200123,5.83,0.7506,1.5881,0.94,12.8572,7.9831,1.6713,0.0621,0.0588,2.5762,2.5762,67465.7975,65486.5632,30953.8164,393325.5994,381786.6635
19,000768.SZ,20200123,16.64,1.2449,2.7612,1.83,82.5575,68.9018,2.8174,1.3765,1.4071,0.601,0.601,276864.5071,276862.8046,124819.8328,4607025.3981,4606997.0685
20,600436.SH,20200123,128.79,1.2655,3.0437,1.09,67.9841,56.5398,11.8304,16.3027,13.5242,0.4659,0.4659,60331.721,60331.721,25084.3648,7770122.3476,7770122.3476
21,601788.SH,20200123,12.4,0.6877,1.5554,1.05,553.3506,47.8975,1.1616,7.4133,5.5423,0.8065,0.8065,461078.7639,390669.8839,172742.3756,5717376.6724,4844306.5604
22,300509.SZ,20200123,8.82,1.6096,2.9937,0.68,46.6899,45.0795,3.3631,3.6137,2.9572,1.8896,1.8896,22800.0,12642.6,6797.2,201096.0,111507.732
23,002751.SZ,20200123,26.24,6.5527,7.6342,0.71,50.3311,67.567,3.8755,3.6091,3.1377,0.0759,0.0759,15460.0613,11803.6206,10131.4237,405672.0085,309727.0045
24,600707.SH,20200123,3.9,1.3391,2.6955,1.15,229.3392,,0.7097,7.2539,2.6882,0.0,,358838.9732,128796.647,63986.3438,1399471.9955,502306.9233
25,600153.SH,20200123,8.57,0.6345,1.1727,1.85,5.2007,5.084,0.8684,0.0867,0.079,5.8343,5.8343,283520.053,283520.053,153399.7154,2429766.8542,2429766.8542
26,300671.SZ,20200123,27.22,25.6235,25.6235,1.68,71.2788,129.9639,6.6612,7.776,7.205,0.0,,14189.0,7861.7723,7861.7723,386224.58,213997.442
27,000678.SZ,20200123,6.68,0.5373,0.9956,0.58,,,2.6576,2.0595,2.4086,0.0,,45961.1797,45961.1797,24805.2667,307020.6804,307020.6804
28,002321.SZ,20200123,5.18,2.1462,3.063,1.13,23.2796,26.5855,1.0494,0.5174,0.5026,0.0,,53429.11,53104.0914,37209.2698,276762.7898,275079.1935
29,002156.SZ,20200123,24.68,7.0632,13.6854,1.56,224.307,,4.6821,3.9421,3.6517,0.154,0.154,115370.4572,115350.4307,59534.0825,2847342.8837,2846848.6297
30,000062.SZ,20200123,13.97,0.7408,3.1273,0.97,21.3127,22.3086,2.9013,1.2383,1.0815,1.2342,1.2342,104590.9322,104464.5006,24747.5781,1461135.3228,1459369.0734
31,600189.SH,20200123,3.51,0.9892,1.4987,1.14,59.9413,30.9059,0.8305,1.6271,1.5287,0.0,,71687.4877,47700.9588,31484.6174,251623.0818,167430.3654
32,002153.SZ,20200123,37.56,1.4217,2.2948,1.32,86.5423,85.4773,4.6839,12.9493,11.3182,0.2657,0.2657,106791.3281,48558.7571,30082.7651,4011082.2834,1823866.9167
33,002929.SZ,20200123,26.87,4.1111,4.4602,1.28,28.8106,28.0105,2.1516,1.8354,1.6913,0.4466,0.4466,22074.6347,7660.1373,7060.6163,593145.4344,205827.8893
34,002489.SZ,20200123,4.78,1.124,2.2109,1.16,,28.7735,3.1089,2.3711,2.169,1.2552,1.2552,217573.6503,187868.6453,95511.5725,1040002.0484,898012.1245
35,601607.SH,20200123,18.91,0.9593,1.8744,0.83,13.8477,13.7517,1.3131,0.3378,0.2951,2.1682,2.1682,284208.9322,192293.5018,98411.7181,5374390.9079,3636270.119
36,002458.SZ,20200123,25.55,5.9396,7.131,1.05,40.5631,8.6708,5.1144,9.9909,5.0501,1.6296,1.6296,57603.921,35747.8012,29775.2226,1471780.1816,913356.3207
37,300542.SZ,20200123,16.58,5.3072,9.9647,1.17,100.1364,101.0998,5.9982,4.6901,3.3756,0.2017,0.2017,23173.0104,16203.1043,8629.7193,384208.5124,268647.4693
38,000650.SZ,20200123,7.18,10.8681,15.3472,1.35,17.5556,16.0675,2.3988,2.0192,1.9238,1.3928,1.3928,123834.0076,118039.3145,83589.3134,889128.1746,847522.2781
39,300809.SZ,20200123,26.06,8.2201,8.2201,1.32,29.7039,25.285,3.0051,10.1853,9.1039,,,15692.0,3923.0,3923.0,408933.52,102233.38
40,002957.SZ,20200123,29.68,6.3225,6.3225,1.01,41.0867,46.0496,5.3357,6.3074,6.379,,,41000.0,4100.0,4100.0,1216880.0,121688.0
41,002653.SZ,20200123,23.12,1.3603,3.8706,1.33,75.2307,60.6614,11.2208,7.3159,5.7907,0.8107,0.8107,108430.0,48484.905,17039.8356,2506901.6,1120971.0036
42,600169.SH,20200123,2.08,0.8253,1.2427,1.33,140.5419,106.911,1.274,0.8296,0.7184,0.0,,256395.5,256395.5,170288.7275,533302.64,533302.64
43,603696.SH,20200123,8.35,1.2934,4.3295,1.95,49.7417,41.5039,3.3417,5.7931,4.7366,5.0043,5.0043,23520.0,23520.0,7026.37,196392.0,196392.0
44,300429.SZ,20200123,17.26,13.3352,15.9832,1.04,60.6815,53.9692,5.3937,12.0328,10.1307,0.4574,0.4574,51525.3388,30031.0599,25055.7865,889327.3477,518336.0939
45,000425.SZ,20200123,5.19,1.6352,2.8505,1.17,19.8739,11.4273,1.4597,0.9155,0.7589,1.1561,1.1561,783366.843,699503.7403,401277.8785,4065673.9152,3630424.4122
46,600325.SH,20200123,7.28,1.5574,2.182,1.47,6.7473,5.6224,0.7824,0.6504,0.4649,4.8087,4.8087,211721.9616,210761.4366,150435.8003,1541335.8804,1534343.2584
47,600619.SH,20200123,8.0,0.4437,1.4154,1.66,22.7298,23.4244,1.575,0.6035,0.6185,1.8218,1.8218,88330.0255,58214.1047,18251.1484,706640.204,465712.8376
48,300679.SZ,20200123,39.87,4.9864,5.1827,1.22,46.6732,62.8836,3.2345,8.3467,5.9124,0.2315,0.2315,28080.0,13339.0938,12833.8341,1119549.6,531829.6698
49,603757.SH,20200123,15.42,2.834,2.834,0.85,15.1189,15.55,2.3217,2.2743,2.2916,2.0845,2.0845,16424.8,4900.0,4900.0,253270.416,75558.0
50,688039.SH,20200123,113.18,11.7267,11.7267,0.92,141.7007,137.8029,6.8106,44.482,41.3307,,,8000.0,1646.9297,1646.9297,905440.0,186399.5034
51,600575.SH,20200123,2.57,0.4542,1.0469,1.46,24.0044,15.8193,1.078,0.9008,0.8233,0.0,,388626.1065,388626.1065,168616.7316,998769.0937,998769.0937
52,000509.SZ,20200123,2.16,2.3248,3.0643,1.35,,,41.3484,1.4747,27.1666,0.0,,82548.3117,82547.9873,62627.3953,178304.3533,178303.6526
53,600200.SH,20200123,7.37,14.7476,17.8275,6.11,,,2.1946,3.0855,2.8828,0.0,,71238.8832,71076.4866,58796.9104,525030.5692,523833.7062
54,601698.SH,20200123,13.7,21.4391,21.4391,1.68,131.0194,115.5451,4.8914,20.3416,20.4751,0.0,,400000.0,40000.0,40000.0,5480000.0,548000.0
55,002746.SZ,20200123,14.3,2.7884,4.8869,1.07,16.4962,8.0,2.2553,2.5723,2.0058,2.331,2.331,46369.2511,36311.7511,20719.2511,663080.2907,519258.0407
56,600782.SH,20200123,4.71,0.8523,1.3785,1.31,2.5434,3.2624,0.7155,0.2637,0.2612,4.2463,4.2463,318872.2696,318872.2696,197162.4464,1501888.3898,1501888.3898
57,300259.SZ,20200123,5.06,5.1418,6.283,1.38,39.8986,28.6655,2.8608,6.9556,5.6325,0.197,0.197,117565.7958,72519.6175,59348.0119,594882.9267,366949.2646
58,603676.SH,20200123,11.14,6.4341,6.4341,1.12,64.1678,88.1766,5.1288,6.3139,5.7648,0.4937,0.4937,42300.0,6666.048,6666.048,471222.0,74259.7747
59,000552.SZ,20200123,2.43,0.407,0.8206,1.55,9.7023,11.9918,0.7304,1.358,1.4173,4.1152,4.1152,228697.105,228374.1262,113253.5682,555733.9652,554949.1267
60,002709.SZ,20200123,25.15,4.6478,6.5466,1.85,30.2231,186.9486,4.7954,6.6305,5.4144,0.2485,0.2485,54832.4289,36615.4696,25995.0572,1379035.5868,920879.0604
61,002558.SZ,20200123,18.1,0.4773,2.248,0.89,33.9848,45.6412,4.4942,9.6946,12.8762,0.9127,0.9127,202437.9932,202437.9932,42980.8535,3664127.6769,3664127.6769
62,002584.SZ,20200123,6.42,23.1109,27.287,1.69,51.469,190.5689,1.9867,1.0906,1.1805,0.0,,58521.6422,38764.0092,32831.4318,375708.9429,248864.9391
63,000551.SZ,20200123,7.18,2.1085,3.283,1.49,33.3608,31.9524,1.6672,0.9627,0.9098,0.0,,40008.0405,40008.0405,25695.5351,287257.7308,287257.7308
64,600792.SH,20200123,3.32,0.7968,2.7013,1.53,17.1493,10.3022,0.9861,0.6087,0.5659,0.0,,98992.36,98992.36,29199.9171,328654.6352,328654.6352
65,300339.SZ,20200123,12.69,0.8135,1.1373,0.16,32.1475,33.3191,2.1136,4.9597,4.6781,0.0,,79641.0841,74308.4742,53150.654,1010645.3572,942974.5376
66,600151.SH,20200123,4.62,0.9072,1.4567,0.91,171.9673,41.1115,1.1236,0.9889,1.0078,0.0,,143425.2287,143425.2287,89318.9076,662624.5566,662624.5566
67,000536.SZ,20200123,2.51,1.4822,3.1463,1.42,,,1.1622,1.5368,3.4133,0.0,,276603.2803,276308.1622,130169.8408,694274.2336,693533.4871
68,300435.SZ,20200123,10.42,2.0785,2.5804,0.62,58.2738,57.8783,1.9002,6.6272,6.76,0.3165,0.3165,37825.18,11874.7252,9564.8866,394138.3756,123734.6366
69,002365.SZ,20200123,10.13,3.3925,3.8096,1.11,16.7155,30.9088,1.8567,2.9691,2.3187,0.9872,0.9872,29468.25,24109.9309,21470.3077,298513.3725,244233.6
70,300297.SZ,20200123,5.3,6.435,8.9806,1.58,16.6454,19.1147,1.3445,2.9028,2.9668,0.6035,0.6035,124979.6194,97223.1718,69664.3227,662391.9828,515282.8105
71,600230.SH,20200123,9.6,1.7473,3.2505,1.26,3.99,338.802,1.1159,0.8922,1.5848,2.0833,2.0833,41186.3502,41186.3502,22139.6078,395388.9619,395388.9619
72,600237.SH,20200123,3.34,1.8839,2.2631,1.37,197.7935,,1.5397,2.129,2.2408,0.0,,56436.9565,56436.9565,46980.8285,188499.4347,188499.4347
73,002465.SZ,20200123,11.92,3.0582,4.2058,1.41,63.8766,56.6012,3.2518,6.7521,6.3198,1.0074,1.0074,230532.484,214953.7202,156299.4244,2747947.2093,2562248.3448
74,300732.SZ,20200123,16.81,1.1886,1.5347,1.67,10.6933,11.5586,1.4628,2.8336,2.385,1.2748,1.2748,19187.5842,12069.7709,9348.1709,322543.2904,202892.8488
75,600007.SH,20200123,15.71,0.229,1.1836,1.59,20.4278,17.132,2.157,4.9907,4.6051,2.0369,2.0369,100728.2534,100728.2534,19492.2293,1582440.8609,1582440.8609
76,300068.SZ,20200123,12.05,3.8473,4.9817,2.36,43.8258,77.1776,1.637,1.3155,1.3337,0.0,,88023.4655,82514.1812,63724.4753,1060682.7593,994295.8835
77,300552.SZ,20200123,91.51,6.8272,9.6946,0.84,1529.7828,66.4412,11.2635,14.5326,7.0734,0.0139,0.0139,10993.76,4725.8482,3328.0802,1006038.9776,432462.3688
78,300801.SZ,20200123,36.3,6.3558,6.3558,1.21,23.4038,23.5395,2.5652,3.4996,3.5347,,,12000.0,3000.0,3000.0,435600.0,108900.0
79,601369.SH,20200123,6.43,0.4229,1.2044,1.33,30.808,23.2184,1.6142,2.1417,1.6003,3.1075,3.1075,167833.0233,163877.0233,57546.371,1079166.3398,1053729.2598
80,002518.SZ,20200123,12.41,2.5509,7.0285,1.43,31.4145,30.3406,2.8541,2.6627,2.8278,1.6116,1.6116,58244.5394,55816.3643,20257.5468,722814.734,692681.081
81,002913.SZ,20200123,57.37,6.3338,6.3858,1.06,35.5383,32.6517,3.6149,3.7987,3.8192,0.7844,0.7844,14797.9614,3685.1131,3655.1131,848959.0455,211414.9385
82,601818.SH,20200123,4.02,0.448,0.6519,1.65,6.269,5.6488,0.6824,1.914,1.5888,4.005,4.005,5248932.3101,3981058.7601,2735724.2339,21100707.8866,16003856.2156
83,600926.SH,20200123,9.17,0.576,1.2099,1.78,8.6924,7.4605,0.9132,2.7585,2.3117,2.7263,2.7263,513020.0432,468618.3095,223103.0586,4704393.7961,4297229.8981
84,002166.SZ,20200123,10.84,20.8914,26.022,2.46,75.0258,90.9895,3.7824,9.8892,11.045,0.4613,0.4613,56521.474,44358.4584,35612.5037,612692.7782,480845.6891
85,600841.SH,20200123,6.97,0.4,1.9796,1.88,45.2619,54.8103,1.5987,1.466,1.633,0.6743,0.6743,86668.983,52189.253,10544.0,604082.8115,363759.0934
86,300634.SZ,20200123,17.61,1.8515,2.8963,0.59,44.4291,42.4925,5.4578,9.2042,9.3357,0.4543,0.4543,40001.0,20088.5,12841.8145,704417.61,353758.485
87,300126.SZ,20200123,5.75,1.7452,2.5629,0.69,,,1.8022,2.9969,3.6801,0.0,,30395.76,21066.2529,14344.4497,174775.62,121130.9542
88,300718.SZ,20200123,26.04,8.3341,8.3341,0.62,34.9961,39.2707,4.5029,7.7817,8.4839,1.3441,1.3441,19800.0,4950.0,4950.0,515592.0,128898.0
89,000708.SZ,20200123,21.38,1.338,3.1956,1.54,124.4177,16.722,2.5816,5.0485,1.0546,0.5664,0.5664,296890.7902,44940.848,18817.0,6347525.0945,960835.3302
90,002626.SZ,20200123,20.86,1.449,4.0079,2.1,18.712,22.7871,4.2532,4.4767,4.1613,3.8233,3.8233,61648.1927,61639.1927,22285.4495,1285981.2997,1285793.5597
91,600816.SH,20200123,3.68,0.3736,0.7561,0.62,,,1.6565,98.3456,,0.0,,546913.7919,526429.052,260120.8577,2012642.7542,1937258.9114
92,002909.SZ,20200123,11.32,5.0292,6.7866,0.72,101.4703,29.5473,3.9127,2.0392,1.9824,1.3115,1.3115,16800.0,7589.4642,5624.1613,190176.0,85912.7347
93,603680.SH,20200123,10.0,0.6205,1.8404,1.5,17.897,19.8267,1.9596,2.4502,2.1187,1.539,1.539,79097.07,24641.1896,8308.2675,790970.7,246411.896
94,300593.SZ,20200123,18.89,5.0541,5.746,0.99,87.3809,59.3131,4.8425,6.5632,4.4673,0.1886,0.1886,16558.08,9503.636,8359.1591,312782.1312,179523.684
95,603530.SH,20200123,19.22,5.5962,5.5962,0.99,63.2546,62.6671,7.4817,11.7642,12.5171,,,40004.449,4004.449,4004.449,768885.5098,76965.5098
96,603833.SH,20200123,113.0,2.3127,2.3127,1.22,30.2058,27.1339,5.4147,4.1253,3.6955,0.6638,0.6638,42017.0165,9458.6407,9458.6407,4747922.8645,1068826.3991
97,600545.SH,20200123,6.08,0.9978,1.1738,1.56,14.2221,17.9764,2.4009,1.2498,1.3815,2.1266,2.1266,189541.2995,112432.7097,95581.5394,1152411.101,683590.875
98,002676.SZ,20200123,3.02,1.3114,1.9283,1.42,380.3073,78.1728,2.0794,1.3438,1.3503,0.0,,72000.0,71996.4834,48964.3164,217440.0,217429.3799
99,000566.SZ,20200123,6.51,1.9824,2.3847,1.13,72.738,636.426,1.8191,3.5186,3.6925,0.0,,133597.9264,120349.6461,100046.6685,869722.5009,783476.1961
100,002852.SZ,20200123,12.8,1.3274,1.5992,1.82,16.8485,27.6302,1.8276,1.0274,0.9526,3.125,3.125,28900.0,12461.7626,10343.5892,369920.0,159510.5613
101,002067.SZ,20200123,3.28,1.4403,1.5094,0.61,10.8701,28.3053,0.8397,0.6138,0.6751,0.6098,0.6098,111120.1,97357.6,92902.6,364473.928,319332.928
102,601225.SH,20200123,8.39,0.3307,0.8971,1.22,7.6322,7.4829,1.4878,1.4662,1.2551,3.8133,3.8133,1000000.0,1000000.0,368617.48,8390000.0,8390000.0
103,600695.SH,20200123,7.4,9.6603,16.2433,1.15,80.9347,50.2615,7.2155,109.6595,100.9987,0.0,,71113.21,36646.7152,21794.6078,526237.754,271185.6925
104,000050.SZ,20200123,16.54,2.1816,4.6772,1.58,36.6012,49.5061,1.2581,1.1717,1.1073,0.4232,0.4232,204812.3051,182885.7609,85301.8636,3387595.5264,3024930.4853
105,601990.SH,20200123,12.74,12.3198,18.2087,1.79,181.3227,63.9013,3.8182,34.0595,21.1283,0.6541,0.6541,329882.3404,206098.8373,139443.8005,4202701.0167,2625699.1872
106,300669.SZ,20200123,29.57,4.7051,4.7051,1.05,66.5814,51.7242,5.0502,9.0657,7.608,0.6667,0.6667,8542.4533,2555.0,2555.0,252600.3441,75551.35
107,300305.SZ,20200123,7.86,0.565,0.7915,1.42,29.7801,23.7306,1.5307,3.0733,2.5454,0.8015,0.8015,28875.3,23259.5319,16603.8617,226959.858,182819.9207
108,000662.SZ,20200123,4.12,1.0384,2.0392,0.29,29.8511,52.7272,0.786,4.1272,4.7809,0.0,,109309.7734,109298.0729,55657.7552,450356.2664,450308.0603
109,300203.SZ,20200123,14.63,2.894,4.578,1.61,11.0118,12.8165,1.5714,1.7308,1.6092,3.3692,3.3692,45251.74,45195.49,28570.8,662032.9562,661210.0187
110,600668.SH,20200123,14.3,4.3882,5.2333,2.26,8.3609,6.8827,1.3513,1.4634,1.3585,2.0979,2.0979,34408.3828,34408.3828,28851.9725,492039.874,492039.874
111,603848.SH,20200123,13.72,1.8459,2.7003,1.08,21.1133,22.0304,4.0399,4.1991,4.343,1.8222,1.8222,40100.0,7110.5,4860.5,550172.0,97556.06
112,300290.SZ,20200123,6.25,1.1364,2.0763,0.76,169.4621,149.998,3.241,5.5225,4.8292,0.128,0.128,55375.6711,48294.5963,26432.2299,346097.9444,301841.2269
113,000687.SZ,20200123,6.09,0.7592,1.402,0.63,,,5.4361,3.0736,9.2607,0.0,,76619.9362,75277.8276,40763.0295,466615.4115,458441.9701
114,002485.SZ,20200123,6.37,0.8707,2.9322,0.64,26.8852,25.6234,1.5038,2.0146,0.9811,0.3611,0.3611,54400.0,54400.0,16153.1574,346528.0,346528.0
115,600480.SH,20200123,7.91,2.2413,4.1776,1.19,15.948,,0.9487,0.3541,0.3764,2.5385,2.5385,54848.0723,54532.9655,29257.5505,433848.2519,431355.7571
116,002577.SZ,20200123,11.39,2.2986,6.0262,0.56,399.3461,,2.7469,6.7888,7.9894,0.0,,28288.0,28076.3011,10709.0733,322200.32,319789.0695
117,002703.SZ,20200123,4.67,1.3191,3.5643,0.91,506.6576,,2.5542,3.2545,3.9492,0.0,,78964.4637,55306.5952,20468.1959,368764.0455,258281.7996
118,600312.SH,20200123,6.35,0.7885,1.3252,1.18,30.0925,21.4331,0.9621,0.7966,0.7349,1.0079,1.0079,135692.1309,135692.1309,80742.3736,861645.0312,861645.0312
119,002368.SZ,20200123,41.66,3.671,6.0906,1.31,54.3958,53.2735,6.0514,2.8584,2.5604,0.5536,0.5536,41277.7523,40487.571,24403.459,1719631.1608,1686712.2079
120,603458.SH,20200123,18.29,2.0952,2.0952,1.62,9.6347,9.0412,1.3865,1.5802,1.4518,3.1162,3.1162,18589.0627,12428.9602,12428.9602,339993.9568,227325.6821
121,603517.SH,20200123,38.18,3.2546,3.2546,1.33,36.273,30.2724,5.3162,5.32,4.6588,1.0763,1.0763,60863.0695,26381.4055,26381.4055,2323751.9935,1007242.062
122,600589.SH,20200123,5.09,1.5404,2.8736,1.14,23.3177,10.4366,1.0282,2.1078,2.2963,0.3936,0.3936,70403.3281,70403.3281,37739.7013,358352.94,358352.94
123,603222.SH,20200123,53.1,0.2237,0.6156,0.71,529.9596,466.4403,20.136,24.3497,23.0653,0.0395,0.0395,32000.0,32000.0,11630.0,1699200.0,1699200.0
124,000937.SZ,20200123,3.44,0.5135,1.4868,2.21,13.9393,16.1019,0.581,0.5665,0.5496,2.907,2.907,353354.685,290659.9842,100390.666,1215540.1164,999870.3456
125,002838.SZ,20200123,11.46,2.1042,7.0743,1.22,38.1013,28.8563,4.3684,3.4234,1.8266,0.5402,0.5402,40702.75,39915.6334,11872.473,466453.515,457433.1588
126,002507.SZ,20200123,23.55,1.8069,3.0243,1.54,28.0925,28.3145,6.6773,9.7105,9.419,1.104,1.104,78935.7241,77753.0872,46453.2472,1858936.3026,1831085.2036
127,002475.SZ,20200123,45.15,1.4224,2.5021,1.13,88.7037,61.093,13.1922,6.7366,4.6845,0.0852,0.0852,534900.1738,534363.9875,303776.8295,24150742.8471,24126534.0356
128,600038.SH,20200123,44.43,0.8005,1.8532,1.03,51.3206,43.0263,3.2771,2.0045,1.6997,0.5852,0.5852,58947.6716,58947.6716,25464.0232,2619045.0492,2619045.0492
129,600128.SH,20200123,7.8,3.3487,4.5151,1.41,,,1.2506,0.4271,0.4907,0.0,,24676.75,24676.75,18301.9029,192478.65,192478.65
130,603698.SH,20200123,12.33,0.5415,2.3259,1.21,29.1474,44.7266,2.3928,4.0807,3.8496,0.0,,53599.0,53599.0,12479.3927,660875.67,660875.67
131,002730.SZ,20200123,7.83,0.6282,1.6192,0.73,44.1937,37.2991,2.5639,2.6908,2.5517,0.6386,0.6386,32267.4,29049.9,11271.15,252653.742,227460.717
132,601882.SH,20200123,7.25,0.2286,0.9477,1.51,37.2829,53.1948,3.0051,2.9745,3.4857,0.8276,0.8276,52200.0,52200.0,12594.0,378450.0,378450.0
133,000617.SZ,20200123,10.85,0.1381,0.1664,1.05,13.5367,13.0566,1.1926,156.1795,124.8452,2.2212,2.2212,903005.6485,204517.1019,169688.4317,9797611.2862,2219010.5556
134,002578.SZ,20200123,3.29,0.839,1.1873,1.73,90.7891,65.4575,2.3057,2.2795,2.2661,0.0,,98809.3296,64533.0133,45601.575,325082.6944,212313.6138
135,300396.SZ,20200123,17.39,3.5331,9.5029,1.63,24.2766,20.9104,3.2371,5.1426,4.8073,1.599,1.599,27603.0,25000.863,9295.1115,480016.17,434765.0076
136,002286.SZ,20200123,5.95,1.2585,2.4666,1.7,51.1506,56.0094,1.3971,1.27,1.2309,0.5042,0.5042,36925.6,36925.2663,18839.6817,219707.32,219705.3345
137,002574.SZ,20200123,4.93,1.0198,2.1646,1.72,28.4692,26.746,0.7976,0.6359,0.7237,1.0142,1.0142,52800.0,52800.0,24873.9502,260304.0,260304.0
138,300131.SZ,20200123,5.49,4.5859,4.9418,0.95,41.7771,42.7024,3.2106,0.4847,0.4635,0.3643,0.3643,106952.6426,78781.5026,73108.3256,587170.0079,432510.4493
139,300683.SZ,20200123,30.55,6.9101,28.6362,0.9,33.5412,36.5956,1.7957,5.3438,4.8626,0.6547,0.6547,10335.504,4744.9965,1144.9965,315749.6472,144959.6431
140,600090.SH,20200123,4.22,1.8897,3.927,1.09,11.4872,11.3541,0.9388,0.5604,0.5509,0.0,,143966.2945,143966.2945,69277.6048,607537.7628,607537.7628
141,600530.SH,20200123,4.19,0.6527,1.389,0.84,,,3.2568,13.1234,10.8268,0.0,,78000.0,78000.0,36651.3092,326820.0,326820.0
142,603577.SH,20200123,10.65,0.9856,2.177,1.12,69.0681,43.2245,1.7864,2.2885,1.5937,0.439,0.439,20590.5882,17502.0,7924.0431,219289.7643,186396.3
143,300647.SZ,20200123,13.39,3.0829,3.6731,0.99,319.7886,388.5849,5.3312,6.2051,6.7065,0.112,0.112,23794.0408,8584.6026,7205.3044,318602.2063,114947.8288
144,300122.SZ,20200123,59.59,1.6181,2.8921,1.2,65.6926,44.8104,18.5356,18.2361,10.1434,0.8391,0.8391,160000.0,87576.9025,48998.8971,9534400.0,5218707.62
145,002419.SZ,20200123,9.77,0.6717,2.0711,1.66,12.9668,13.2785,1.74,0.6128,0.6051,4.0942,4.0942,120030.0,119984.2061,38910.1262,1172693.1,1172245.6936
146,600893.SH,20200123,21.59,0.5896,1.2819,1.28,45.6563,58.7581,1.7079,2.1026,2.2031,0.6577,0.6577,224984.445,194772.655,89590.7026,4857414.1676,4205141.6215
147,688199.SH,20200123,66.3,9.2691,9.2691,0.85,41.9169,26.0228,2.781,7.3365,5.7063,,,11122.68,2576.5513,2576.5513,737433.684,170825.3512
148,603559.SH,20200123,17.29,2.5069,2.918,1.27,50.2852,41.1486,2.7806,3.4291,2.9566,0.1272,0.1272,14331.3207,14130.0606,12139.3106,247788.5349,244308.7478
149,600823.SH,20200123,4.09,0.3639,1.159,1.6,6.3825,6.203,0.6328,0.7421,0.7181,6.357,6.357,375116.8261,375116.8261,117788.8508,1534227.8187,1534227.8187
150,603867.SH,20200123,23.14,4.3038,4.3038,0.57,18.5612,20.8909,2.4155,1.4513,1.7097,1.0804,1.0804,14000.0,3500.0,3500.0,323960.0,80990.0
151,300180.SZ,20200123,9.02,1.1338,1.4751,1.56,52.0201,126.0564,2.959,5.0138,4.9801,0.2587,0.2587,170375.3565,102584.2894,78853.3519,1536785.7156,925310.2904
152,002262.SZ,20200123,11.6,1.4722,2.6576,1.0,22.5319,18.9697,3.4056,3.0649,2.8379,0.5173,0.5173,101938.7711,88722.9194,49150.2459,1182489.7448,1029185.865
153,300324.SZ,20200123,7.18,9.6762,11.6812,0.94,293.3082,,2.3877,3.2577,3.3681,0.0,,174913.4595,114914.8669,95190.6554,1255878.6392,825088.7443
154,002708.SZ,20200123,7.37,1.3869,3.3063,1.23,,,2.4422,2.5505,2.7246,0.0,,46886.1076,38348.2664,16086.5134,345550.613,282626.7234
155,688002.SH,20200123,50.0,15.2798,15.2798,0.83,177.7609,120.4198,9.9283,57.9269,36.2458,,,44500.0,5460.0,5460.0,2225000.0,273000.0
156,300257.SZ,20200123,10.02,0.5075,1.3387,1.48,71.1915,70.5055,2.4219,3.3068,3.3977,0.998,0.998,85800.0,81773.0633,31001.8435,859716.0,819366.0943
157,000572.SZ,20200123,2.2,1.0733,1.6388,0.82,,,0.7746,0.7169,0.8153,0.0,,164463.6426,164215.5224,107553.2273,361820.0137,361274.1493
158,002127.SZ,20200123,10.26,2.5094,2.8816,1.98,28.4126,24.2393,5.9254,7.5121,6.3683,0.0,,245487.0403,189622.7927,165129.7251,2518697.0335,1945529.8531
159,600653.SH,20200123,1.92,0.7965,1.0335,1.83,10.9567,8.8105,1.7585,0.5229,0.5058,0.0,,194638.0317,194638.0317,150001.5051,373705.0209,373705.0209
160,002344.SZ,20200123,4.18,0.7539,1.6147,1.29,14.7214,17.3047,0.6969,3.1492,3.2991,0.5023,0.5023,128274.5046,127543.3383,59546.2016,536187.4292,533131.1541
161,002105.SZ,20200123,6.7,4.9428,9.6147,0.75,225.9883,44.4547,4.3924,1.6422,1.325,0.0,,36850.0,36850.0,18944.1353,246895.0,246895.0
162,002461.SZ,20200123,7.01,0.4278,1.9927,1.06,42.3422,30.7883,1.8356,3.8411,3.6764,1.4265,1.4265,221332.848,136032.1586,29204.6926,1551543.2645,953585.4318
163,300501.SZ,20200123,11.74,1.7502,2.4266,1.59,27.7739,27.7027,2.7093,3.6232,3.0228,1.7036,1.7036,15652.98,8364.4496,6032.8799,183765.9852,98198.6383
164,002499.SZ,20200123,3.91,0.637,0.9551,0.73,,,4.5757,8.9505,,0.0,,18900.0,18898.4175,12603.6045,73899.0,73892.8124
165,002253.SZ,20200123,14.43,2.0088,2.5256,1.39,59.26,66.9883,2.402,9.5815,9.8624,0.8316,0.8316,22562.6095,20737.2219,16494.3556,325578.4551,299238.112
166,002360.SZ,20200123,5.31,1.9175,2.0619,1.61,14.4694,13.8773,1.9346,2.3187,2.148,1.7981,1.7981,39151.26,29657.9467,27580.6967,207893.1906,157483.697
167,603988.SH,20200123,10.1,1.4662,4.5004,1.21,49.2549,37.5363,3.7395,5.5433,4.9337,3.8119,3.8119,23520.0,23520.0,7662.76,237552.0,237552.0
168,603619.SH,20200123,14.65,6.883,12.7601,1.07,195.5383,,2.4479,4.2166,2.9631,0.157,0.157,40000.01,14332.1614,7731.0352,586000.1465,209966.1645
169,603037.SH,20200123,18.48,3.0859,5.4871,0.5,15.4012,19.8918,2.3434,3.5623,3.8595,4.0584,4.0584,10582.37,10490.135,5899.6519,195562.1976,193857.6948
170,600067.SH,20200123,3.81,0.2361,0.3688,1.55,7.4906,8.1082,0.7618,0.7011,0.6739,2.5527,2.5527,149211.0725,149211.0725,95515.3669,568494.1862,568494.1862
171,300409.SZ,20200123,14.63,4.345,5.6759,0.72,30.5825,,2.8714,1.8989,1.9955,1.0253,1.0253,45998.8994,31523.4356,24132.1058,672963.8982,461187.8628
172,000930.SZ,20200123,6.69,3.71,3.71,3.51,25.5893,23.2071,1.2816,0.6982,0.4649,0.3737,0.3737,184764.4377,81241.1115,81241.1115,1236074.0882,543503.0359
173,002346.SZ,20200123,11.95,0.926,3.5107,0.53,90.5618,65.4382,2.5218,9.4333,12.9156,1.6736,1.6736,44157.5416,39463.2807,10409.508,527682.6221,471586.2044
174,600803.SH,20200123,10.34,0.7787,1.9455,1.56,9.621,9.3317,1.3662,0.9324,0.9366,2.0006,2.0006,122935.5783,122935.5783,49204.9525,1271153.8796,1271153.8796
175,603338.SH,20200123,69.78,0.5592,1.5216,1.17,50.3633,45.8235,8.1841,14.1713,13.2441,0.3583,0.3583,34677.5408,34677.5408,12743.2769,2419798.797,2419798.797
176,600661.SH,20200123,15.82,0.4492,1.2374,0.94,,,4.2206,2.1633,1.9735,0.0,,28654.883,25907.6526,9404.3341,453320.2491,409859.0641
177,603466.SH,20200123,14.62,5.1168,5.1168,1.19,20.2193,17.3582,2.6475,2.4968,2.2596,0.5133,0.5133,29175.1,8911.93,8911.93,426539.962,130292.4166
178,002469.SZ,20200123,4.13,0.9874,1.3488,1.47,51.9738,45.5459,1.7436,3.9712,3.2264,2.4213,2.4213,50326.2849,46342.3224,33923.9814,207847.5566,191393.7915
179,603712.SH,20200123,24.5,2.8137,4.7039,1.4,84.0897,72.7773,8.1311,11.6354,10.3485,0.2041,0.2041,77200.0,36643.68,21919.04,1891400.0,897770.16
180,000028.SZ,20200123,49.48,0.8414,2.3221,1.13,17.4965,17.0025,1.7013,0.4912,0.4217,0.8084,0.8084,42812.6983,36773.3625,13323.9404,2118372.3119,1819545.9765
181,688268.SH,20200123,70.0,12.3122,12.3122,0.71,123.8055,95.3167,7.0676,10.2747,10.0193,,,12000.0,2722.7108,2722.7108,840000.0,190589.756
182,600399.SH,20200123,3.44,0.5382,0.8342,1.38,2.6019,2.3334,1.56,1.1601,1.155,0.0,,197210.0,197210.0,127229.8912,678402.4,678402.4
183,600015.SH,20200123,7.4,0.2277,0.5486,2.09,5.4601,5.2752,0.5654,1.5765,1.3639,2.3514,2.3514,1538722.3983,1282268.6653,532094.9437,11386545.7474,9488788.1232
184,600586.SH,20200123,2.76,0.6049,0.8431,1.65,50.3022,,0.9418,0.7695,0.7595,2.1739,2.1739,142877.0,142877.0,102513.4722,394340.52,394340.52
185,300545.SZ,20200123,33.45,7.2158,10.3039,0.94,56.5229,67.6009,7.4983,7.2631,7.2903,0.299,0.299,14408.7472,7169.3612,5020.6712,481972.5938,239815.1321
186,603980.SH,20200123,7.75,1.2414,1.4529,1.48,7.7183,9.6312,1.1979,1.8609,1.9431,4.1475,4.1475,70000.0,34388.6323,29382.4594,542500.0,266511.9003
187,000830.SZ,20200123,9.66,1.6947,2.5531,1.24,4.6138,8.9577,1.3651,0.6648,0.7387,5.176,5.176,146486.0778,146411.0715,97186.2251,1415055.5115,1414330.9507
188,300098.SZ,20200123,5.28,5.0247,5.7897,2.25,17.2605,44.9948,1.6265,2.614,2.933,0.3771,0.3771,176386.2482,131958.0297,114522.5562,931319.3905,696738.3968
189,000927.SZ,20200123,4.29,1.3105,4.0173,0.85,183.4246,20.1435,,6.0838,12.7752,0.0,,159517.402,159517.096,52034.4165,684329.6546,684328.3418
190,603779.SH,20200123,5.84,0.7758,2.0009,0.75,37.6306,49.3455,1.388,2.4661,2.636,1.0611,1.0611,33274.9154,30545.0232,11843.5587,194325.5059,178382.9355
191,300576.SZ,20200123,27.03,18.8288,27.7096,1.09,76.9725,87.0388,7.1767,7.6674,7.4096,0.37,0.37,12000.0,5904.095,4011.8645,324360.0,159587.6879
192,002629.SZ,20200123,2.65,2.1234,2.2136,1.09,,,78.362,0.4287,13.3228,0.0,,41194.8,34460.0433,33056.0987,109166.22,91319.1147
193,300466.SZ,20200123,5.5,1.6593,2.0712,1.27,,,2.6312,6.8953,6.3869,0.0,,53887.3335,33814.1492,27089.487,296380.3343,185977.8206
194,000410.SZ,20200123,6.63,0.6023,0.8609,2.05,,,,2.2264,6.3674,0.0,,168403.5944,168091.4444,117587.21,1116515.8309,1114446.2764
195,300234.SZ,20200123,10.23,3.262,3.816,2.23,,114.5463,3.2063,10.2285,4.8728,0.0,,28953.4588,17148.1328,14658.6134,296193.8835,175425.3985
196,002122.SZ,20200123,1.83,0.4629,0.8432,1.27,,,0.8084,1.1618,1.5638,0.0,,118800.0,118799.9775,65227.8197,217404.0,217403.9588
197,600177.SH,20200123,6.92,0.5873,0.9599,2.05,9.4364,7.8629,1.287,3.601,2.9475,5.161,5.161,501402.6294,501402.6294,306779.265,3469706.1954,3469706.1954
198,002160.SZ,20200123,3.5,3.5651,5.8564,0.92,,,0.9236,0.673,0.6376,0.0,,79558.1976,68242.3106,41542.7767,278453.6916,238848.0871
199,601558.SH,20200123,1.08,0.6369,0.8323,1.57,35.2749,39.852,4.4551,11.4282,15.5266,0.0,,603060.0,603060.0,461508.9058,651304.8,651304.8
200,603611.SH,20200123,15.81,0.945,1.7672,1.06,22.4522,19.1022,2.5923,1.657,1.5087,3.1642,3.1642,26753.5854,26471.9054,14155.4042,422974.1852,418520.8244
201,601229.SH,20200123,8.91,0.313,0.4721,1.35,7.019,6.2361,0.8075,2.8842,2.5418,3.885,3.885,1420652.87,1326178.2279,879272.7818,12658017.0717,11816248.0106
202,603160.SH,20200123,338.06,1.558,4.2723,1.56,207.4951,72.1252,26.9919,41.4009,25.5326,0.1482,0.1482,45573.2298,44884.7579,16368.8126,15406486.0662,15173741.2557
203,300419.SZ,20200123,5.9,3.8479,4.1622,0.84,,,2.5,3.9206,3.2799,0.0,,36775.377,24347.544,22508.7782,216974.7243,143650.5096
204,603301.SH,20200123,30.12,40.1106,41.4419,2.74,32.3862,30.1072,3.5544,2.9512,2.501,0.83,0.83,14000.0,5450.55,5275.45,421680.0,164170.566
205,300377.SZ,20200123,11.73,6.4486,8.0896,1.52,48.9634,47.0693,3.1446,13.6203,12.1887,0.8527,0.8527,74209.208,56651.4602,45159.741,870474.0098,664521.6281
206,600497.SH,20200123,4.1,0.6731,1.2863,1.29,33.5173,34.2081,1.3986,1.1015,1.2428,1.7073,1.7073,509129.1568,430989.8186,225531.0952,2087429.5429,1767058.2563
207,002917.SZ,20200123,15.7,6.4906,7.7231,1.39,43.6167,42.9382,4.0967,6.7869,6.3445,0.3981,0.3981,18089.6,5417.6,4553.0133,284006.72,85056.32
208,002641.SZ,20200123,6.84,3.4452,9.0645,1.0,31.4002,18.7449,2.3972,1.435,1.2717,0.4825,0.4825,112320.0,91028.6978,34598.0456,768268.8,622636.293
209,600127.SH,20200123,3.88,1.9062,2.4544,1.8,,173.5293,3.2928,0.8269,0.6593,0.0,,64178.3218,64178.3218,49843.3167,249011.8886,249011.8886
210,300129.SZ,20200123,4.82,2.4133,2.6114,0.85,329.1571,27.9534,1.5091,2.354,1.5946,1.6598,1.6598,71915.3256,55682.9736,51458.7336,346631.8694,268391.9328
211,600738.SH,20200123,4.98,1.9588,2.8589,1.26,2.4314,7.2,2.4242,2.7861,2.2887,38.2526,38.2526,77346.4476,41162.7393,28203.2023,385185.309,204990.4417
212,603999.SH,20200123,7.59,2.2936,5.44,0.69,102.9333,70.6369,2.5462,5.7471,5.5733,0.303,0.303,57600.0,57600.0,24285.4056,437184.0,437184.0
213,002622.SZ,20200123,3.59,2.4145,3.1691,0.66,81.8495,1079.555,2.3381,7.1391,12.9112,0.0,,84000.0,83997.75,63997.75,301560.0,301551.9225
214,002916.SZ,20200123,177.49,6.3737,6.3737,1.38,86.3862,55.1738,13.6533,7.9232,6.0698,0.3521,0.3521,33936.0,9872.0884,9872.0884,6023300.64,1752196.9701
215,603033.SH,20200123,18.95,0.6958,1.5392,1.04,70.4189,30.7662,2.0545,5.3042,3.7761,0.49,0.49,30441.8146,17777.2,8036.0,576872.3867,336877.94
216,603499.SH,20200123,14.83,3.9625,3.9625,1.69,43.7637,68.1725,3.8659,5.8851,6.5218,0.9627,0.9627,14184.646,3552.7268,3552.7268,210358.3002,52686.9384
217,002541.SZ,20200123,11.21,2.6354,3.8717,1.69,14.1108,13.9342,1.2446,0.7456,0.5671,0.7583,0.7583,52371.8853,36952.4687,25152.2794,587088.8342,414237.1741
218,002478.SZ,20200123,5.84,1.3731,1.7887,1.41,11.6735,8.9783,1.2824,1.0428,1.0166,2.0548,2.0548,95999.2879,59870.9755,45958.4713,560635.8413,349646.4969
219,300638.SZ,20200123,67.78,8.7498,8.7498,1.15,104.8161,60.8365,7.2576,7.2834,5.3123,0.333,0.333,13422.4205,4048.125,4048.125,909771.6615,274381.9125
220,600660.SH,20200123,24.59,0.9366,1.4563,1.32,14.9708,19.2475,2.9527,3.05,2.9748,3.05,3.05,250861.7532,200298.6332,128812.9774,6168690.5112,4925343.3904
221,600016.SH,20200123,6.08,0.3307,0.3431,2.33,5.2893,5.0064,0.6029,1.698,1.5277,5.6743,5.6743,4378241.8502,3546212.3213,3418200.609,26619710.4492,21560970.9135
222,300162.SZ,20200123,9.04,9.4491,13.1993,1.24,,,3.3651,4.3074,3.5259,0.0,,34951.003,22919.6698,16407.7389,315957.0671,207193.815
223,601595.SH,20200123,13.52,1.213,3.9404,1.2,21.4937,19.7109,2.1429,4.7824,4.8643,1.7012,1.7012,37350.0,37350.0,11497.6403,504972.0,504972.0
224,000883.SZ,20200123,3.83,0.2453,0.8844,1.26,13.7626,15.7174,0.9131,2.0282,1.6273,2.8721,2.8721,650744.9486,650449.3911,180448.6733,2492353.1531,2491221.1679
225,600408.SH,20200123,2.36,0.8132,1.1882,1.73,2.8967,5.8738,1.4429,0.2695,0.2472,0.0,,100680.0,100680.0,68899.2884,237604.8,237604.8
226,603269.SH,20200123,13.82,2.2303,2.4259,1.13,38.0899,37.7143,1.9127,2.0938,1.9657,0.7887,0.7887,9147.0,5909.5,5433.01,126411.54,81669.29
227,002669.SZ,20200123,13.4,3.9276,5.3698,1.54,42.0598,30.6624,1.6244,3.6446,3.7144,0.5746,0.5746,25249.2921,23492.0918,17182.5718,338340.5141,314794.0301
228,000878.SZ,20200123,12.05,2.0735,3.7705,1.41,164.1511,58.9485,2.4539,0.4318,0.3374,0.0,,169967.856,141639.1956,77892.2238,2048112.6648,1706752.307
229,000888.SZ,20200123,6.28,1.2841,2.1258,0.9,15.8147,14.5963,1.3262,3.0858,3.0133,1.5924,1.5924,52691.3102,52691.3102,31826.6608,330901.4281,330901.4281
230,002875.SZ,20200123,14.9,3.7762,3.7762,0.5,23.5354,33.1902,2.2295,1.6185,1.4881,1.075,1.075,13171.3803,3581.0459,3581.0459,196253.5665,53357.5839
231,000620.SZ,20200123,3.8,0.4188,1.0787,1.07,6.0747,6.9049,0.9881,0.5148,0.5356,5.2632,5.2632,189669.042,189661.4445,73634.1858,720742.3596,720713.4891
232,600851.SH,20200123,8.1,0.7987,1.0581,1.16,72.2893,76.7429,2.5611,8.899,8.374,0.4321,0.4321,120705.6692,73820.611,55721.1984,977715.9205,597946.9491
233,600726.SH,20200123,1.76,0.4445,1.0438,1.32,,,2.514,0.353,0.3343,0.0,,196667.5153,153467.5151,65354.8686,346134.8269,270102.8266
234,600933.SH,20200123,14.0,1.573,2.5116,1.3,25.6376,30.3415,3.0515,4.787,4.6861,1.6294,1.6294,85737.79,26726.7695,16739.04,1200329.06,374174.773
235,002374.SZ,20200123,2.83,1.6267,2.2204,2.31,,,1.0227,1.9899,2.4533,0.0,,87742.7468,79082.9858,57939.8179,248311.9734,223804.8498
236,300792.SZ,20200123,199.0,3.6855,3.6855,0.72,97.8989,86.3051,13.7772,15.7189,12.4545,,,8000.0,2000.0,2000.0,1592000.0,398000.0
237,000717.SZ,20200123,4.2,1.6973,3.6151,1.41,3.0734,5.5265,1.3609,0.3748,0.3457,0.0,,241952.441,241952.441,113601.152,1016200.2522,1016200.2522
238,002168.SZ,20200123,7.92,1.5964,2.2811,1.62,18.8807,58.6932,3.3504,3.346,6.0326,0.0,,80192.9568,79457.9643,55605.4772,635128.2179,629307.0773
239,000782.SZ,20200123,3.36,2.3065,2.7582,0.98,47.5866,,1.2782,0.4654,0.5637,0.5952,0.5952,52813.9623,44631.697,37322.4028,177454.9133,149962.5019
240,300600.SZ,20200123,9.41,3.5523,3.5523,1.52,26.3727,29.7565,2.4976,5.8443,5.6407,1.0627,1.0627,30358.62,11887.2,11887.2,285674.6142,111858.552
241,002430.SZ,20200123,14.72,1.5249,4.2251,0.81,19.1654,19.3732,2.5006,1.7971,1.7927,1.2228,1.2228,96460.3777,95018.5972,34293.5153,1419896.7597,1398673.7508
242,002971.SZ,20200123,25.27,43.1351,43.1351,4.61,53.6524,48.3091,4.1109,6.4731,6.24,,,16000.0,4000.0,4000.0,404320.0,101080.0
243,600301.SH,20200123,6.73,0.4441,0.653,1.46,29.2404,129.6452,5.0883,5.7455,2.4634,0.0,,23514.814,23514.814,15990.0082,158254.6982,158254.6982
244,002442.SZ,20200123,4.6,4.2374,5.8263,1.65,16.6364,37.6466,1.7778,0.7156,0.7532,2.1739,2.1739,48000.0,47955.225,34876.8798,220800.0,220594.035
245,002209.SZ,20200123,6.69,2.0464,2.7804,1.19,126.2503,,2.1324,1.3254,1.7235,0.0897,0.0897,19524.405,15452.4582,11373.072,130618.2695,103376.9454
246,300237.SZ,20200123,2.46,2.0415,3.5048,1.45,9.6073,31.1967,0.9939,1.0241,1.2914,0.0,,145307.251,143984.8251,83868.3488,357455.8375,354202.6697
247,002347.SZ,20200123,4.35,1.6528,2.0069,1.04,96.9356,82.7797,1.696,2.6057,2.3291,0.0,,44701.9662,31677.4985,26088.2259,194453.553,137797.1185
248,300692.SZ,20200123,12.28,2.6554,4.0167,1.27,32.5067,24.6827,2.4354,5.0363,3.4666,0.3257,0.3257,16000.5,9700.5,6412.815,196486.14,119122.14
249,600865.SH,20200123,6.34,0.8824,1.5739,1.02,20.4862,16.7154,1.3101,2.9383,2.7545,3.1546,3.1546,37624.0316,37624.0316,21092.2266,238536.3603,238536.3603
250,601898.SH,20200123,4.67,0.1993,1.1791,1.26,18.0278,12.2102,0.6343,0.5946,0.5107,1.6702,1.6702,1325866.34,915200.04,154679.2792,6191795.8078,4273984.1868
251,600255.SH,20200123,1.4,1.1255,1.2734,1.25,,,1.1477,0.4936,0.7078,0.0,,176959.3555,176959.3555,156407.59,247743.0977,247743.0977
252,300106.SZ,20200123,5.75,2.7737,4.7675,2.46,61.6516,,1.9061,1.7928,1.8155,0.0,,21133.231,21133.231,12295.4139,121516.0783,121516.0783
253,600271.SH,20200123,22.9,0.9094,1.7166,1.0,26.3608,22.3481,3.8337,1.5265,1.7785,1.9214,1.9214,186252.12,185280.126,98152.4866,4265173.548,4242914.8854
254,002600.SZ,20200123,12.96,7.6784,7.6784,0.8,,49.9517,7.348,3.9325,3.9026,0.0,,682707.744,172416.1666,172416.1666,8847892.3622,2234513.5191
255,002789.SZ,20200123,15.79,2.0192,2.4253,1.17,23.6333,22.833,1.6512,0.7355,0.7222,0.4307,0.4307,13804.0,8122.0758,6762.0378,217965.16,128247.5769
256,300405.SZ,20200123,6.23,3.1927,3.2478,0.75,,,1.633,1.1599,1.4291,0.0,,22246.9156,13094.5712,12872.464,138598.2842,81579.1786
257,002393.SZ,20200123,26.94,1.1104,2.2829,1.19,26.5726,22.8849,1.0564,3.269,3.0477,1.1136,1.1136,18245.4992,18245.4992,8874.4384,491533.7484,491533.7484
258,300724.SZ,20200123,55.3,2.9436,3.5253,1.0,57.7939,45.8695,7.0483,11.8547,8.0471,0.3255,0.3255,32000.0,17000.1888,14195.1488,1769600.0,940110.4406
259,603214.SH,20200123,37.73,4.371,6.7007,2.32,32.0909,27.1903,4.0336,1.8033,1.6343,0.9349,0.9349,10205.9,5520.2839,3600.9942,385068.607,208280.3115
260,300780.SZ,20200123,20.31,5.3554,5.3554,1.1,38.0223,39.7147,3.0962,5.5615,5.7267,0.0,,14667.0,3667.0,3667.0,297886.77,74476.77
261,300663.SZ,20200123,25.4,3.5788,4.1235,0.85,179.2276,178.1945,11.8151,10.1309,8.353,0.0924,0.0924,30042.5156,18470.2338,16030.3027,763079.8962,469143.9385
262,300293.SZ,20200123,7.64,1.8212,4.7121,1.21,127.6387,127.5121,2.6587,1.1941,1.1526,0.2618,0.2618,27000.0,27000.0,10435.27,206280.0,206280.0
263,002970.SZ,20200123,137.69,16.8562,16.8562,1.02,78.6979,58.6538,9.1958,10.0594,8.1486,,,8640.0,2160.0,2160.0,1189641.6,297410.4
264,600183.SH,20200123,24.32,2.5155,5.2086,1.17,55.331,44.9085,6.6549,4.6204,4.4367,1.3409,1.3409,227619.134,227619.134,109928.2839,5535697.3389,5535697.3389
265,600470.SH,20200123,3.68,0.7877,1.0572,0.85,,,1.3236,0.4608,0.4264,0.0,,52160.0,52160.0,38862.8256,191948.8,191948.8
266,300414.SZ,20200123,11.8,1.9704,5.1153,1.11,71.5103,59.5186,4.3807,10.0896,9.1357,0.3568,0.3568,32473.3466,30068.7433,11582.4457,383185.4899,354811.1709
267,002610.SZ,20200123,1.57,1.6124,2.0687,1.37,56.2293,149.6551,1.186,1.4554,1.421,0.0,,448912.0772,438704.7197,341928.3441,704791.9612,688766.4099
268,000429.SZ,20200123,8.07,0.4591,1.2026,1.98,10.0611,13.4057,1.7176,5.2421,5.5177,6.9641,6.9641,209080.6126,130277.2793,49728.3619,1687280.5437,1051337.644
269,601952.SH,20200123,6.74,3.6216,3.7432,1.15,15.3404,15.745,1.572,1.9018,1.1632,2.9674,2.9674,137800.0,40930.3574,39600.1267,928772.0,275870.6089
270,300675.SZ,20200123,13.92,2.3919,3.4329,1.41,58.9534,303.2239,5.0044,5.1425,5.2414,0.5029,0.5029,14666.67,8066.67,5620.4651,204160.0464,112288.0464
271,002255.SZ,20200123,3.01,1.5999,1.6794,1.62,,,0.6644,1.1133,0.9343,0.0,,84227.1055,64443.1087,61393.5049,253523.5876,193973.7572
272,002830.SZ,20200123,13.34,0.7521,2.3234,1.18,38.7207,55.7514,2.8777,2.3284,2.1805,1.1994,1.1994,13334.0,13334.0,4316.5,177875.56,177875.56
273,002341.SZ,20200123,6.4,10.9498,12.458,2.12,24.4889,207.7587,1.4297,2.2946,2.3587,0.4218,0.4218,115221.4592,86703.0161,76206.9323,737417.3389,554899.303
274,601515.SH,20200123,6.4,0.6041,2.1158,1.85,11.4189,11.3756,2.0843,2.5661,2.5526,6.5104,6.5104,133440.0,133440.0,38101.1794,854016.0,854016.0
275,002696.SZ,20200123,5.62,3.9322,3.9322,0.39,34.3635,,0.9891,0.6266,0.6414,1.0066,1.0066,34938.691,18290.7705,18290.7705,196355.4434,102794.1302
276,002900.SZ,20200123,12.29,3.9909,4.23,0.98,18.9055,22.2554,2.1464,1.791,1.7464,5.2051,5.2051,31660.005,11942.655,11267.655,389101.4615,146775.23
277,603656.SH,20200123,14.44,1.2879,1.4642,1.28,26.6291,32.2746,2.3429,5.2777,5.6549,0.7618,0.7618,14888.16,6333.1128,5570.8368,214985.0304,91450.1488
278,002648.SZ,20200123,16.26,2.2044,5.1407,2.15,18.4221,13.9761,1.9478,1.7278,1.5577,0.5535,0.5535,106570.5806,103819.2726,44519.2726,1732837.6406,1688101.3725
279,002785.SZ,20200123,14.13,1.3737,2.0136,1.16,276.919,486.9812,4.2791,2.4602,2.4726,0.0425,0.0425,20000.0,15472.5949,10555.7959,282600.0,218627.7659
280,300209.SZ,20200123,14.34,3.3204,6.2121,1.27,253.1522,29.6881,1.4922,6.8218,2.3091,0.093,0.093,42616.968,26376.0568,14098.3301,611127.3211,378232.6545
281,002247.SZ,20200123,2.59,5.7751,7.5807,1.93,,,1.0927,0.631,0.7569,0.0,,85087.0049,54452.1481,41482.5331,220375.3427,141031.0636
282,300705.SZ,20200123,12.5,7.364,8.3745,0.97,40.7515,44.84,3.9377,3.6606,3.2612,0.376,0.376,23468.0,9905.924,8710.6096,293350.0,123824.05
283,002624.SZ,20200123,47.49,2.9699,8.8277,1.82,35.9827,32.9307,6.4365,7.6415,7.3672,0.3794,0.3794,129269.7883,115994.7933,39023.8773,6139022.2464,5508592.7338
284,000987.SZ,20200123,9.02,0.5538,3.4857,0.98,55.1819,16.5825,1.4403,3.7223,2.6757,0.9978,0.9978,275288.4754,266728.287,42373.7187,2483102.0481,2405889.1487
285,603901.SH,20200123,12.29,2.1263,2.425,0.46,72.7929,55.8669,4.0929,3.271,2.9124,0.4408,0.4408,43938.9026,22338.9026,19587.5326,540009.113,274545.113
286,000886.SZ,20200123,4.48,2.8962,3.9171,1.06,26.673,68.5334,1.5936,9.5915,19.5394,1.1161,1.1161,98882.83,97196.0198,71863.8421,442995.0784,435438.1687
287,002695.SZ,20200123,15.91,1.7332,4.4489,1.09,47.2371,37.8726,3.9329,4.3044,3.8528,0.5159,0.5159,51337.8396,45761.0081,17827.9284,816785.028,728057.6389
288,000628.SZ,20200123,9.59,1.9047,2.2231,1.7,54.5641,34.9762,3.2167,3.1336,1.4381,0.0,,31148.0,18798.034,16105.804,298709.32,180273.1461
289,002735.SZ,20200123,18.15,1.942,3.1207,0.85,52.0491,49.5508,4.1416,2.8409,2.1537,0.7616,0.7616,14270.123,7588.1642,4721.9592,259002.7325,137725.1802
290,600220.SH,20200123,2.17,0.5038,0.7357,1.24,28.4576,30.1817,1.7386,1.5989,1.6299,1.3825,1.3825,178334.0326,178334.0326,122123.6093,386984.8507,386984.8507
291,600761.SH,20200123,9.75,0.8593,1.5067,1.17,12.3863,11.6023,1.5014,0.7465,0.7384,3.5897,3.5897,74018.0802,74018.0802,42214.5293,721676.282,721676.282
292,300070.SZ,20200123,8.57,2.1765,2.7158,1.04,21.792,26.2398,1.4208,2.3547,2.156,0.4531,0.4531,316459.6594,218120.5923,174810.4094,2712059.2811,1869293.476
293,600897.SH,20200123,21.14,0.4662,1.4567,1.56,12.4506,12.024,1.7405,3.5426,3.5167,6.0549,6.0549,29781.0,29781.0,9531.0,629570.34,629570.34
294,002008.SZ,20200123,43.46,1.4257,1.7545,1.19,26.9836,70.0379,5.6746,4.2046,4.9774,0.4536,0.4536,106706.9265,99339.5156,80726.0706,4637483.0257,4317295.348
295,002717.SZ,20200123,6.09,3.8102,4.2429,0.79,12.0085,18.2846,2.0689,1.0575,1.113,0.8767,0.8767,153547.4733,105982.2847,95173.9762,935104.1124,645432.1138
296,300258.SZ,20200123,10.82,0.5292,1.0833,1.0,16.9399,22.4013,2.206,3.4629,3.6234,1.3863,1.3863,40500.0,37667.9533,18402.2189,438210.0,407567.2547
297,600711.SH,20200123,4.93,2.8116,3.3342,1.3,27.0754,89.9523,1.2791,0.37,0.3428,0.3701,0.3701,230803.4195,151984.4138,128161.5668,1137860.8581,749283.16
298,300272.SZ,20200123,4.48,0.9586,1.5026,0.88,7.5053,27.8212,2.2561,2.8988,2.6366,2.9671,2.9671,58301.8109,37674.3386,24035.5823,261192.1128,168781.0369
299,600239.SH,20200123,2.88,1.0577,1.8205,0.92,9.4104,,1.1803,0.4846,0.6247,3.1944,3.1944,160568.6909,160568.6909,93292.2647,462437.8298,462437.8298
300,000548.SZ,20200123,4.04,0.9498,1.4033,1.56,50.1171,36.9071,1.1918,6.7527,6.3709,0.495,0.495,49921.5811,49916.9124,33786.2667,201683.1876,201664.3261
301,002339.SZ,20200123,6.45,1.9464,2.2104,2.94,44.9754,372.2608,1.9192,1.6826,1.8694,0.7156,0.7156,51180.48,42862.7588,37744.7053,330114.096,276464.7943
302,300522.SZ,20200123,19.62,2.4053,4.0981,1.2,35.3086,32.4529,3.7397,7.1265,6.6513,1.0194,1.0194,12098.1,7659.7976,4495.826,237364.722,150285.2289
303,002880.SZ,20200123,60.24,7.9972,10.3165,3.31,41.5351,41.1846,4.7049,9.457,8.6347,0.498,0.498,10800.0,3483.0,2700.0,650592.0,209815.92
304,603031.SH,20200123,31.57,2.3986,5.8324,0.82,603.5704,450.9675,5.7544,1.9611,1.9048,0.0,,11200.0,11200.0,4606.0004,353584.0,353584.0
305,300102.SZ,20200123,4.54,1.3149,1.5229,1.47,17.8465,,1.1575,3.1199,3.4331,0.5601,0.5601,70751.5811,70750.0811,61090.9169,321212.1782,321205.3682
306,300088.SZ,20200123,12.67,9.6223,12.0198,1.67,43.2764,37.7652,5.0511,3.2048,4.3222,0.9699,0.9699,243202.5094,239461.9615,191698.989,3081375.7941,3033983.0522
307,002261.SZ,20200123,10.09,9.8162,12.5283,0.75,,,4.3525,9.3728,8.9154,0.0,,110076.6874,87917.3176,68885.6477,1110673.7759,887085.7346
308,000719.SZ,20200123,7.26,0.6272,1.1041,1.04,10.1174,9.0428,0.8944,0.8253,0.784,3.4435,3.4435,102320.3749,66714.7543,37897.2065,742845.9218,484349.1162
309,603068.SH,20200123,99.95,12.8779,12.8779,1.28,111.8895,64.652,11.7934,25.3871,14.4242,0.2001,0.2001,13871.3534,3467.8384,3467.8384,1386441.7723,346610.4481
310,300797.SZ,20200123,18.94,12.1125,12.1125,1.32,73.1915,58.0823,6.724,9.298,8.4985,,,24820.0,6205.0,6205.0,470090.8,117522.7
311,600537.SH,20200123,3.09,0.6899,1.0221,1.41,52.9865,,1.0133,1.0239,1.2016,0.6472,0.6472,117635.9268,117635.9268,79402.4126,363495.0138,363495.0138
312,300002.SZ,20200123,3.29,2.404,2.4863,1.12,80.4011,,1.3094,3.1949,3.1198,0.0,,196109.1984,162979.3086,157582.9907,645199.2627,536201.9253
313,600578.SH,20200123,2.92,0.1179,0.3392,1.25,22.0944,14.0581,0.8439,1.5518,1.1457,2.7397,2.7397,674673.4457,533502.4303,185455.0215,1970046.4614,1557827.0965
314,300685.SZ,20200123,71.5,1.6103,1.8701,0.81,83.0472,75.3299,12.2103,23.9737,19.455,0.2517,0.2517,14720.6,9110.16,7844.508,1052522.9,651376.44
315,601155.SH,20200123,34.0,0.9181,2.8229,1.92,7.3136,6.9112,2.6147,1.4174,1.3027,4.389,4.389,225672.4186,224635.5186,73055.5186,7672862.2324,7637607.6324
316,603366.SH,20200123,6.43,4.8667,12.9372,0.86,,,1.6558,1.6193,1.5887,0.0,,80000.0,80000.0,30094.1779,514400.0,514400.0
317,002770.SZ,20200123,2.25,2.2997,2.7254,1.24,19.078,45.8221,1.3803,1.917,2.3178,0.8444,0.8444,109486.7797,60271.9372,50857.0698,246345.2543,135611.8587
318,300480.SZ,20200123,19.4,13.3297,18.2653,1.16,87.8987,75.3701,5.1957,14.6701,13.8582,0.2577,0.2577,19180.2931,9423.7381,6877.3008,372097.6861,182820.5191
319,300431.SZ,20200123,3.06,5.4038,5.4453,1.02,,,,0.8948,5.4034,0.0,,32952.4513,24315.4209,24130.0874,100834.501,74405.188
320,002087.SZ,20200123,3.46,1.5732,2.1651,1.32,7.3127,10.3347,0.6971,0.4664,0.5102,1.4451,1.4451,81679.4335,81563.769,59267.7498,282610.8399,282210.6407
321,000571.SZ,20200123,2.58,0.6938,0.8805,1.35,,,1.7345,1.3222,1.5985,0.0,,81406.4,80616.8744,63528.1008,210028.512,207991.536
322,000961.SZ,20200123,9.29,0.7841,1.7161,0.95,15.7903,10.8556,1.7566,0.8634,0.6781,1.2855,1.2855,372763.7999,371768.2452,169849.1477,3462975.7011,3453726.9979
323,600332.SH,20200123,37.68,2.3534,4.912,1.08,17.803,19.3786,2.5359,1.4505,0.9814,1.1253,1.1253,162579.0949,140589.0949,67358.5846,6125980.2958,5297397.0958
324,002025.SZ,20200123,25.2,1.3184,2.4192,1.35,30.1178,27.7812,3.6894,3.8146,3.1935,0.5952,0.5952,42900.0,42889.8772,23372.7471,1081080.0,1080824.9054
325,002915.SZ,20200123,23.37,12.0474,12.0474,1.24,91.8866,66.4168,2.892,7.5671,5.9132,0.3371,0.3371,14216.1423,3437.0,3437.0,332231.2456,80322.69
326,600113.SH,20200123,6.9,1.4193,2.799,1.66,27.1227,20.5184,1.9587,6.7927,5.9634,0.5797,0.5797,41143.116,41143.116,20862.336,283887.5004,283887.5004
327,603089.SH,20200123,13.67,3.5916,5.2078,0.96,20.9843,18.6534,2.5671,1.9529,1.8267,1.5135,1.5135,15467.15,4560.9576,3145.488,211435.9405,62348.2904
328,601860.SH,20200123,4.88,2.1781,2.1781,1.46,14.2492,12.7236,1.3356,4.2239,3.6602,2.0492,2.0492,366088.8889,173505.0814,173505.0814,1786513.7778,846704.7972
329,600131.SH,20200123,16.92,2.5855,4.0579,0.56,182.1688,166.6506,4.0152,16.7104,16.7163,0.1345,0.1345,110734.6251,40765.8931,25974.6397,1873629.8567,689758.9113
330,600665.SH,20200123,3.56,0.3007,0.7078,1.2,7.3172,9.8168,0.8768,0.5841,0.8256,4.1011,4.1011,86412.2521,86412.2521,36712.1583,307627.6175,307627.6175
331,002628.SZ,20200123,4.41,1.5882,2.7064,1.07,157.6242,90.9657,1.2242,1.2333,1.2211,0.0,,76221.6215,73262.7906,42993.1575,336137.3508,323088.9065
332,000540.SZ,20200123,3.06,0.4706,0.8801,1.26,14.6137,,1.1846,1.5168,1.2602,1.634,1.634,700525.4679,695704.9188,372012.7799,2143607.9318,2128857.0515
333,300629.SZ,20200123,21.89,10.7347,12.4506,2.84,324.1237,,4.0052,12.5626,16.7548,0.0377,0.0377,12125.5773,4353.4842,3753.4842,265428.8871,95297.7691
334,300382.SZ,20200123,5.69,2.3057,5.4208,0.93,23.4303,22.5997,3.2224,4.3448,3.5555,3.4735,3.4735,56456.9415,56451.159,24011.5596,321239.9971,321207.0947
335,600774.SH,20200123,11.18,0.5814,2.2861,1.98,129.6742,70.5442,4.1035,2.3457,2.2946,0.2683,0.2683,22694.8002,22675.7731,5766.8818,253727.8662,253515.1433
336,603318.SH,20200123,10.1,3.8466,9.5983,1.46,926.9367,,4.2727,9.6109,11.6224,0.0,,40216.2277,40216.2277,16117.1677,406183.8998,406183.8998
337,000750.SZ,20200123,4.65,2.1001,3.3173,1.97,346.1316,51.0048,1.4046,11.9274,7.0928,0.333,0.333,544452.5514,544452.2139,344681.3966,2531704.364,2531702.7946
338,300190.SZ,20200123,7.26,1.4664,2.6486,1.04,24.4883,18.8521,1.4951,2.7558,2.2728,0.6887,0.6887,78378.4957,72915.2411,40368.0155,569027.8788,529364.6504
339,603908.SH,20200123,23.9,3.417,3.417,1.98,38.6943,38.7691,3.5765,2.8912,2.9843,3.1381,3.1381,6669.0,2304.9305,2304.9305,159389.1,55087.839
340,002199.SZ,20200123,9.22,3.9491,5.2646,0.94,,,5.6089,12.661,11.4564,0.0,,24344.2363,24344.2363,18260.965,224453.8587,224453.8587
341,300109.SZ,20200123,16.11,6.2927,6.5719,0.91,58.1224,45.8788,1.7184,7.4535,5.9233,0.4187,0.4187,32306.8983,11739.3252,11240.5708,520464.1316,189120.529
342,000070.SZ,20200123,10.37,2.1603,3.5067,1.05,30.6605,40.9326,3.1625,1.4812,1.7875,0.3345,0.3345,81500.2299,79366.7949,48894.5599,845157.3841,823033.6631
343,300566.SZ,20200123,25.26,4.5742,8.0888,1.07,91.9611,86.3028,5.92,4.3155,3.8866,0.1979,0.1979,15520.05,9581.0214,5418.0389,392036.463,242016.6006
344,600892.SH,20200123,3.99,3.2398,7.5428,0.49,,,2.7041,11.1433,11.0743,0.0,,55946.4188,54035.9536,23209.55,223226.211,215603.4549
345,002290.SZ,20200123,4.69,0.8069,1.6712,5.75,18.1158,,1.2831,0.6564,0.6558,0.0,,24271.233,21600.3546,10428.9363,113832.0828,101305.6631
346,002803.SZ,20200123,34.8,3.0882,4.238,0.51,36.3385,24.7191,5.8228,3.4139,2.7537,1.2729,1.2729,22259.3699,11800.6595,8599.0343,774626.0725,410662.9506
347,603077.SH,20200123,1.47,1.1004,1.8599,1.51,35.7543,34.2005,1.1604,2.1604,2.094,0.0,,883125.0228,883125.0228,522479.6415,1298193.7835,1298193.7835
348,603629.SH,20200123,26.28,2.8103,3.3724,1.0,28.4272,35.1374,2.7121,1.6481,1.6554,1.0654,1.0654,10000.0,3000.0,2500.0,262800.0,78840.0
349,002826.SZ,20200123,10.65,2.2128,3.014,0.68,81.4763,68.7835,3.2011,4.2099,4.1157,0.2766,0.2766,19321.0,13370.9361,9816.4608,205768.65,142400.4695
350,002027.SZ,20200123,5.88,1.8868,2.7071,1.84,14.8216,36.3614,6.4066,5.9312,6.8603,1.6725,1.6725,1467788.028,1467788.028,1023042.3519,8630593.6046,8630593.6046
351,002121.SZ,20200123,3.88,1.5508,2.4537,1.28,,,1.6549,1.4413,1.7313,0.0,,140834.9147,92855.4719,58686.9428,546439.469,360279.231
352,000638.SZ,20200123,4.77,1.3206,2.3164,1.55,,,10.5724,12.4241,10.0694,0.0,,30940.0,30940.0,17638.635,147583.8,147583.8
353,002069.SZ,20200123,2.55,1.0939,2.0364,1.83,56.474,,5.1003,0.6481,0.6705,0.0,,71111.2194,68874.0444,36997.9199,181333.6095,175628.8132
354,300099.SZ,20200123,6.28,2.3987,3.5393,1.15,43.1217,51.3237,2.4613,9.419,9.1623,1.5924,1.5924,66916.4255,44843.8908,30392.8871,420235.1521,281619.6342
355,603109.SH,20200123,23.6,8.6111,8.6111,0.97,24.8425,29.0287,2.8196,2.5879,2.7899,,,14667.0,3667.0,3667.0,346141.2,86541.2
356,002873.SZ,20200123,17.31,4.4489,6.1223,1.05,28.5582,26.8278,2.8428,2.9196,2.6618,0.2849,0.2849,11709.6,6153.9664,4471.9714,202693.176,106525.1584
357,002310.SZ,20200123,5.13,1.5631,2.2208,1.19,8.6323,,1.1841,1.0364,1.8417,1.8324,1.8324,268546.2004,164745.2803,115958.4824,1377642.0081,845143.2879
358,300415.SZ,20200123,8.85,2.1185,3.6003,1.33,21.804,19.7081,3.0278,1.8974,1.813,1.1167,1.1167,43200.0,40892.5066,24062.5705,382320.0,361898.6834
359,300022.SZ,20200123,3.85,2.2654,2.734,0.52,139.8787,,8.92,0.4924,0.5643,0.0,,38024.038,34278.0262,28403.2385,146392.5463,131970.4009
360,600455.SH,20200123,28.18,8.1544,11.1016,0.74,556.0462,121.7093,11.7333,9.819,9.5003,0.0,,6245.8,6245.8,4587.7042,176006.644,176006.644
361,300633.SZ,20200123,27.59,1.3488,1.7551,0.91,44.3146,76.8045,8.1998,9.1249,9.1474,0.2323,0.2323,40576.0,19655.96,15105.0289,1119491.84,542307.9364
362,002500.SZ,20200123,7.92,0.9419,1.8193,1.48,101.0245,36.4998,1.7679,3.27,3.2697,0.6313,0.6313,282872.5153,282872.5153,146453.6207,2240350.3212,2240350.3212
363,002312.SZ,20200123,4.68,2.8584,4.1553,1.22,,,2.0675,8.9964,8.4992,0.0,,137809.1733,134863.2537,92773.366,644946.931,631160.0273
364,002280.SZ,20200123,3.58,0.5705,0.7426,0.08,,,1.4722,0.5572,0.5683,0.0,,217714.9675,176302.636,135448.8939,779419.5837,631163.4369
365,002659.SZ,20200123,6.31,1.0364,1.5378,1.47,,,1.5504,13.0109,9.664,0.0,,49856.6987,49856.1737,33601.3783,314595.7688,314592.456
366,002883.SZ,20200123,19.36,2.3732,2.8413,1.51,29.6044,26.7672,3.6132,6.2224,5.7198,0.8266,0.8266,8690.6012,4532.2292,3785.5652,168250.0392,87743.9573
367,603610.SH,20200123,46.3,6.9917,6.9917,1.03,23.7808,20.7829,2.5568,2.911,2.8794,,,15033.265,3758.32,3758.32,696040.1695,174010.216
368,002521.SZ,20200123,5.93,2.0399,2.3453,1.01,50.2709,29.937,0.852,0.7973,0.8803,0.8432,0.8432,49468.5819,42491.4173,36957.5468,293348.6907,251974.1046
369,002933.SZ,20200123,38.01,2.5139,3.0466,1.25,31.5604,31.4968,3.0122,11.7869,11.0263,1.2628,1.2628,11735.0,4786.4865,3949.6211,446047.35,181934.3519
370,600867.SH,20200123,12.16,1.9812,3.2179,0.84,29.4934,29.4752,4.9411,9.1845,9.0223,1.6447,1.6447,203398.8517,203398.8517,125227.1736,2473330.0367,2473330.0367
371,600389.SH,20200123,19.92,0.6112,1.4898,1.42,15.0886,15.3407,3.0019,1.5088,1.2449,2.008,2.008,29700.0,29700.0,12184.5208,591624.0,591624.0
372,600495.SH,20200123,4.08,1.0811,1.567,1.24,137.9833,115.278,1.5512,3.5862,3.6103,0.2941,0.2941,120819.0886,120819.0886,83353.4978,492941.8815,492941.8815
373,300201.SZ,20200123,3.62,0.8354,1.398,1.03,38.0504,52.9875,2.3416,2.0822,2.0601,0.4144,0.4144,104092.1518,90906.2876,54324.5549,376813.5895,329080.7611
374,002245.SZ,20200123,4.88,3.0879,4.7796,0.73,21.2291,47.8873,2.36,1.1254,1.3569,0.5123,0.5123,98131.1778,91477.3979,59099.7429,478880.1477,446409.7018
375,000703.SZ,20200123,13.72,0.6306,1.2922,1.19,19.8713,19.7835,1.7512,0.459,0.4517,2.1866,2.1866,284172.5474,233086.987,113742.4461,3898847.3503,3197953.4616
376,601398.SH,20200123,5.72,0.0742,0.9276,1.34,6.8485,6.5813,0.8428,2.6346,2.4164,4.3811,4.3811,35640625.7089,26961221.2539,2156398.6024,203864379.0549,154218185.5723
377,002031.SZ,20200123,1.94,1.7428,2.0234,1.71,78.2603,43.4077,1.3575,3.0433,2.9075,0.0515,0.0515,219939.567,189304.8638,163051.8191,426682.76,367251.4358
378,600717.SH,20200123,6.18,0.4546,1.0526,1.47,20.6838,19.8092,0.7528,0.951,0.9511,1.4563,1.4563,200972.2944,200972.2944,86790.7931,1242008.7794,1242008.7794
379,688033.SH,20200123,29.69,7.6325,7.6325,0.79,50.6366,49.9577,5.8342,23.8808,23.4846,,,44873.7188,4591.6328,4591.6328,1332300.7112,136325.5778
380,002845.SZ,20200123,19.25,5.371,5.371,1.24,39.7983,46.3363,3.1951,0.9532,0.7531,0.2588,0.2588,20278.7968,7657.7984,7657.7984,390366.8384,147412.6192
381,002615.SZ,20200123,5.32,1.1771,1.7552,1.17,21.9722,20.172,2.4799,1.2168,1.2119,1.5038,1.5038,41040.0,22524.9553,15106.5082,218332.8,119832.7622
382,600188.SH,20200123,9.68,0.7199,3.0759,1.28,6.012,5.0645,0.7719,0.2917,0.2446,15.9091,15.9091,491201.6,295987.95,69271.0077,4754831.488,2865163.356
383,002459.SZ,20200123,14.04,5.009,7.8741,2.38,3826.0822,,2.1573,53.2838,63.0494,0.0,,134167.537,38868.9351,24725.8351,1883712.2195,545719.8488
384,600416.SH,20200123,6.97,1.4324,2.1552,1.26,,,1.9444,1.0635,1.122,0.0,,94583.4325,94583.4325,62863.1202,659246.5245,659246.5245
385,300119.SZ,20200123,15.0,4.558,6.4945,1.17,50.9956,38.4775,3.0345,5.0992,4.5063,1.0,1.0,40449.3463,24391.5088,17118.6221,606740.1945,365872.632
386,603937.SH,20200123,10.66,2.024,2.024,0.99,19.398,18.5963,1.5968,1.7089,1.6455,0.7505,0.7505,20888.0,7585.8268,7585.8268,222666.08,80864.9137
387,600682.SH,20200123,9.91,1.9325,3.2578,1.27,,7.8771,0.8676,0.9174,1.203,0.0,,134613.2221,100215.6751,59448.0226,1334017.031,993137.3402
388,603298.SH,20200123,13.41,0.4409,1.2531,1.14,15.1841,13.9543,2.0,0.983,0.9504,2.2371,2.2371,61885.418,61885.418,21773.008,829883.4554,829883.4554
389,300745.SZ,20200123,21.48,2.4709,2.4709,1.01,29.8303,51.2035,2.23,3.4303,3.5681,0.3724,0.3724,11451.2352,6421.8515,6421.8515,245972.5321,137941.3702
390,603936.SH,20200123,23.03,6.7608,14.7792,1.04,58.1647,39.1532,3.0233,3.7225,3.13,0.3102,0.3102,31503.8283,26837.6689,12277.0123,725533.1657,618071.5148
391,002536.SZ,20200123,5.01,1.2754,2.1608,1.01,10.2227,20.3655,1.1989,0.8894,0.9357,6.6534,6.6534,50071.1814,47117.1227,27810.8497,250856.6188,236056.7847
392,601226.SH,20200123,4.11,0.2885,0.7823,1.76,83.2192,70.9565,1.3188,0.8135,0.7535,0.365,0.365,115500.0,115500.0,42587.9644,474705.0,474705.0
393,300112.SZ,20200123,8.68,6.8158,8.3186,1.14,44.1823,40.5695,2.5373,4.1856,3.6958,1.3825,1.3825,28621.408,19643.9413,16095.1824,248433.8214,170509.4105
394,002104.SZ,20200123,7.51,3.6528,3.8909,1.2,35.9734,52.8691,2.7441,3.0964,3.5536,0.0,,69692.1354,58799.7929,55201.6642,523387.9369,441586.4447
395,600999.SH,20200123,18.75,0.551,1.3524,1.3,28.3874,20.3362,1.836,11.0951,7.6457,1.408,1.408,669940.9329,571900.8149,233003.2992,12561392.4919,10723140.2794
396,002936.SZ,20200123,4.43,1.3145,1.3145,1.88,8.5765,8.165,0.8312,2.3514,2.0592,3.386,3.386,592193.19,150583.3235,150583.3235,2623415.8317,667084.1231
397,300430.SZ,20200123,7.77,1.9295,2.9005,1.47,20.6589,22.1726,1.259,3.0669,3.0339,0.0,,27200.8896,22351.0537,14868.7006,211350.9122,173667.6872
398,300463.SZ,20200123,29.91,0.8693,0.9636,0.73,37.4909,33.123,5.5508,6.2119,5.4187,0.5352,0.5352,55769.924,37676.1803,33991.1005,1668078.4268,1126894.5528
399,601177.SH,20200123,9.11,0.8228,1.6795,1.15,251.2481,209.4898,2.2184,2.2291,2.2562,0.2195,0.2195,40006.0,40006.0,19598.855,364454.66,364454.66
400,600671.SH,20200123,12.48,3.4016,6.621,1.04,,,25.3694,4.2397,5.2928,0.0,,12177.8885,12172.0533,6253.5259,151980.0485,151907.2252
401,603985.SH,20200123,15.7,1.7478,2.3426,1.14,18.3138,16.22,1.9546,1.9285,1.647,1.8198,1.8198,14560.0,9318.4,6952.4,228592.0,146298.88
402,002748.SZ,20200123,7.2,0.724,1.9963,1.14,30.3649,151.6567,1.5297,1.1638,0.803,1.3889,1.3889,24000.0,24000.0,8704.5126,172800.0,172800.0
403,002395.SZ,20200123,26.79,1.0264,2.9102,1.76,215.3948,161.0059,5.6603,3.4322,3.3609,0.7465,0.7465,17880.6,17880.6,6306.381,479021.274,479021.274
404,603667.SH,20200123,8.77,2.0607,3.9799,1.06,25.0675,24.7876,1.4913,1.8664,1.4415,1.7741,1.7741,29232.4683,26312.0,13623.6427,256368.747,230756.24
405,300267.SZ,20200123,5.15,2.4852,3.6278,0.92,49.0463,123.9838,1.8375,4.5116,3.8522,0.1942,0.1942,206260.487,141456.1835,96904.2531,1062241.5081,728499.345
406,601933.SH,20200123,7.57,0.9899,2.4461,1.21,48.9399,36.209,3.5331,1.0274,0.8904,1.4531,1.4531,957046.2108,946825.1408,383155.2594,7244839.8158,7167466.3159
407,601658.SH,20200123,5.67,2.1814,2.1814,1.08,9.4276,8.2347,0.9964,1.8896,1.7934,,,8697856.22,297399.2297,297399.2297,49316844.7674,1686253.6324
408,002819.SZ,20200123,25.3,5.6704,13.1801,1.1,85.0768,61.3318,7.817,4.3043,3.7579,0.1215,0.1215,15753.8236,13913.5542,5985.9733,398571.7371,352012.9213
409,002424.SZ,20200123,9.07,1.649,2.3835,1.08,22.725,26.534,3.1533,4.0804,3.9463,0.882,0.882,141120.0,72780.6738,50354.1433,1279958.4,660120.7114
410,603328.SH,20200123,11.87,2.1956,6.5956,1.43,18.1186,19.2084,3.3955,3.56,3.7295,12.2117,12.2117,99829.2105,99829.2105,33232.3575,1184972.7286,1184972.7286
411,600884.SH,20200123,13.49,2.1358,3.5523,1.3,13.5806,43.4197,1.315,1.7108,1.6855,0.593,0.593,112276.4986,112276.4986,67506.1904,1514609.9661,1514609.9661
412,002237.SZ,20200123,13.59,3.0749,5.4242,0.88,30.4911,33.7822,2.6932,0.5836,0.4597,0.0,,91040.0,85167.5,48280.0034,1237233.6,1157426.325
413,300113.SZ,20200123,30.1,4.8238,5.6526,1.34,64.9724,90.0337,7.5964,10.5287,12.5148,0.0,,69428.724,47774.9284,40770.1352,2089804.5924,1438025.3448
414,600797.SH,20200123,9.34,3.5269,4.179,0.74,55.3545,58.9666,2.1759,2.7478,2.7299,0.322,0.322,104663.5611,102379.8659,86406.0161,977557.6607,956227.9475
415,300678.SZ,20200123,22.3,4.3579,7.5871,1.21,85.756,87.5945,7.0432,11.6528,11.7153,0.2242,0.2242,18000.0,10712.7,6153.2431,401400.0,238893.21
416,603127.SH,20200123,68.6,3.36,4.7684,0.94,102.3994,86.9426,15.3298,27.1376,21.6045,0.311,0.311,16171.692,7879.4744,5552.1592,1109378.0712,540531.9438
417,000929.SZ,20200123,6.7,1.0053,1.4574,1.6,,,1.8242,2.4472,2.7146,0.0,,18576.6,18575.4223,12813.3738,124463.22,124455.3294
418,002191.SZ,20200123,11.09,3.0415,4.8821,1.52,22.3979,19.0415,2.4194,4.8149,4.1854,2.7051,2.7051,146487.045,127228.5656,79262.9242,1624541.3291,1410964.7925
419,600582.SH,20200123,3.1,0.5837,1.6343,1.13,13.3416,11.7741,0.7837,0.7152,0.6714,1.6129,1.6129,413858.8892,413858.8892,147811.9114,1282962.5565,1282962.5565
420,002076.SZ,20200123,2.13,5.4114,5.9692,1.08,,,7.8115,2.9131,6.6393,0.0,,77418.1046,48969.2376,44393.0902,164900.5628,104304.4761
421,300195.SZ,20200123,7.23,1.905,2.2231,0.91,36.4982,194.6957,0.8708,2.3903,2.616,0.0,,43348.363,30266.8255,25936.2255,313408.6645,218829.1484
422,300806.SZ,20200123,37.46,20.3745,20.3745,1.5,57.1754,37.9452,4.2118,3.2527,2.8793,,,11683.8879,2921.0,2921.0,437678.4407,109420.66
423,002509.SZ,20200123,1.24,2.2394,3.268,0.77,,,0.705,1.4627,3.9624,0.0,,249249.2696,208843.5205,143106.8356,309069.0943,258965.9654
424,300364.SZ,20200123,3.94,3.172,3.5448,0.49,,,1.4275,3.2361,4.2368,0.0,,72729.531,53647.9891,48005.9152,286554.3521,211373.0771
425,600061.SH,20200123,13.96,1.0418,2.7996,1.35,35.1367,19.4286,1.5242,24.959,61.7247,0.5802,0.5802,422712.9727,417383.1926,155316.5853,5901073.0989,5826669.3687
426,002467.SZ,20200123,6.11,8.0944,8.4964,1.05,96.1288,76.2671,4.1332,8.9058,8.0723,0.9622,0.9622,135370.5178,115377.8304,109917.8238,827113.8638,704958.5437
427,300164.SZ,20200123,5.82,4.1445,4.5512,1.2,25.3444,31.8859,1.467,1.6484,1.6811,1.5093,1.5093,45120.2159,34352.1329,31282.5531,262599.6565,199929.4135
428,603701.SH,20200123,12.31,2.0779,4.1703,1.0,22.6534,46.4144,3.6456,5.4705,5.4978,2.9063,2.9063,20395.9728,20104.7616,10017.3968,251074.4252,247489.6153
429,000035.SZ,20200123,5.54,0.7777,1.2883,0.85,64.583,31.7392,1.3647,7.5704,1.0321,0.0,,252377.7297,128108.9502,77332.9918,1398172.6225,709723.5841
430,600197.SH,20200123,14.96,1.5776,2.7233,1.29,15.1857,14.7475,2.6768,3.0591,3.0412,2.3542,2.3542,43434.0528,43434.0528,25161.1661,649773.4299,649773.4299
431,002618.SZ,20200123,12.56,2.3708,3.4422,1.93,270.7778,289.9007,3.9504,20.0295,18.661,0.0398,0.0398,54792.0,54792.0,37738.5347,688187.52,688187.52
432,600775.SH,20200123,9.5,1.5341,2.7565,1.28,53.6027,67.7895,2.5218,1.929,1.8816,0.8421,0.8421,91383.8529,67183.8529,37390.9783,868146.6026,638246.6026
433,600710.SH,20200123,5.28,1.0058,1.9005,1.16,15.1484,13.3375,1.477,0.0842,0.0799,1.9886,1.9886,130674.9434,100322.8235,53096.9146,689963.7012,529704.5081
434,300464.SZ,20200123,15.03,3.5845,8.822,0.86,2596.542,58.171,3.0469,7.4632,2.1461,0.0,,35312.2175,19755.1281,8026.7346,530742.629,296919.5753
435,601588.SH,20200123,3.08,0.4015,0.7775,1.59,8.7182,7.9219,0.7199,0.5805,0.6043,3.8961,3.8961,336702.0,266000.0,137369.9969,1037042.16,819280.0
436,603967.SH,20200123,15.2,3.975,3.975,1.33,21.2516,20.7223,2.1881,0.8989,0.8959,2.4671,2.4671,26666.67,6666.67,6666.67,405333.384,101333.384
437,000159.SZ,20200123,5.53,2.7456,3.6447,1.53,44.3623,121.8597,1.2412,4.8278,6.6937,0.5425,0.5425,48068.5993,48068.5993,36210.7777,265819.3541,265819.3541
438,603660.SH,20200123,12.07,4.4511,6.0369,1.5,18.8877,29.7055,3.4237,2.4783,2.3063,0.5919,0.5919,50380.6417,49416.5507,36435.3879,608094.3453,596457.7669
439,600778.SH,20200123,5.15,1.9414,3.0293,1.74,44.363,18.5661,1.7923,0.2848,0.3063,0.0,,31149.1352,31121.4882,19945.0287,160418.0463,160275.6642
440,002120.SZ,20200123,29.66,0.5403,1.3474,1.01,24.4744,24.7086,5.1762,4.7656,2.2879,1.2347,1.2347,222628.6468,222485.7963,89220.7967,6603165.6641,6598928.7183
441,002542.SZ,20200123,3.82,0.8206,1.4638,1.91,30.9292,30.2079,1.7866,1.9353,1.7936,0.5252,0.5252,180554.8184,120310.8857,67447.6079,689719.4063,459587.5834
442,300608.SZ,20200123,17.55,2.4513,3.3316,1.04,32.43,32.2652,4.0069,3.5125,3.2538,0.9863,0.9863,15765.1712,10254.462,7545.0771,276678.7546,179965.8081
443,603108.SH,20200123,10.6,1.0065,1.5912,1.13,23.4509,19.7701,2.2399,1.03,0.9006,0.8962,0.8962,57953.4079,57953.4079,36656.69,614306.1237,614306.1237
444,600211.SH,20200123,34.95,2.5249,4.959,0.64,28.7079,27.6924,2.6924,6.0217,5.0822,1.0737,1.0737,17709.8459,14306.8254,7284.442,618959.1142,500023.5477
445,002388.SZ,20200123,7.09,1.7051,3.7803,1.11,111.0463,80.9206,3.0508,4.264,3.1228,0.0,,50376.66,39960.0,18024.2627,357170.5194,283316.4
446,600123.SH,20200123,6.09,1.0138,1.8469,1.72,6.4377,8.3609,0.6472,0.8157,0.8307,4.9261,4.9261,114240.0,114240.0,62706.0,695721.6,695721.6
447,300602.SZ,20200123,47.37,10.4836,10.4836,1.5,89.2974,48.155,10.1783,10.9425,6.9286,0.1407,0.1407,30625.2,9546.09,9546.09,1450715.724,452198.2833
448,601366.SH,20200123,5.58,1.0746,1.0814,1.16,23.7613,17.2868,1.0249,0.4207,0.383,3.5842,3.5842,86050.046,47502.8176,47206.8629,480159.2567,265065.7222
449,002012.SZ,20200123,5.75,7.9504,9.6644,1.06,108.3867,60.1184,2.1148,2.3831,2.3455,0.087,0.087,46762.547,46573.8541,38313.7539,268884.6453,267799.6611
450,603823.SH,20200123,24.61,2.602,3.1048,1.03,29.2134,25.9714,3.6071,3.0541,2.849,1.0565,1.0565,22500.0,7034.3183,5895.0001,553725.0,173114.5734
451,002371.SZ,20200123,118.5,3.4903,7.8702,1.29,248.7963,204.4108,10.1563,17.4923,14.6847,0.041,0.041,49064.6773,45789.6374,20306.8932,5814164.2601,5426072.0319
452,601669.SH,20200123,4.07,0.4241,0.7416,2.03,8.0917,8.3447,0.7443,0.2113,0.1886,2.3794,2.3794,1529903.5024,1114440.154,637323.1048,6226707.2548,4535771.4268
453,002225.SZ,20200123,4.11,0.6248,0.8183,1.64,18.8507,16.5583,1.525,1.0998,1.0272,1.4633,1.4633,103375.8779,68582.0165,52362.9925,424874.8582,281872.0878
454,002644.SZ,20200123,7.93,2.6675,6.9518,1.03,54.5179,44.9557,2.6851,7.436,6.6666,0.1639,0.1639,51065.7,51065.7,19594.3324,404951.001,404951.001
455,000736.SZ,20200123,7.2,0.6669,2.3155,1.95,4.7559,5.6845,1.6334,0.4305,0.3871,2.1991,2.1991,53494.8992,53494.8992,15407.5689,385163.2742,385163.2742
456,002480.SZ,20200123,3.65,1.1517,1.5861,2.39,180.4195,,1.0764,1.2122,1.2327,0.0,,65102.6035,63999.6775,46473.0312,237624.5028,233598.8229
457,600293.SH,20200123,3.01,1.282,2.4122,1.42,14.5509,132.3808,0.891,0.3713,1.1702,0.0,,116213.2046,116213.2046,61765.3211,349801.7458,349801.7458
458,002791.SZ,20200123,41.85,3.8022,6.2499,3.07,78.1779,41.4885,4.6477,3.492,2.8483,0.2335,0.2335,32154.0,16110.6333,9801.0615,1345644.9,674230.0036
459,300554.SZ,20200123,15.39,5.5398,5.9577,1.89,38.7946,,2.8651,4.32,6.3583,0.6498,0.6498,9360.0,4658.9225,4332.1095,144050.4,71700.8173
460,300091.SZ,20200123,3.76,2.6389,2.9826,1.74,47.0159,64.3313,1.782,2.378,2.5602,0.2128,0.2128,123026.4538,82955.0212,73395.4675,462579.4663,311910.8797
461,300606.SZ,20200123,23.23,5.0355,5.0355,0.93,38.6563,43.2342,3.8128,5.4788,5.4698,0.2152,0.2152,8920.0,3883.9953,3883.9953,207211.6,90225.2108
462,000868.SZ,20200123,5.54,2.1496,3.4425,0.82,,,7.7113,1.291,1.103,0.0,,73332.9168,69556.0203,43433.158,406264.3591,385340.3525
463,300702.SZ,20200123,56.62,6.5619,6.5934,1.0,63.0415,19.4989,5.4651,7.0333,5.0424,0.2649,0.2649,18222.356,5305.7127,5280.3696,1031749.7967,300409.4531
464,000715.SZ,20200123,5.71,0.5281,1.8154,1.65,26.2912,16.2032,1.6456,0.9303,0.8894,0.9403,0.9403,41571.894,41505.7259,12074.0419,237375.5147,236997.6949
465,603535.SH,20200123,17.42,1.5997,1.9917,1.42,19.0508,18.2614,1.6634,2.3485,2.1938,0.5741,0.5741,15040.0,6608.0,5307.5,261996.8,115111.36
466,000795.SZ,20200123,5.67,1.5961,3.1784,0.97,57.3108,45.0042,2.8887,3.0106,2.645,0.0,,113368.4103,113108.2293,56800.8699,642798.8864,641323.6601
467,688010.SH,20200123,46.13,10.3948,10.3948,0.79,77.525,81.7064,4.0653,12.8347,12.6394,,,15358.1943,3721.3958,3721.3958,708473.5031,171667.9883
468,600781.SH,20200123,5.31,2.9205,4.695,1.63,3.7479,4.775,0.5666,0.5272,0.6186,0.0,,62715.7512,37426.3222,23280.5565,333020.6389,198733.7709
469,600502.SH,20200123,3.76,1.1693,1.1693,1.64,8.0901,7.2366,0.9096,0.1667,0.1523,3.9894,3.9894,172116.0272,91073.0023,91073.0023,647156.2623,342434.4886
470,601010.SH,20200123,3.16,0.7406,1.5642,0.82,24.1036,20.1302,1.2477,0.9164,0.9649,1.2658,1.2658,184800.0,184800.0,87499.2268,583968.0,583968.0
471,688019.SH,20200123,175.0,18.2189,18.2189,0.91,206.7051,155.9262,10.7079,37.4985,33.5203,,,5310.838,1220.604,1220.604,929396.65,213605.7
472,300125.SZ,20200123,14.9,0.9415,1.2095,0.8,107.8254,221.5817,5.1659,25.9821,39.3532,0.0,,26549.9995,26377.7291,20532.4031,395594.9926,393028.1636
473,300418.SZ,20200123,18.78,4.9584,7.9781,1.04,21.4367,17.7984,4.8943,6.0289,5.9801,0.0,,114836.9254,89425.0021,55578.2562,2156637.459,1679401.5394
474,002858.SZ,20200123,14.08,4.2409,5.0094,1.6,46.4111,40.8996,4.088,4.7417,4.2234,0.2131,0.2131,12632.0,6120.1,5181.24,177858.56,86171.008
475,002579.SZ,20200123,15.25,5.0518,11.6232,1.23,74.0752,38.066,4.5883,3.43,2.8735,0.617,0.617,39615.8821,37073.5093,16113.306,604142.202,565371.0168
476,002568.SZ,20200123,27.16,1.2127,1.8482,1.01,114.0735,63.6284,7.3174,11.478,10.1358,1.4699,1.4699,51980.265,34886.2833,22891.2263,1411783.9974,947511.4544
477,300462.SZ,20200123,26.25,5.6585,5.6599,0.87,93.94,87.921,3.6211,18.7236,15.7184,0.1673,0.1673,18826.5025,7737.24,7735.24,494195.6906,203102.55
478,600235.SH,20200123,4.85,2.1609,3.3178,0.71,169.9722,,1.319,1.1225,1.1844,0.1031,0.1031,35130.0,35130.0,22880.0,170380.5,170380.5
479,300421.SZ,20200123,6.45,2.5038,2.9267,1.69,21.6911,27.4835,1.4147,2.244,2.2448,3.2927,3.2927,24571.4404,18358.0573,15705.4223,158485.7906,118409.4696
480,600755.SH,20200123,7.04,0.9714,1.4557,1.31,5.9419,5.6385,0.991,0.063,0.058,3.7652,3.7652,185007.0531,185007.0531,123454.7141,1302449.6538,1302449.6538
481,600486.SH,20200123,64.52,1.3768,2.374,1.75,22.331,16.9601,3.9837,3.7792,2.4969,1.3484,1.3484,30989.8907,30989.8907,17973.1272,1999467.748,1999467.748
482,002513.SZ,20200123,6.17,0.5865,1.1033,0.56,,,1.2468,1.4165,1.3819,0.0,,34008.6278,31439.9207,16712.4165,209833.2335,193984.3107
483,002714.SZ,20200123,81.68,1.3946,2.314,1.24,346.1541,115.6586,9.9262,13.4501,11.2969,0.0579,0.0579,220460.8322,116699.033,70334.0364,18007240.7741,9531977.0154
484,601512.SH,20200123,12.38,5.7987,5.7987,1.09,18.9706,14.6287,1.8353,5.365,3.5741,,,149889.0,14989.0,14989.0,1855625.82,185563.82
485,600650.SH,20200123,9.9,0.5242,1.186,1.41,20.4458,20.3789,1.6029,2.2423,2.2223,2.5253,2.5253,55161.0107,39056.0075,17261.2122,546094.0059,386654.4743
486,000780.SZ,20200123,2.86,0.2658,0.689,1.34,,,0.7593,1.3042,1.2772,6.993,6.993,101430.6324,101430.6324,39135.9037,290091.6087,290091.6087
487,000816.SZ,20200123,1.34,1.2078,1.5385,1.67,46.1862,108.3289,0.6381,1.2444,1.2836,0.7463,0.7463,141880.3318,133627.7472,104907.2772,190119.6446,179061.1812
488,300766.SZ,20200123,38.5,8.6752,8.6752,1.19,61.9159,87.2001,9.0732,28.5622,29.12,0.0,,40010.0,4010.0,4010.0,1540385.0,154385.0
489,688021.SH,20200123,42.35,7.4066,7.4066,0.88,69.9927,63.2973,3.9976,13.183,11.4361,,,7728.3584,1820.032,1820.032,327295.9782,77078.3552
490,600663.SH,20200123,12.92,0.1416,0.6319,1.69,15.5576,14.103,3.0774,4.124,3.5834,3.2185,3.2185,403419.744,293346.144,65745.5777,5212183.0925,3790032.1805
491,300344.SZ,20200123,5.12,2.3126,2.8478,1.09,73.4162,,4.2526,4.7293,5.3562,0.0,,49611.4864,29679.1778,24101.1798,254010.8104,151957.3903
492,300226.SZ,20200123,80.4,2.986,4.0486,1.17,105.7849,76.3426,11.6163,0.1332,0.1218,0.0622,0.0622,15910.885,15279.8742,11269.3999,1279235.154,1228501.8857
493,300627.SZ,20200123,28.03,12.678,16.087,1.62,65.0146,62.3221,7.4142,7.1803,6.6739,0.7135,0.7135,24388.002,10309.7565,8125.0341,683595.6961,288982.4747
494,603958.SH,20200123,7.42,0.9142,3.0109,1.29,,,1.5901,1.1967,1.2974,0.0,,21736.0,21736.0,6599.8996,161281.12,161281.12
495,002925.SZ,20200123,55.05,3.286,4.4366,1.06,30.9951,29.3948,6.5916,9.0761,7.4972,1.8181,1.8181,45812.84,16592.5358,12289.4569,2521996.842,913419.0958
496,603799.SH,20200123,47.2,5.4729,9.4585,1.45,33.3181,,6.5744,3.5232,2.767,0.163,0.163,107867.1471,107867.1471,62414.4602,5091329.3431,5091329.3431
497,603226.SH,20200123,16.71,12.6056,12.6056,1.79,25.5901,25.0646,2.8909,3.0288,3.2431,1.3818,1.3818,15133.105,3955.5802,3955.5802,252874.1846,66097.7451
498,000430.SZ,20200123,4.91,0.8283,1.0491,1.64,75.2788,173.4847,1.2255,4.2436,4.658,0.0,,40481.7686,33173.88,26192.4635,198765.4838,162883.7508
499,600929.SH,20200123,6.68,2.4283,2.5365,1.35,43.059,41.4565,2.5,2.6622,2.7897,0.7036,0.7036,91775.1148,33734.5234,32295.8412,613057.7669,225346.6163
500,300008.SZ,20200123,2.9,2.5037,2.6418,1.16,,,4.1066,2.7066,4.0071,0.0,,96001.6185,60248.9946,57100.0541,278404.6937,174722.0843
501,300331.SZ,20200123,23.58,4.6803,5.2474,0.98,85.9339,89.1296,3.6091,4.6962,4.6513,0.4241,0.4241,22604.8841,16542.3071,14754.5571,533023.1671,390067.6014
502,002825.SZ,20200123,12.74,1.4623,2.1309,1.14,30.1859,35.3189,2.5429,2.373,2.1401,0.7489,0.7489,14687.0159,6284.8934,4312.7213,187112.5826,80069.5419
503,601968.SH,20200123,5.06,1.2961,3.2322,4.28,100.6567,48.4721,1.8613,0.8472,0.8062,0.5138,0.5138,83333.33,83333.33,33416.663,421666.6498,421666.6498
504,000665.SZ,20200123,5.05,0.8795,1.9895,0.99,26.5382,38.2041,0.7457,1.7707,1.7993,0.8486,0.8486,96357.7097,96349.9292,42595.8543,486606.434,486567.1425
505,603798.SH,20200123,11.46,1.8298,5.1603,1.51,30.2155,24.611,2.4776,2.7057,2.4521,1.0471,1.0471,20000.0,20000.0,7092.0,229200.0,229200.0
506,002608.SZ,20200123,7.32,0.0658,0.4094,1.13,10.8194,9.4028,1.0426,1.3166,1.4036,0.0,,377807.9704,377807.9704,60756.4215,2765554.3433,2765554.3433
507,600641.SH,20200123,20.2,3.756,7.3194,1.33,16.7516,25.8239,2.5994,6.0779,8.4795,0.9169,0.9169,80615.8748,80615.8748,41368.8992,1628440.671,1628440.671
508,601139.SH,20200123,7.11,0.3535,2.1508,1.31,19.8402,19.3875,1.8283,1.6053,1.4601,2.1098,2.1098,287676.7544,286570.7534,47100.1162,2045381.7238,2037518.0567
509,002288.SZ,20200123,4.98,4.7711,6.7467,1.55,134.4235,238.4571,2.9393,3.3296,3.3178,0.0,,93164.3744,75741.2797,53561.8637,463958.5845,377191.5729
510,300410.SZ,20200123,6.72,3.2189,5.9652,0.84,151.4315,,1.3506,1.7931,2.0122,3.2132,3.2132,38129.0226,35692.348,19259.9729,256227.0319,239852.5786
511,002597.SZ,20200123,23.85,0.9644,1.7524,1.16,14.6194,17.3415,3.305,3.2246,3.5234,1.5094,1.5094,55877.1351,55703.7011,30654.9788,1332669.6721,1328533.2712
512,603059.SH,20200123,25.33,5.5091,5.5091,1.5,26.8292,24.1988,2.6664,3.3528,3.0924,0.3474,0.3474,10000.0,2500.0,2500.0,253300.0,63325.0
513,000150.SZ,20200123,4.24,3.0025,6.216,1.88,20.9759,,1.5392,1.6885,1.9369,0.0,,87769.7557,80599.0242,38930.9291,372143.7642,341739.8626
514,300534.SZ,20200123,6.03,3.1011,4.9255,0.95,148.9814,258.2318,2.5291,9.0033,8.6453,0.1658,0.1658,30334.5,30334.5,19098.3973,182917.035,182917.035
515,300525.SZ,20200123,32.33,5.6009,7.0869,1.04,80.5108,78.8636,6.4711,12.3015,9.492,0.3773,0.3773,21254.3701,13900.6909,10985.9788,687153.7853,449409.3368
516,000088.SZ,20200123,5.31,0.2872,0.8802,1.81,22.9932,24.7859,1.4805,25.5582,18.1983,0.5085,0.5085,194220.0,194220.0,63375.0,1031308.2,1031308.2
517,300630.SZ,20200123,64.97,1.4428,1.7591,0.91,98.3946,67.0352,16.9901,28.6125,21.5012,0.2155,0.2155,27476.4645,14846.4743,12176.6961,1785145.8986,964575.4353
518,300548.SZ,20200123,77.4,4.0185,14.7224,1.91,2768.2319,,10.4641,23.4554,18.966,0.1292,0.1292,8337.0,6449.75,1760.45,645283.8,499210.65
519,600327.SH,20200123,4.38,8.8036,16.0471,0.57,13.1577,13.0704,1.3781,0.4234,0.4192,3.8052,3.8052,88477.9518,88477.9518,48539.7346,387533.4289,387533.4289
520,601718.SH,20200123,3.68,3.1178,6.7789,2.86,,,0.8995,0.7127,0.764,0.2717,0.2717,439162.9404,439162.9404,201981.6654,1616119.6207,1616119.6207
521,600266.SH,20200123,7.73,0.6121,1.0529,1.48,11.817,6.1679,0.6989,1.0863,0.8883,2.5873,2.5873,188044.8,188044.8,109322.8616,1453586.304,1453586.304
522,603267.SH,20200123,49.62,7.1302,7.1302,1.29,37.5713,31.436,4.0386,8.8844,8.087,1.0077,1.0077,16534.0,4134.0,4134.0,820417.08,205129.08
523,603008.SH,20200123,14.34,1.1165,1.325,0.41,,,2.1992,1.332,1.2198,0.0,,39113.7787,38741.7787,32644.9052,560891.5866,555557.1066
524,000732.SZ,20200123,5.61,0.9843,2.6327,1.33,5.4656,4.321,0.6345,0.4506,0.4284,1.9608,1.9608,248890.144,248611.1896,92947.6444,1396273.7078,1394708.7737
525,002667.SZ,20200123,6.65,1.9432,2.8616,1.54,121.9756,95.5732,1.9488,8.3083,6.9814,0.1504,0.1504,23113.2,16394.2125,11132.2875,153702.78,109021.5131
526,600969.SH,20200123,6.45,0.826,1.1204,1.8,62.0876,39.8161,0.6786,0.8699,0.7974,0.4078,0.4078,37005.0484,37005.0484,27279.6989,238682.5622,238682.5622
527,600272.SH,20200123,7.36,0.7265,1.3103,0.98,50.7596,78.8594,3.4864,2.038,2.0443,0.6114,0.6114,24300.0,16000.0,8871.0217,178848.0,117760.0
528,300439.SZ,20200123,12.53,4.4012,7.1352,1.92,17.9401,17.4151,2.1065,1.3801,1.3774,1.1609,1.1609,34530.262,20120.847,12411.1953,432664.1829,252114.2129
529,600022.SH,20200123,1.35,0.5619,1.114,1.52,7.015,82.9853,0.7149,0.2643,0.2162,0.0,,1094654.9616,1094654.9616,552101.5486,1477784.1982,1477784.1982
530,300007.SZ,20200123,14.73,6.0834,7.0361,1.04,70.0034,46.8789,2.7482,2.854,2.5192,0.1018,0.1018,29302.2806,23656.0436,20453.0029,431622.5932,348453.5222
531,002340.SZ,20200123,5.77,4.614,5.2617,1.08,32.785,29.338,2.32,1.7252,1.7761,0.5201,0.5201,414963.3873,412474.5207,361703.0795,2394338.7447,2379977.9844
532,002927.SZ,20200123,18.4,3.8185,4.9805,0.87,42.945,40.3388,4.0697,9.0429,6.1641,0.4658,0.4658,17071.6,7192.64,5514.4724,314117.44,132344.576
533,002014.SZ,20200123,9.1,0.5373,1.4753,1.09,20.3392,17.5554,2.5836,1.965,1.8122,3.8077,3.8077,50361.6724,50116.3694,18250.3447,458291.2188,456058.9615
534,002761.SZ,20200123,10.28,2.8157,8.4661,0.73,128.3112,,5.1864,3.9488,4.23,0.1144,0.1144,34680.0,34536.4005,11486.3435,356510.4,355034.1971
535,600072.SH,20200123,13.72,2.0201,3.4404,1.38,154.3901,81.7156,2.6467,3.0944,3.4092,0.1458,0.1458,73624.9883,73624.9883,43231.7636,1010134.8395,1010134.8395
536,002334.SZ,20200123,4.26,0.7984,0.8262,1.13,14.3184,,1.74,1.4407,1.4397,1.1599,1.1599,75349.821,60843.257,58794.2028,320990.2375,259192.2748
537,600745.SH,20200123,125.0,3.5492,6.2059,1.28,2302.6205,184.6537,6.8794,8.1052,4.982,0.0,,112403.3709,63726.6387,36445.7029,14050421.3625,7965829.8375
538,000777.SZ,20200123,12.27,1.3911,1.9121,1.54,45.6812,33.6773,3.312,3.8363,3.4971,0.7335,0.7335,38341.7593,38340.6551,27893.7372,470453.3866,470439.8381
539,603885.SH,20200123,13.2,0.8928,2.9877,1.11,21.05,25.0897,2.0753,1.8065,1.5964,0.0,,196614.4157,179701.3477,53701.3477,2595310.2872,2372057.7896
540,300579.SZ,20200123,40.05,8.8832,10.9675,1.33,83.384,80.462,11.5769,10.7964,9.6726,0.3329,0.3329,18000.0,9171.9858,7428.8876,720900.0,367338.0313
541,300326.SZ,20200123,15.9,1.8675,2.3116,1.05,24.8511,21.8785,4.3615,12.3485,10.4165,0.4398,0.4398,72297.6333,70521.5662,56974.2084,1149532.3695,1121292.9026
542,002656.SZ,20200123,2.58,1.6605,2.9277,0.44,65.9961,,0.7884,1.1768,1.2457,0.155,0.155,71251.9844,48167.3391,27318.7825,183830.1198,124271.7349
543,600328.SH,20200123,8.39,5.1979,7.7672,5.36,26.2173,22.3588,1.1751,1.8553,1.7809,1.149,1.149,83608.4045,43803.1073,29313.8745,701474.5138,367508.0702
544,600970.SH,20200123,6.38,1.1055,1.8453,1.42,8.1158,7.3514,1.1374,0.5162,0.458,4.1536,4.1536,173957.3853,173705.4416,104065.9588,1109848.1182,1108240.7174
545,002892.SZ,20200123,26.57,8.6899,8.6899,1.24,54.2882,42.2144,5.6781,5.2379,4.544,0.7749,0.7749,14212.0,4477.12,4477.12,377612.84,118957.0784
546,603359.SH,20200123,16.57,1.8056,1.8079,0.54,16.2055,15.8885,1.8776,3.3128,2.9609,0.9053,0.9053,31864.0,15295.028,15275.722,527986.48,253438.614
547,300655.SZ,20200123,39.27,8.7043,10.4554,1.22,118.3736,188.1526,11.4365,7.3311,7.5291,0.3821,0.3821,15137.5222,10362.3675,8626.8292,594450.4968,406930.1717
548,300013.SZ,20200123,5.68,4.9572,6.5774,1.15,39.2852,53.203,1.7688,2.4282,2.4928,0.2582,0.2582,44668.7115,40903.2203,30827.6286,253718.2813,232330.2913
549,603233.SH,20200123,58.17,3.8963,3.8963,1.04,59.8459,47.2177,7.3362,3.5913,3.0013,0.7544,0.7544,54695.0545,11033.4075,11033.4075,3181611.3203,641813.3143
550,603507.SH,20200123,25.56,1.1394,2.1787,1.31,53.8858,2900.8217,2.37,3.3405,2.3594,0.5869,0.5869,12807.14,8037.706,4203.5284,327350.4984,205443.7654
551,002666.SZ,20200123,6.02,6.4838,8.271,0.77,31.3551,26.1751,1.5671,1.2177,1.2045,4.4186,4.4186,75432.9268,44417.9948,34820.0432,454106.2193,267396.3287
552,000409.SZ,20200123,5.31,0.9953,1.1879,0.88,87.5703,,3.7166,0.8851,0.7086,0.0,,51093.1158,40563.1244,33986.2554,271304.4449,215390.1906
553,600395.SH,20200123,5.84,0.3578,1.1795,1.11,10.2286,8.6711,1.3641,1.5872,1.4667,6.8493,6.8493,165505.1861,165505.1861,50202.8608,966550.2868,966550.2868
554,600275.SH,20200123,2.03,1.3009,1.879,2.02,241.2752,,7.6476,27.2612,23.9369,0.0,,50883.7238,50883.7238,35228.1957,103293.9593,103293.9593
555,601890.SH,20200123,5.79,1.6936,2.7077,1.13,,92.1013,1.867,5.3541,4.4731,0.0,,95940.0,95940.0,60006.1659,555492.6,555492.6
556,601800.SH,20200123,8.4,0.3661,0.9927,1.39,6.9037,6.7395,0.7193,0.2768,0.253,2.7473,2.7473,1617473.5425,1174723.5425,433202.9901,13586777.757,9867677.757
557,603568.SH,20200123,26.35,0.5359,2.2321,1.27,33.9903,27.7095,6.4012,16.259,13.1358,0.9022,0.9022,95463.687,95183.022,22853.5839,2515468.1525,2508072.6297
558,600673.SH,20200123,9.21,2.2865,4.0247,0.75,25.4522,26.4525,4.0637,2.3765,2.0247,0.76,0.76,301389.7259,245892.6257,139692.3389,2775799.3755,2264671.0827
559,300143.SZ,20200123,8.89,0.7473,1.545,0.71,96.7306,225.894,2.3315,9.6278,9.3363,0.0,,54585.4264,51069.3501,24701.9895,485264.4407,454006.5224
560,002298.SZ,20200123,8.55,5.0147,5.7533,1.15,33.8309,26.5054,1.3647,2.4074,1.995,0.5995,0.5995,69150.5915,52779.3918,46004.1969,591237.5573,451263.7999
561,688258.SH,20200123,91.7,13.2922,13.2922,0.92,154.5999,172.7308,9.5628,45.3853,35.6529,,,8695.6591,1978.2525,1978.2525,797391.9395,181405.7543
562,000949.SZ,20200123,3.57,1.6255,3.7077,2.94,39.7312,35.6182,1.1957,0.999,0.9539,0.2801,0.2801,125765.6049,125711.5303,55115.2854,448983.2095,448790.1632
563,600996.SH,20200123,8.23,1.2536,3.6524,0.81,27.7677,37.6104,1.9119,2.6789,2.5451,1.0841,1.0841,105169.5292,105169.5292,36097.3805,865545.2253,865545.2253
564,600132.SH,20200123,47.91,0.8841,2.2102,1.39,57.3962,37.8127,17.1538,6.6873,6.497,1.6698,1.6698,48397.1198,48397.1198,19358.848,2318706.0096,2318706.0096
565,002096.SZ,20200123,6.08,0.8475,2.4213,1.57,99.3682,86.2986,1.1192,1.0384,0.8966,0.3289,0.3289,37128.7,37085.2,12981.3188,225742.496,225478.016
566,600845.SH,20200123,37.62,0.8197,2.6924,0.78,64.1147,56.5772,6.3174,7.8413,6.9702,0.7812,0.7812,114037.0252,83307.8779,25363.5067,4290072.888,3134042.3666
567,000153.SZ,20200123,6.87,3.2262,4.5136,1.13,35.1967,26.9285,1.6263,0.7116,0.677,1.4556,1.4556,31214.123,31197.723,22299.4605,214441.025,214328.357
568,002086.SZ,20200123,3.5,1.5067,2.0943,1.62,,,0.9499,3.6512,4.2474,0.0,,75635.0,54426.72,39154.9399,264722.5,190493.52
569,603527.SH,20200123,12.56,2.9448,4.1969,0.51,23.3792,24.2159,2.4285,0.6816,0.6874,1.5924,1.5924,17416.0,10752.6752,7544.7618,218744.96,135053.6005
570,000913.SZ,20200123,10.96,1.094,1.8683,1.13,78.4552,17.187,1.7783,1.6094,1.4705,0.0,,45353.6,45353.6,26556.4603,497075.456,497075.456
571,601233.SH,20200123,14.16,2.1473,3.7749,1.0,12.3413,12.6557,1.4635,0.629,0.5454,0.8355,0.8355,184793.0806,184793.0806,105116.7056,2616670.0213,2616670.0213
572,000967.SZ,20200123,6.12,0.4976,1.1293,1.28,20.8469,11.9189,1.2807,1.484,1.0701,1.634,1.634,316306.2146,200406.8402,88302.8813,1935794.0334,1226489.862
573,600062.SH,20200123,13.77,2.4238,6.0575,1.13,14.8312,13.7702,1.6965,1.7465,1.541,2.0261,2.0261,104323.771,104323.771,41744.2086,1436538.3267,1436538.3267
574,002569.SZ,20200123,11.3,0.6983,0.9962,1.11,,,6.12,4.9463,5.4076,0.0,,14001.0,13977.525,9797.525,158211.3,157946.0325
575,600802.SH,20200123,8.68,9.2135,14.674,1.66,9.8213,12.1237,2.8475,1.1246,1.1326,0.3802,0.3802,38187.3666,38187.3666,23976.8793,331466.3421,331466.3421
576,300805.SZ,20200123,24.32,10.8954,10.8954,0.63,53.5171,49.791,6.7842,3.9513,3.4711,,,42323.0,4233.0,4233.0,1029295.36,102946.56
577,002330.SZ,20200123,6.88,1.4485,5.3003,0.97,431.6347,369.9022,2.5818,1.711,1.5618,0.0,,50200.0,50186.89,13714.89,345376.0,345285.8032
578,603599.SH,20200123,14.6,0.7131,1.397,1.48,14.4636,13.3493,1.359,2.383,2.1567,1.199,1.199,46467.9135,46467.9135,23721.9135,678431.5371,678431.5371
579,000547.SZ,20200123,13.3,4.5923,4.8342,1.06,47.6413,41.1182,2.8658,6.0742,4.9952,0.0,,160567.8881,110187.2269,104672.328,2135552.9117,1465490.1178
580,002810.SZ,20200123,19.69,4.1135,5.2263,1.81,51.0436,26.7434,4.2747,4.1035,3.472,0.6354,0.6354,19029.696,13639.7257,10735.4513,374694.7142,268566.199
581,300090.SZ,20200123,1.4,2.2871,2.4799,0.81,,,,3.5849,5.0937,0.0,,131995.2922,114151.5393,105278.4753,184793.4091,159812.155
582,300570.SZ,20200123,27.32,6.9148,16.1457,0.99,41.1401,32.5332,4.8988,7.913,6.7478,1.3177,1.3177,22999.68,12074.2225,5171.1333,628351.2576,329867.7587
583,601519.SH,20200123,7.76,2.0554,5.2479,1.16,142.4067,248.8387,11.2919,25.9831,24.7835,0.0,,198770.0,198770.0,77849.5441,1542455.2,1542455.2
584,002094.SZ,20200123,4.73,2.7721,3.8235,1.06,31.2923,13.5625,1.0273,0.599,0.5899,0.0,,69089.7549,65572.1392,47541.1545,326794.5407,310156.2184
585,603067.SH,20200123,5.85,0.8362,1.655,2.11,17.258,17.2232,1.9007,1.7956,1.7746,1.4652,1.4652,43120.0,43120.0,21785.302,252252.0,252252.0
586,601677.SH,20200123,11.38,1.213,1.6319,0.81,14.1505,8.7424,0.9964,0.5265,0.502,1.6386,1.6386,61629.5313,57463.4313,42714.3366,701344.0662,653933.8482
587,300379.SZ,20200123,47.91,8.0732,8.7324,0.97,108.6416,89.6087,8.6635,35.674,30.6767,0.0,,27703.1708,23047.7327,21307.8299,1327258.913,1104216.8737
588,000685.SZ,20200123,8.25,0.5073,1.0963,1.76,17.7281,14.3958,0.9399,6.0194,5.9843,1.6848,1.6848,147511.1351,125322.9908,57994.6553,1216966.8646,1033914.6741
589,300268.SZ,20200123,13.62,0.9961,1.0436,1.17,74.3949,,11.7894,0.9469,0.6268,0.0,,13400.0,9821.8306,9375.1306,182508.0,133773.3328
590,600202.SH,20200123,4.71,0.8402,1.2735,1.44,86.6393,35.7701,2.749,2.3485,1.6635,0.0,,38334.0672,38334.0672,25289.1287,180553.4565,180553.4565
591,600675.SH,20200123,4.56,0.2675,0.4062,1.22,10.723,7.6249,1.8904,1.4414,1.3445,3.2895,3.2895,609613.5252,224047.1278,147554.312,2779837.6749,1021654.9028
592,603018.SH,20200123,10.11,0.9091,0.9091,1.18,11.8505,10.5311,1.7765,1.1182,1.0903,2.5399,2.5399,46437.264,45997.52,45997.52,469480.739,465034.9272
593,002795.SZ,20200123,13.46,1.2428,3.8988,1.2,33.0986,34.7418,4.4494,4.1777,4.5184,3.7147,3.7147,20000.0,20000.0,6375.0,269200.0,269200.0
594,603038.SH,20200123,14.49,0.7145,2.4958,1.67,22.976,21.1343,1.8181,2.5278,2.3481,1.5776,1.5776,13157.1566,13132.4018,3759.8018,190647.1991,190288.5021
595,002030.SZ,20200123,14.91,12.8353,19.2094,2.59,117.0415,115.1023,5.0615,8.0407,11.2132,0.275,0.275,79741.2519,76011.2495,50789.1527,1188942.0658,1133327.73
596,300239.SZ,20200123,5.31,5.088,7.7042,1.74,81.6955,74.8905,2.8246,6.131,5.9115,0.5663,0.5663,52274.6108,44499.089,29388.0342,277578.1833,236290.1626
597,601333.SH,20200123,2.87,1.0768,2.0134,1.8,25.9288,29.2476,0.6938,1.0253,0.9746,2.0906,2.0906,708353.7,565223.7,302278.57,2032975.119,1622192.019
598,300583.SZ,20200123,32.65,0.8369,2.3641,0.98,27.7428,31.9028,1.8902,3.3443,3.5478,0.4296,0.4296,10778.3667,10153.7067,3594.6347,351913.6728,331518.5238
599,300636.SZ,20200123,28.15,2.7527,3.5387,0.96,92.8942,56.6931,3.2608,8.5308,6.3127,0.1464,0.1464,8095.1,4714.7894,3667.5805,227877.065,132721.3216
600,002952.SZ,20200123,31.98,4.5797,4.5797,0.95,35.4183,39.9667,4.527,6.8521,7.5118,1.4176,1.4176,10956.0,2286.0,2286.0,350372.88,73106.28
601,000411.SZ,20200123,12.39,1.4423,3.1827,1.07,32.8644,21.678,2.0713,0.1505,0.131,0.8744,0.8744,24893.9935,20731.7071,9395.3099,308436.5795,256865.851
602,603238.SH,20200123,19.97,16.9333,16.9333,2.11,43.3707,29.5042,2.7482,2.559,2.2563,0.7511,0.7511,12000.0,3000.0,3000.0,239640.0,59910.0
603,603386.SH,20200123,16.21,8.4199,8.4199,1.38,53.1687,144.0619,3.6538,3.2751,2.9757,0.7702,0.7702,22630.0768,5667.5,5667.5,366833.5449,91870.175
604,603429.SH,20200123,40.37,2.3056,2.8997,0.77,93.0878,76.4788,10.0157,23.4366,18.4576,0.3545,0.3545,26611.9255,12685.4,10086.44,1074323.4324,512109.598
605,603897.SH,20200123,18.52,2.0696,2.0696,0.96,18.2744,21.2265,1.8654,0.6635,0.6845,0.8099,0.8099,17840.1654,5553.8354,5553.8354,330399.8632,102857.0316
606,601158.SH,20200123,5.52,0.0963,0.8415,1.45,18.6392,18.0031,1.7966,5.1239,4.6892,5.0725,5.0725,480000.0,480000.0,54903.9311,2649600.0,2649600.0
607,600539.SH,20200123,6.42,0.2952,0.5933,1.82,146.9484,179.8017,3.3797,15.8672,20.2534,0.0,,23000.0,23000.0,11443.3381,147660.0,147660.0
608,000021.SZ,20200123,14.91,6.9797,14.1935,1.78,41.3839,60.6551,3.3949,1.3658,1.6206,0.6707,0.6707,147125.9363,146932.7064,72254.9832,2193647.7102,2190766.6524
609,603360.SH,20200123,32.51,2.7862,2.7862,0.79,41.8,22.4127,6.317,11.4903,8.349,1.1996,1.1996,18667.6,7840.9332,7840.9332,606883.676,254908.7383
610,002335.SZ,20200123,17.52,1.7052,3.4081,0.85,63.6255,48.9707,1.5107,1.384,1.2494,5.7078,5.7078,27151.023,22291.286,11153.0681,475685.923,390543.3307
611,603811.SH,20200123,25.2,3.8974,3.8974,1.21,31.0165,24.0665,4.1494,5.5076,4.6578,1.1905,1.1905,11928.0,8026.2,8026.2,300585.6,202260.24
612,002586.SZ,20200123,2.83,1.1157,2.106,2.18,12.8037,20.6444,0.6143,0.9148,0.9504,5.3004,5.3004,114422.3714,73541.4952,38958.9355,323815.3111,208122.4314
613,000850.SZ,20200123,4.03,2.0063,3.744,1.22,32.0463,14.54,0.8763,1.3672,1.3159,1.2407,1.2407,94366.5009,94338.2487,50552.1919,380296.9986,380183.1423
614,300241.SZ,20200123,6.37,6.1781,6.746,1.64,39.5041,173.3445,2.5166,2.1807,2.3847,0.1622,0.1622,53474.4963,41741.2869,38226.8368,340632.5414,265891.9976
615,300221.SZ,20200123,5.55,3.972,6.0106,0.51,,,2.4475,1.1094,1.5592,0.0,,45231.6363,41071.9647,27141.312,251035.5815,227949.4041
616,002426.SZ,20200123,2.04,2.8816,3.0222,1.76,,,0.9303,0.4037,0.4793,0.0,,344151.7719,282647.5476,269501.0706,702069.6147,576600.9971
617,603919.SH,20200123,16.63,1.8087,6.8769,1.58,25.0913,24.8915,2.6668,4.4372,4.0464,1.3575,1.3575,39019.9998,36400.0,9573.8565,648902.5967,605332.0
618,300778.SZ,20200123,39.45,4.6125,4.6125,1.54,31.3952,27.8791,3.538,7.0836,7.0871,0.0,,8000.0,2000.0,2000.0,315600.0,78900.0
619,603755.SH,20200123,41.98,8.5597,8.5597,1.91,59.3034,51.5207,7.4957,17.4294,15.1365,,,9861.3681,2466.0,2466.0,413980.2328,103522.68
620,603016.SH,20200123,17.83,2.0468,5.1224,0.73,43.1203,43.4925,3.229,6.3517,6.0895,2.0864,2.0864,14816.0,14816.0,5920.0,264169.28,264169.28
621,000776.SZ,20200123,14.81,0.9355,2.0284,1.54,26.2477,19.453,1.2555,7.3913,5.3069,1.3504,1.3504,762108.7664,591929.1464,273008.5293,11286830.8304,8766470.6582
622,600265.SH,20200123,23.79,0.0666,0.1867,0.44,509.7242,149.1017,105.4797,25.9782,14.8588,0.0,,12980.0,12980.0,4633.1947,308794.2,308794.2
623,002201.SZ,20200123,18.95,2.556,5.0149,0.88,338.6544,386.9954,6.9706,5.8824,6.2169,0.0,,33246.747,33163.5324,16902.7291,630025.8557,628448.939
624,600824.SH,20200123,3.35,0.3804,0.624,1.69,32.2453,40.2999,1.4347,2.3892,2.3977,0.9552,0.9552,105402.7073,105402.7073,64253.0544,353099.0695,353099.0695
625,600011.SH,20200123,5.41,0.2494,0.6269,1.2,59.0227,17.5503,1.0971,0.5,0.4963,1.8484,1.8484,1569809.3359,1099770.9919,437592.3252,8492668.5072,5949761.0662
626,600292.SH,20200123,5.54,0.6401,1.3425,1.59,34.4294,35.4364,0.8616,1.1766,1.0635,0.9025,0.9025,78081.689,78081.689,37230.0764,432572.5571,432572.5571
627,000055.SZ,20200123,4.45,1.0249,1.2954,1.83,2.2256,2.4025,0.9896,1.6397,1.7012,4.4944,4.4944,112338.4189,67828.3904,53664.4562,499905.9641,301836.3373
628,000997.SZ,20200123,18.67,3.7145,5.3367,1.11,33.5226,26.7633,3.4219,3.4097,3.501,1.595,1.595,105188.9717,101613.6566,70725.7126,1963878.1016,1897126.9687
629,002440.SZ,20200123,11.04,1.3112,1.9483,1.46,9.6734,9.2442,1.4974,1.9649,1.9479,4.529,4.529,115050.0,93730.7012,63082.8051,1270152.0,1034786.9412
630,600317.SH,20200123,2.42,0.1654,0.7618,1.63,15.6504,12.2817,1.2867,3.2543,3.1238,1.9421,1.9421,647298.3003,647298.3003,140556.7625,1566461.8867,1566461.8867
631,600971.SH,20200123,5.44,0.8675,1.9262,1.54,5.3475,5.2198,0.7967,1.1064,1.0974,6.2806,6.2806,120000.4884,120000.4884,54046.5995,652802.6569,652802.6569
632,002022.SZ,20200123,16.17,15.1152,20.3751,2.46,40.0421,38.6432,3.566,4.1804,3.6409,0.4025,0.4025,51452.6593,51299.9993,38056.7842,831989.5009,829520.9887
633,300236.SZ,20200123,39.0,16.7757,29.1843,1.88,1703.0123,37.9411,7.2439,20.2551,18.2373,0.0855,0.0855,29064.8916,28537.1067,16403.6991,1133530.7724,1112947.1613
634,601015.SH,20200123,3.01,0.6309,1.6772,1.95,15.082,36.2309,0.8726,0.4684,0.4761,1.2778,1.2778,162978.9473,145873.6842,54873.6842,490566.6314,439079.7894
635,300789.SZ,20200123,84.04,16.1504,16.1504,1.9,46.2272,38.8577,5.8013,14.6038,11.9008,,,4598.2759,1150.0,1150.0,386439.1066,96646.0
636,603730.SH,20200123,33.71,3.1664,3.2085,1.13,24.1953,22.78,3.7231,3.16,2.6301,1.4832,1.4832,40059.452,7284.3983,7188.7483,1350404.1269,245557.0667
637,300752.SZ,20200123,28.28,5.1871,5.1871,1.29,20.9406,35.7733,3.9936,2.1846,2.1201,2.1456,2.1456,11975.222,2906.448,2906.448,338659.2782,82194.3494
638,300445.SZ,20200123,16.36,2.8661,4.7552,1.58,36.2356,32.1842,4.7554,11.151,9.744,0.9169,0.9169,16392.432,9655.3094,5819.6124,268180.1875,157960.8618
639,300256.SZ,20200123,7.11,12.8144,16.2855,1.49,,,4.019,1.7835,1.7075,0.0,,95793.6396,79399.6511,62476.0458,681092.7776,564531.5193
640,002895.SZ,20200123,11.96,3.6658,3.6658,0.86,63.138,31.7956,2.4397,3.7784,2.9863,2.505,2.505,40762.6,8904.2,8904.2,487520.696,106494.232
641,603129.SH,20200123,46.0,3.8619,4.5487,0.93,51.4073,37.623,6.2318,2.4285,2.0116,0.6967,0.6967,13438.54,6559.8054,5569.3292,618172.84,301751.0484
642,300469.SZ,20200123,15.58,3.1776,5.417,1.48,71.3344,83.8438,6.8162,4.5209,3.9811,0.1128,0.1128,20513.5376,16573.3706,9721.8317,319600.9158,258213.1139
643,300532.SZ,20200123,11.72,2.9236,3.3794,1.06,176.9173,140.0296,4.2485,7.7458,5.5005,1.3652,1.3652,27503.4744,27317.5416,23633.3044,322340.72,320161.5876
644,600198.SH,20200123,9.51,1.5625,2.3674,0.98,14.8816,,,3.5791,4.9114,0.0,,88210.8472,88045.4735,58108.3712,838885.1569,837312.453
645,603183.SH,20200123,10.31,2.3971,2.3971,1.51,30.4636,30.1993,2.1109,3.9786,3.4898,0.6675,0.6675,19086.5276,10396.8711,10396.8711,196782.0996,107191.741
646,603580.SH,20200123,12.19,5.4412,5.4412,0.54,44.4955,50.9781,3.8837,8.4678,8.3034,0.7032,0.7032,13067.32,4222.82,4222.82,159290.6308,51476.1758
647,600516.SH,20200123,11.22,1.9803,3.3108,1.1,5.4538,10.1627,2.0474,2.618,3.7608,0.0,,271855.0263,271855.0263,162610.7605,3050213.3951,3050213.3951
648,300436.SZ,20200123,32.03,2.7358,4.2205,1.29,272.0267,183.218,7.8723,11.1436,10.2076,0.0,,14000.0,11239.19,7285.4783,448420.0,359991.2557
649,603557.SH,20200123,8.88,3.0884,4.8288,1.12,23.3035,22.8452,2.497,3.0107,2.7535,0.4505,0.4505,47423.9658,21890.2458,14000.4732,421124.8163,194385.3827
650,603861.SH,20200123,8.48,0.2819,1.3565,1.39,22.5896,34.4658,1.6431,1.4878,1.5333,1.3286,1.3286,45193.0648,40910.0,8502.3227,383237.1895,346916.8
651,601222.SH,20200123,5.16,1.1506,2.1099,0.95,11.9256,11.3436,0.9385,2.2579,2.3753,3.3491,3.3491,175767.086,174887.886,95378.4933,906958.1638,902421.4918
652,300433.SZ,20200123,20.68,3.0369,9.9423,1.56,138.0063,129.1394,4.2894,3.1717,2.9984,0.1132,0.1132,425101.6654,423526.1341,129367.8197,8791102.4405,8758520.4532
653,000813.SZ,20200123,6.04,0.8572,2.2619,0.88,14.5494,25.1344,2.4115,4.114,6.6102,0.0,,224148.18,224148.045,84944.5857,1353855.0072,1353854.1918
654,600722.SH,20200123,4.68,0.9115,2.0735,1.28,54.5595,72.5631,3.1844,3.3297,3.5168,0.0,,68031.9676,68031.9676,29905.6699,318389.6084,318389.6084
655,000600.SZ,20200123,4.64,1.268,2.2451,1.29,19.2504,13.5676,0.7381,0.5948,0.5967,2.1552,2.1552,179162.6376,109004.4126,61563.3843,831314.6385,505780.4745
656,600322.SH,20200123,2.83,1.2907,1.7619,1.66,23.2274,15.2842,0.661,0.92,0.7252,0.0,,110570.0,110570.0,81001.0134,312913.1,312913.1
657,688006.SH,20200123,42.3,7.4014,7.4014,0.78,59.2595,52.683,7.6487,15.2909,14.7469,,,40100.0,3936.0,3936.0,1696230.0,166492.8
658,601801.SH,20200123,5.24,0.3635,0.937,1.89,9.5904,17.2226,1.0197,1.0602,1.1374,3.3397,3.3397,198920.4737,198920.4737,77163.8872,1042343.2822,1042343.2822
659,002129.SZ,20200123,15.68,6.2409,9.8896,1.38,69.072,48.077,3.3268,3.1748,2.6442,0.1913,0.1913,278515.6473,268326.0854,169328.8025,4367125.3497,4207353.0191
660,600572.SH,20200123,6.07,4.3869,6.5673,1.45,20.1428,31.6501,2.9825,2.3857,2.3861,2.381,2.381,266732.02,266057.8347,177725.0851,1619063.3614,1614971.0566
661,603319.SH,20200123,18.46,1.6584,2.392,2.44,19.9418,19.2624,2.5036,2.1413,2.0808,1.5274,1.5274,10490.155,10490.155,7272.7959,193648.2613,193648.2613
662,603110.SH,20200123,15.72,5.3797,5.3797,0.73,68.8905,50.6509,3.5337,5.7578,5.6396,1.763,1.763,14373.338,5430.054,5430.054,225948.8734,85360.4489
663,603178.SH,20200123,10.48,12.0376,12.0376,0.55,55.4767,,2.9186,1.6138,1.8837,0.5764,0.5764,20184.18,5096.3,5096.3,211530.2064,53409.224
664,600731.SH,20200123,6.66,2.5852,3.6964,1.45,45.9389,20.0398,2.0597,1.4534,1.1175,0.0,,35522.2698,32665.3117,22845.4126,236578.3169,217550.9759
665,603600.SH,20200123,13.42,3.1829,7.5158,0.87,39.0722,23.4324,3.4152,1.6839,1.6329,3.1311,3.1311,30254.36,30180.932,12781.6473,406013.5112,405028.1074
666,600594.SH,20200123,5.39,2.4842,3.2438,1.09,,,1.1654,1.0993,1.2266,0.0,,79192.74,79192.74,60646.9764,426848.8686,426848.8686
667,603993.SH,20200123,4.12,1.033,2.6058,1.28,19.1969,51.0585,2.213,3.4275,2.265,2.6699,2.6699,2159924.0583,1766577.2583,700277.2183,8898887.1202,7278298.3042
668,601598.SH,20200123,4.11,1.5646,1.7716,1.24,11.2486,10.549,1.0964,0.3934,0.3929,3.163,3.163,740080.3875,135163.7231,119372.3236,3041730.3926,555522.9019
669,300275.SZ,20200123,11.77,5.0838,5.8222,1.76,,,3.8092,8.4459,7.5098,0.0,,16811.4,11758.8078,10267.4378,197870.178,138401.1678
670,300598.SZ,20200123,202.39,7.9231,11.0955,0.83,1017.1704,1371.6673,34.8436,30.3198,26.1354,0.0148,0.0148,8000.0,5344.092,3816.1156,1619120.0,1081590.7799
671,601001.SH,20200123,4.14,0.8106,1.9052,1.78,10.5033,10.2035,1.0778,0.6155,0.5717,0.0,,167370.0,167370.0,71206.7492,692911.8,692911.8
672,600776.SH,20200123,19.41,1.4739,3.4334,1.12,191.3539,233.296,7.9873,10.1375,9.214,0.3091,0.3091,125600.0064,95600.0064,41038.4512,2437896.1242,1855596.1242
673,600155.SH,20200123,12.72,1.2647,2.208,1.33,148.0464,98.0315,1.466,151.9735,105.0521,0.0,,173955.6648,173955.6648,99636.318,2212716.0563,2212716.0563
674,600110.SH,20200123,4.71,4.9969,5.4942,1.62,55.7309,53.9467,2.4601,2.3339,1.5919,0.0,,115031.2097,115031.2097,104620.4323,541796.9977,541796.9977
675,300266.SZ,20200123,3.51,1.498,2.4386,1.33,,,2.17,2.3708,3.4105,0.0,,156443.1057,150784.2566,92626.8845,549115.301,529252.7407
676,000705.SZ,20200123,7.5,9.8948,10.4333,1.96,35.3524,30.8145,1.6839,0.8768,0.7876,0.4,0.4,33412.3286,28198.3639,26743.0813,250592.4645,211487.7293
677,300204.SZ,20200123,11.79,0.5107,1.2913,0.71,41.8657,99.6675,3.4438,6.9626,8.0634,5.6058,5.6058,47603.4544,46716.6382,18474.3585,561244.7274,550789.1644
678,300027.SZ,20200123,4.23,2.2017,3.0801,1.57,,,1.4842,3.031,5.0744,0.0,,278795.9919,221146.4192,158081.7551,1179307.0457,935449.3532
679,600716.SH,20200123,4.02,0.7997,1.6814,2.0,6.6698,5.916,0.7547,3.5942,3.4387,2.4876,2.4876,93606.059,93606.059,44518.9047,376296.3572,376296.3572
680,002701.SZ,20200123,4.69,1.1987,2.0537,1.14,49.0097,52.5394,1.8978,1.3511,1.318,2.2812,2.2812,235522.56,233122.8786,136075.0406,1104600.8064,1093346.3006
681,600377.SH,20200123,11.43,0.2645,2.1471,1.84,13.1567,13.4427,2.0809,5.776,5.8615,4.0245,4.0245,503774.75,379976.6821,46812.8919,5758145.3925,4343133.4764
682,603567.SH,20200123,12.65,0.4337,2.9397,0.74,23.2289,25.1165,2.0771,3.8627,3.6852,1.2964,1.2964,84916.0,84916.0,12527.47,1074187.4,1074187.4
683,603939.SH,20200123,83.0,0.6783,1.7656,0.83,75.5271,59.7956,7.0923,4.5498,3.264,0.3594,0.3594,37892.2506,36693.1004,14095.6004,3145056.7998,3045527.3332
684,300441.SZ,20200123,8.88,7.9406,8.0069,0.94,48.4333,66.2735,3.6424,3.9018,3.8185,0.6766,0.6766,66141.7502,26953.797,26730.6467,587338.7418,239349.7174
685,002565.SZ,20200123,5.63,4.8474,7.9136,1.96,58.8759,53.7963,2.7572,2.9047,3.1565,0.0,,106015.6922,105609.7755,64690.4919,596868.3471,594583.0361
686,600677.SH,20200123,7.98,0.0248,0.0319,0.01,,,,0.4295,1.1783,1.5038,1.5038,52179.17,45382.4669,35361.6786,416389.7766,362152.0859
687,600375.SH,20200123,4.52,1.3893,1.6946,1.75,42.2261,45.7207,0.8905,0.3445,0.3471,0.0,,55574.0597,55574.0597,45561.3492,251194.7498,251194.7498
688,300667.SZ,20200123,28.88,8.2441,10.7435,1.54,74.195,73.7627,4.304,16.6925,12.4741,0.1743,0.1743,12160.5923,5377.4232,4126.419,351197.9056,155299.982
689,300755.SZ,20200123,22.08,4.0717,4.0717,1.39,40.925,29.0042,3.7123,3.3824,2.6278,0.5032,0.5032,41679.84,10394.364,10394.364,920290.8672,229507.5571
690,600163.SH,20200123,3.39,0.5858,1.3086,1.07,25.9925,27.8415,1.7485,6.4647,6.2296,0.0,,99946.523,99946.523,44740.334,338818.713,338818.713
691,300510.SZ,20200123,5.43,5.1222,13.1785,0.95,24.4432,45.1711,1.1512,3.8601,4.2004,0.6564,0.6564,88288.4984,50526.3003,19638.6451,479406.5463,274357.8106
692,002633.SZ,20200123,8.55,0.8653,1.9343,0.43,315.5056,,2.4931,7.9228,8.8487,0.0,,15000.0,14941.875,6684.375,128250.0,127753.0313
693,600091.SH,20200123,3.54,0.5732,0.8765,2.01,380.8238,114.1242,1.7144,27.5283,75.8233,0.0,,43741.2524,43741.2524,28604.71,154844.0335,154844.0335
694,300543.SZ,20200123,22.88,2.6856,3.7666,0.95,62.3335,31.5023,3.7263,2.3118,2.0593,0.3239,0.3239,12143.74,12000.0,8556.04,277848.7712,274560.0
695,000755.SZ,20200123,3.9,0.9777,1.4888,1.3,37.7265,7.0007,1.5551,1.139,1.8752,0.0,,46926.4621,46926.4621,30816.7402,183013.2022,183013.2022
696,600012.SH,20200123,5.6,0.3462,1.7043,1.57,8.2706,8.3166,0.8845,3.1306,3.1511,4.4643,4.4643,165861.0,116560.0,23676.4279,928821.6,652736.0
697,600827.SH,20200123,8.37,0.5261,1.2701,1.73,17.1236,16.8054,0.8391,0.3084,0.2986,2.1505,2.1505,178416.8117,160444.992,66462.9462,1493348.7139,1342924.583
698,600330.SH,20200123,8.75,6.6753,8.939,1.09,30.7532,44.2651,2.1662,3.3407,3.355,0.5635,0.5635,99656.573,99656.573,74420.1618,871995.0138,871995.0138
699,300378.SZ,20200123,14.71,5.7934,9.0364,1.45,49.3726,46.3767,2.9051,2.9162,2.8205,0.6765,0.6765,26594.9953,26464.3078,16966.8711,391212.3809,389289.9677
700,603501.SH,20200123,185.55,5.4543,5.4543,1.53,1154.5206,5722.563,20.9752,40.432,15.6252,0.0512,0.0512,86366.2098,14053.5394,14053.5394,16025250.2284,2607634.2357
701,603399.SH,20200123,9.41,4.6979,7.1415,1.97,26.8409,,2.2026,1.3719,1.6011,0.2137,0.2137,54385.0649,50805.0649,33421.0532,511763.4607,478075.6607
702,603288.SH,20200123,107.21,0.1709,0.6777,1.18,66.3274,57.1164,19.2186,16.9953,15.1201,0.9141,0.9141,270036.934,270036.934,68113.6439,28950659.6941,28950659.6941
703,300158.SZ,20200123,4.95,2.9554,4.936,0.93,,,0.9299,1.4953,1.2306,0.0,,103305.466,100783.0672,60341.8746,511362.0567,498876.1826
704,002043.SZ,20200123,7.77,1.6668,2.7035,0.93,18.195,18.8294,3.5943,1.3979,1.3664,3.2175,3.2175,77475.6002,74387.6333,45863.7139,601985.4136,577991.9107
705,000833.SZ,20200123,4.8,1.0813,1.3524,1.58,36.2621,75.8048,1.1576,1.0127,0.8337,0.3125,0.3125,66840.1851,37808.4222,30228.4222,320832.8885,181480.4266
706,600833.SH,20200123,9.79,1.9349,3.5147,1.23,46.2849,38.8872,3.097,1.8561,1.7652,0.6639,0.6639,22308.6347,22308.6347,12281.1613,218401.5337,218401.5337
707,002188.SZ,20200123,3.75,0.1931,0.257,0.14,,,,7.6869,18.4065,0.0,,29562.7524,24138.184,18136.8838,110860.3215,90518.19
708,000778.SZ,20200123,3.84,0.7447,1.2187,1.42,7.293,9.5948,0.7274,0.378,0.3745,5.2083,5.2083,399088.0176,392136.5612,239607.1873,1532497.9876,1505804.395
709,688357.SH,20200123,56.13,15.4788,15.4788,1.08,68.9455,40.9792,3.7997,8.581,7.9656,,,5782.0,1314.1305,1314.1305,324543.66,73762.145
710,002107.SZ,20200123,11.7,5.237,10.8944,1.43,92.4579,82.0398,6.722,5.4504,4.9265,0.4274,0.4274,36075.6,34921.019,16786.8713,422084.52,408575.9223
711,600758.SH,20200123,3.99,0.7652,2.3278,1.3,46.7267,44.0944,0.9574,0.7215,0.7806,0.6516,0.6516,132201.7394,132074.3394,43418.7459,527484.9402,526976.6142
712,000524.SZ,20200123,7.14,1.4131,2.9726,1.1,23.3578,17.0374,1.8089,0.6761,0.6011,3.1513,3.1513,67020.8597,27230.1442,12944.9232,478528.9383,194423.2296
713,002320.SZ,20200123,14.45,2.9078,9.1188,1.21,67.9812,82.0925,3.8583,13.6385,13.153,0.692,0.692,99063.6972,83754.5775,26707.7281,1431470.4245,1210253.6449
714,600499.SH,20200123,4.63,1.2261,1.7385,1.17,,,1.5253,1.2029,1.1602,0.0,,157720.5702,141146.4322,99548.3288,730246.24,653507.9811
715,002503.SZ,20200123,2.22,2.3857,3.6258,1.24,18.5842,62.177,1.2344,0.3712,0.5203,0.0,,309250.5396,212270.7917,139669.4788,686536.1979,471241.1576
716,600871.SH,20200123,2.34,0.2302,1.5547,0.63,312.7172,104.458,6.4174,0.7606,0.6454,0.0,,1898434.0033,1204266.0995,178333.3333,4442335.5677,2817982.6728
717,002398.SZ,20200123,6.53,2.3452,2.5476,1.34,18.1517,12.6548,1.6464,1.6652,1.42,1.0722,1.0722,69250.8627,52978.5465,48767.898,452208.1334,345949.9086
718,300659.SZ,20200123,81.86,3.2393,3.4333,0.83,256.1141,181.4245,23.7309,30.5265,22.4784,0.1222,0.1222,13276.628,6550.7729,6180.5648,1086824.7681,536246.2696
719,600118.SH,20200123,29.48,6.6679,13.7376,1.7,83.4685,84.2878,6.2346,4.5971,4.6844,0.3731,0.3731,118248.9135,118248.9135,57394.7959,3485977.97,3485977.97
720,000837.SZ,20200123,3.99,2.8793,3.4845,3.59,,,1.0844,0.8677,0.8993,0.0,,69337.091,58260.6476,48140.9922,276654.9931,232459.9839
721,300413.SZ,20200123,45.99,1.7187,2.6577,1.4,94.5963,79.6922,9.5185,8.4756,7.6442,0.0,,178037.7511,83402.0248,53936.1495,8187956.1731,3835659.1206
722,002324.SZ,20200123,14.74,5.7115,8.2535,1.03,107.648,87.9567,3.2771,2.1239,2.1831,1.0437,1.0437,52815.7457,30677.7723,21229.3976,778504.0916,452190.3637
723,300004.SZ,20200123,6.65,6.0042,9.9442,1.85,,,1.5969,3.3541,3.3588,0.0,,47999.3598,39218.8515,23680.1086,319195.7427,260805.3625
724,300373.SZ,20200123,24.28,12.8339,20.3369,1.33,61.1764,113.456,4.6794,6.1905,6.0563,1.0482,1.0482,47213.3293,29408.7924,18558.7924,1146339.6354,714045.4795
725,002303.SZ,20200123,5.08,2.8243,6.0358,2.16,19.3894,18.955,1.5544,2.3944,2.3563,3.937,3.937,153132.3685,153075.8335,71629.2419,777912.432,777625.2342
726,600595.SH,20200123,2.11,0.3893,0.628,0.92,,,1.3357,0.3522,0.7396,0.0,,196122.4057,174154.0403,107967.6467,413818.276,367465.025
727,603398.SH,20200123,10.04,1.6309,4.5765,0.78,70.629,40.7751,4.0981,7.6432,5.6002,0.0,,29638.28,29638.28,10561.6762,297568.3312,297568.3312
728,002588.SZ,20200123,4.02,0.6835,1.0456,1.96,24.2392,41.1292,1.0594,0.8179,0.7826,0.4975,0.4975,115688.4,75211.8272,49166.8332,465067.368,302351.5453
729,002649.SZ,20200123,10.34,6.1061,6.5028,1.09,24.494,21.1423,2.0742,1.8837,1.5233,0.833,0.833,52519.9734,42425.9478,39837.9075,543056.525,438684.3003
730,000672.SZ,20200123,17.26,2.5451,6.8343,1.4,9.5378,6.7043,3.0533,2.6474,2.2438,2.2641,2.2641,81361.9871,81360.9521,30298.6478,1404307.8973,1404290.0332
731,600839.SH,20200123,2.64,0.957,1.2613,1.17,37.7048,77.8075,0.9418,0.1462,0.1389,0.8333,0.8333,461624.4222,461432.2151,350111.3206,1218688.4746,1218181.0479
732,002473.SZ,20200123,7.37,1.3044,2.5403,0.25,97.6088,,4.6431,8.0014,10.1162,0.0,,16000.0,16000.0,8215.6706,117920.0,117920.0
733,600939.SH,20200123,4.45,1.1356,1.347,1.54,20.4773,14.0798,1.2087,0.1732,0.1575,1.4831,1.4831,181450.0,40957.5584,34529.7586,807452.5,182261.1349
734,603103.SH,20200123,15.97,8.6662,8.6662,1.12,31.5827,39.255,4.3316,3.7175,3.8237,1.1092,1.1092,63420.0,7420.0,7420.0,1012817.4,118497.4
735,603686.SH,20200123,11.68,3.3946,4.1545,1.22,20.5426,20.5242,1.9986,1.4098,1.2187,1.6206,1.6206,41565.5737,41565.5737,33962.0737,485485.9008,485485.9008
736,600353.SH,20200123,5.42,1.5724,2.7591,1.18,52.2619,46.5943,2.6576,2.7832,2.4909,1.0687,1.0687,54372.0,54372.0,30986.9132,294696.24,294696.24
737,600750.SH,20200123,12.88,2.2865,4.0133,1.03,14.3796,13.5711,1.9231,3.8525,3.12,2.1739,2.1739,52500.0,52500.0,29910.7095,676200.0,676200.0
738,002024.SZ,20200123,10.0,1.1275,2.693,1.88,6.9856,4.8733,1.0237,0.3801,0.341,1.1927,1.1927,931003.9655,777518.9273,325535.1958,9310039.655,7775189.273
739,002013.SZ,20200123,6.84,0.6816,1.473,1.3,29.5004,27.4231,2.6589,2.1211,2.0626,0.4381,0.4381,360866.4457,360841.3291,166959.6522,2468326.4886,2468154.691
740,000563.SZ,20200123,4.14,1.5801,3.6074,1.71,51.3688,30.2601,1.5255,15.9744,9.9839,0.4831,0.4831,396401.2846,396401.2846,173629.1422,1641101.3182,1641101.3182
741,603663.SH,20200123,12.99,0.7027,2.019,1.1,33.2697,32.8259,4.8126,4.1234,3.4218,0.8248,0.8248,18999.1704,18864.6584,6565.7353,246799.2235,245051.9126
742,600815.SH,20200123,2.56,0.4911,0.9496,2.26,,,,1.6004,2.1977,0.0,,177409.448,177409.448,91751.5017,454168.1869,454168.1869
743,002050.SZ,20200123,20.8,2.0955,3.9399,1.14,44.5125,43.4072,6.4097,5.3088,5.1401,0.9199,0.9199,276565.7898,241868.1113,128639.1931,5752568.4278,5030856.715
744,300788.SZ,20200123,48.69,4.1124,4.1124,1.41,44.7928,38.9647,5.6856,5.6654,4.9175,0.0,,19015.1515,4753.7879,4753.7879,925847.7265,231461.9329
745,603788.SH,20200123,15.92,1.8203,4.1766,2.35,16.5095,23.8828,2.0386,2.7549,3.8213,3.8363,3.8363,22306.5068,22306.5068,9722.0468,355119.5883,355119.5883
746,002117.SZ,20200123,11.63,3.7628,5.7159,1.03,24.7153,23.7737,4.0219,4.1058,4.1033,4.0126,4.0126,54566.6421,54549.1148,35909.8948,634610.0476,634406.2051
747,000859.SZ,20200123,5.19,3.8613,5.3436,1.15,37.5863,37.8948,2.3531,3.1094,2.8175,0.1927,0.1927,73944.973,73931.248,53422.3058,383774.4099,383703.1771
748,300286.SZ,20200123,11.65,1.0522,1.9428,1.06,25.7975,22.4529,3.1996,5.4713,4.5726,1.691,1.691,21501.5625,17051.7537,9234.9075,250493.2031,198652.9306
749,300517.SZ,20200123,15.09,2.5567,3.7475,1.31,66.439,43.1491,2.2839,3.1929,2.2462,0.1791,0.1791,10673.8,6134.41,4185.08,161067.642,92568.2469
750,600638.SH,20200123,6.12,1.0854,2.355,2.59,7.2051,8.4772,0.9249,3.8648,4.8181,4.1667,4.1667,67339.6786,67339.6786,31036.4392,412118.833,412118.833
751,300417.SZ,20200123,42.55,4.6378,5.7142,1.0,124.5233,21.3842,7.7224,22.7523,7.5126,1.7098,1.7098,8160.0,4118.5688,3342.7188,347208.0,175245.1024
752,002756.SZ,20200123,20.33,5.8174,7.9667,2.19,18.8972,17.4961,2.1457,1.5265,1.5073,4.9188,4.9188,36000.0,18461.7339,13481.1238,731880.0,375327.0502
753,688022.SH,20200123,58.9,17.3065,17.3065,1.14,90.5424,82.1038,7.5852,14.5893,14.1176,,,10800.0,2565.0,2565.0,636120.0,151078.5
754,000811.SZ,20200123,7.0,1.2284,2.173,0.81,18.4897,13.6718,1.4484,1.4476,1.3623,0.6254,0.6254,74583.7804,74582.5443,42162.6573,522086.4628,522077.8101
755,603500.SH,20200123,12.8,5.6608,5.6608,1.25,27.4104,22.3808,2.5884,6.6423,6.0607,1.5625,1.5625,17640.0,5040.0,5040.0,225792.0,64512.0
756,600354.SH,20200123,4.16,9.8667,13.8848,2.82,,,3.727,2.8609,2.0223,0.0,,52780.208,52780.208,37506.3036,219565.6653,219565.6653
757,300512.SZ,20200123,11.06,0.6236,1.3648,1.39,16.0198,21.5228,2.1482,4.158,3.6392,1.1754,1.1754,27000.0,21648.0012,9891.3677,298620.0,239426.8933
758,300582.SZ,20200123,14.12,6.5726,9.4891,1.3,39.7794,34.0252,2.7083,2.8962,2.8364,0.3236,0.3236,19800.0,13041.0311,9032.9175,279576.0,184139.3591
759,600895.SH,20200123,14.5,1.0101,2.0512,1.39,41.2573,40.2481,2.4428,19.5557,17.4831,0.7586,0.7586,154868.955,154868.955,76265.295,2245599.8475,2245599.8475
760,603933.SH,20200123,14.65,7.2559,7.2559,0.89,25.9684,64.9676,2.8116,1.591,2.0083,1.4627,1.4627,20123.32,5031.32,5031.32,294806.638,73708.838
761,300219.SZ,20200123,7.18,0.8126,1.4128,0.91,24.4464,,2.6974,1.2756,1.3622,4.1873,4.1873,71118.1006,60636.8428,34874.8104,510627.9623,435372.5313
762,600690.SH,20200123,18.57,0.7251,1.2256,1.46,16.4219,13.4469,2.6011,0.6665,0.6296,1.8269,1.8269,657956.6627,630855.2654,373199.3506,12218255.2263,11714982.2785
763,000960.SZ,20200123,10.56,1.3334,2.4248,0.97,19.9978,23.9838,1.4186,0.445,0.4164,0.0,,166877.6379,166876.8729,91766.9664,1762227.8562,1762219.7778
764,300651.SZ,20200123,26.78,2.1454,2.1483,2.02,97.3852,96.7664,5.2726,7.598,6.8056,0.615,0.615,12874.678,4475.7326,4469.8251,344783.8768,119860.119
765,600069.SH,20200123,2.02,0.9012,1.7116,1.46,,,1.7853,1.1569,1.4508,0.0,,162383.3844,162383.3844,85496.379,328014.4365,328014.4365
766,002308.SZ,20200123,5.34,10.8929,16.5431,3.7,30.5416,47.606,1.3328,4.1378,4.2432,0.0,,90621.4651,90285.0299,59448.5551,483918.6236,482122.0597
767,002526.SZ,20200123,2.21,2.4429,3.129,1.65,25.8191,18.9717,1.5093,2.1023,1.9812,0.0,,178279.3836,169024.1943,131960.9021,393997.4378,373543.4694
768,600208.SH,20200123,3.51,1.3242,3.0865,1.01,12.0436,9.4532,0.8538,1.7521,1.4233,1.6591,1.6591,859934.3536,859817.1921,368896.8065,3018369.5811,3017958.3443
769,002482.SZ,20200123,4.27,0.6708,2.0573,0.94,18.8416,31.1317,0.9142,0.4559,0.4875,0.7026,0.7026,153727.9657,152929.4596,49865.3878,656418.4135,653008.7925
770,300541.SZ,20200123,25.3,5.4668,6.0551,0.93,89.508,67.2045,5.5724,3.2954,2.8164,0.2619,0.2619,18109.6722,17992.4473,16244.5394,458174.7067,455208.9167
771,603728.SH,20200123,11.78,1.2898,1.7071,1.32,29.3693,29.1933,2.4924,2.5873,2.4443,0.348,0.348,41600.0,17576.0,13280.0044,490048.0,207045.28
772,600613.SH,20200123,8.57,6.837,18.5851,1.61,43.142,36.9556,1.7474,2.4702,2.312,0.0,,53407.1628,47931.9978,17632.9962,457699.3852,410777.2211
773,300518.SZ,20200123,27.0,3.8836,5.963,1.42,248.0641,110.6283,2.266,6.1363,8.9183,0.0741,0.0741,9334.0,6196.8106,4035.899,252018.0,167313.8862
774,600018.SH,20200123,5.2,0.2428,1.5908,1.58,11.7263,13.3892,1.4669,3.1676,3.3454,2.9615,2.9615,2317367.465,2317367.465,353662.3605,12050310.818,12050310.818
775,600199.SH,20200123,5.84,2.0542,3.0242,1.05,37.7032,134.0504,1.3116,2.9223,3.1751,0.2568,0.2568,65779.6824,55577.5002,37751.7918,384153.3452,324572.6012
776,000597.SZ,20200123,8.95,7.9386,15.5782,1.82,41.6262,37.9995,2.1724,1.0882,1.0288,0.0,,90786.763,81723.0853,41646.063,812541.5289,731421.6134
777,002857.SZ,20200123,12.05,1.6321,2.0014,1.02,41.9453,45.8495,3.3168,6.6649,6.0685,0.332,0.332,12800.0,4947.8259,4034.7824,154240.0,59621.3021
778,002275.SZ,20200123,13.31,0.4277,1.5541,1.14,19.0048,20.8293,2.8525,4.9572,4.9111,2.5954,2.5954,59020.0,53339.115,14678.2709,785556.2,709943.6207
779,002234.SZ,20200123,26.41,6.883,8.1456,1.52,20.9563,5.3396,3.3528,4.3885,2.6581,0.0,,30204.6632,20615.4259,17419.8672,797705.1551,544453.398
780,600570.SH,20200123,88.69,3.5921,4.531,1.18,110.3724,65.4438,18.6949,21.8307,19.8032,0.2775,0.2775,80314.6734,80314.6734,63672.9537,7123108.3838,7123108.3838
781,603167.SH,20200123,10.09,0.7772,1.2897,1.11,11.9044,11.3204,1.4382,2.8598,2.863,5.9465,5.9465,47280.6603,46097.4603,27781.5898,477061.8624,465123.3744
782,002805.SZ,20200123,13.48,8.1117,9.1107,1.28,120.1551,109.1756,3.2935,7.4,4.8541,0.1632,0.1632,14537.07,14432.0175,12849.5175,195959.7036,194543.5959
783,688168.SH,20200123,111.0,11.016,11.016,0.8,92.2993,76.8404,5.9932,29.0815,25.9422,,,5118.0,1160.5632,1160.5632,568098.0,128822.5152
784,600260.SH,20200123,12.8,6.5456,7.8407,2.47,14.158,12.4404,2.0028,0.7554,0.7685,0.8929,0.8929,100071.5029,94899.6984,79224.7362,1280915.2371,1214716.1395
785,002186.SZ,20200123,10.04,0.6251,1.0975,1.19,42.3998,,2.065,1.7426,1.9292,1.7928,1.7928,30846.3955,30575.7607,17415.0833,309697.8108,306980.6374
786,300490.SZ,20200123,10.36,1.4383,2.795,0.8,26.8501,24.074,1.5785,1.9656,1.7671,0.4829,0.4829,26181.8005,23456.0069,12070.1373,271243.4532,243004.2315
787,300665.SZ,20200123,10.15,2.3595,2.5118,0.78,48.8336,67.6369,2.7867,3.2192,2.8034,0.4919,0.4919,12160.0,7312.3553,6869.2093,123424.0,74220.4063
788,002196.SZ,20200123,5.32,1.441,1.7797,1.07,,,1.1808,1.8286,1.9454,0.0,,46869.493,37013.2742,29968.0073,249345.7028,196910.6187
789,000090.SZ,20200123,5.06,0.823,1.3621,1.57,12.0971,11.0412,1.3611,0.9261,0.8129,3.8005,3.8005,186854.5434,186841.5681,112895.1453,945483.9896,945418.3346
790,601216.SH,20200123,2.92,0.5579,1.5499,1.43,10.7838,10.4602,1.3322,2.9111,2.8781,0.0,,843801.739,843801.739,303721.099,2463901.0779,2463901.0779
791,688321.SH,20200123,63.8,9.4351,9.4351,0.69,839.3444,708.026,18.0682,177.1154,144.7496,,,41000.0,4057.8325,4057.8325,2615800.0,258889.7135
792,300712.SZ,20200123,11.47,1.6457,1.8845,1.03,28.4053,30.5195,2.1608,3.045,1.989,0.6706,0.6706,18210.4,7849.9244,6855.4244,208873.288,90038.6329
793,000935.SZ,20200123,14.26,1.5163,4.9019,1.68,15.6494,14.351,2.6925,5.6129,6.018,0.0,,76344.0333,76343.8646,23616.2829,1088665.9149,1088663.5092
794,000915.SZ,20200123,25.41,2.5097,3.1686,0.93,45.9121,42.2592,3.5404,3.9014,3.812,1.1806,1.1806,23433.1485,23343.2457,18488.8117,595436.3034,593151.8732
795,603579.SH,20200123,31.92,1.242,2.7254,1.42,17.9318,16.2877,2.8583,1.9466,2.0624,0.937,0.937,14000.0,14000.0,6379.96,446880.0,446880.0
796,002528.SZ,20200123,4.9,1.2763,2.7602,1.36,42.3158,62.564,1.5743,1.3753,1.3013,0.0,,119867.5082,104570.995,48355.3624,587350.7902,512397.8755
797,000545.SZ,20200123,2.91,0.87,1.352,1.45,28.1414,39.099,1.3632,1.5484,1.5372,0.0,,98683.3096,95940.3096,61736.2948,287168.4309,279186.3009
798,603613.SH,20200123,74.41,6.1284,6.1284,1.12,111.6332,79.8316,10.2397,2.8523,1.9123,0.0,,14081.5,3521.0,3521.0,1047804.415,261997.61
799,600688.SH,20200123,3.88,0.0855,0.3353,1.24,7.9581,18.3478,1.4317,0.3897,0.4105,6.4433,6.4433,1082381.35,732881.35,186881.35,4199639.638,2843579.638
800,600652.SH,20200123,2.55,1.5681,2.5872,1.27,,,1.2572,25.0874,151.0543,0.0,,83270.3498,83270.3498,50469.7018,212339.392,212339.392
801,002061.SZ,20200123,5.5,0.9432,1.4192,1.49,6.238,10.7169,1.0189,0.2868,0.2782,2.1818,2.1818,137563.8998,77070.6585,51218.292,756601.4489,423888.6218
802,603816.SH,20200123,45.81,0.4705,2.1811,1.23,27.8656,24.5947,5.4038,3.0057,2.6122,1.5601,1.5601,60181.3677,58484.1757,12616.3505,2756908.4543,2679160.0888
803,002878.SZ,20200123,37.16,8.5466,8.5466,0.63,51.765,44.8129,7.4131,4.6049,3.4565,0.8079,0.8079,13031.0737,4002.0384,4002.0384,484234.6987,148715.7469
804,002359.SZ,20200123,2.0,2.1802,3.2002,0.93,,,0.5101,0.8064,5.352,0.0,,108719.176,70856.0,48273.361,217438.352,141712.0
805,002232.SZ,20200123,9.07,2.047,4.6934,1.56,51.3464,50.1044,3.27,2.3334,2.5048,0.1433,0.1433,40854.8455,40371.2418,17607.2695,370553.4487,366167.1631
806,600385.SH,20200123,7.69,0.6019,0.8304,1.51,,,20.6723,208.8558,247.592,0.0,,14810.7148,14277.3814,10347.9941,113894.3968,109793.063
807,300044.SZ,20200123,6.85,3.0873,3.2244,0.99,72.1478,78.1773,2.2296,4.2851,3.7918,0.1431,0.1431,79308.9508,52952.1245,50699.5803,543266.313,362722.0528
808,300615.SZ,20200123,18.97,4.0662,4.0662,0.87,231.2603,320.4972,7.5882,15.2006,15.7095,0.2029,0.2029,18983.432,5373.225,5373.225,360115.705,101930.0783
809,603688.SH,20200123,23.2,5.694,16.7569,1.46,54.9716,51.0449,5.4659,12.3564,12.2128,0.5546,0.5546,33729.66,33729.66,11461.285,782528.112,782528.112
810,300489.SZ,20200123,19.8,1.9726,2.8801,1.5,1300.1176,,4.0717,12.219,14.3455,0.0101,0.0101,9075.0,7154.0626,4899.9453,179685.0,141650.4395
811,002026.SZ,20200123,4.99,1.2642,2.1596,1.15,13.4974,18.9408,0.8214,1.2613,1.3698,1.6032,1.6032,42009.8419,40484.1322,23698.8446,209629.1111,202015.8197
812,600240.SH,20200123,0.41,3.9864,6.2565,1.13,,,,0.1195,1.691,0.0,,142425.36,142425.36,90746.1814,58394.3976,58394.3976
813,000333.SZ,20200123,55.1,0.8758,1.297,2.28,19.0014,16.2567,3.913,1.4804,1.3988,2.2272,2.2272,697665.0332,681135.1576,459930.4963,38441343.3293,37530547.1838
814,000996.SZ,20200123,9.54,3.7796,4.6919,1.65,216.7515,292.0494,5.9466,49.4569,45.9143,0.0,,34500.0,34500.0,27792.24,329130.0,329130.0
815,300511.SZ,20200123,7.14,2.8496,3.0345,0.81,20.2345,24.0059,1.8794,1.6597,1.6468,1.6807,1.6807,42923.9925,24646.7424,23145.3349,306477.3065,175977.7407
816,002570.SZ,20200123,5.48,1.658,3.2718,0.87,136.291,,3.3264,2.2496,2.0767,0.0,,102252.0,102246.525,51813.636,560340.96,560310.957
817,600793.SH,20200123,15.12,1.2012,2.6021,0.45,10.9511,,2.7446,1.4779,1.4244,0.0,,12636.0,10530.0,4860.82,191056.32,159213.6
818,000619.SZ,20200123,5.44,1.3696,2.0577,2.23,201.84,73.4954,0.792,0.6337,0.5641,0.0,,36000.0,36000.0,23962.0607,195840.0,195840.0
819,002790.SZ,20200123,6.26,0.93,1.7468,1.24,15.9215,14.6318,1.617,2.5801,2.3728,2.9952,2.9952,40960.0,25292.8,13465.6,256409.6,158332.928
820,300097.SZ,20200123,8.74,2.8264,3.3512,0.81,20.5682,,1.3621,2.5842,5.9167,0.0,,28854.9669,20184.4041,17023.8565,252192.4107,176411.6918
821,603766.SH,20200123,3.63,0.7665,1.5352,1.81,8.1089,8.0658,1.0633,0.6653,0.6928,0.0,,205354.185,205354.185,102530.5795,745435.6916,745435.6916
822,000004.SZ,20200123,22.82,3.1298,4.8065,1.25,,,2.7361,10.2666,17.2092,0.0,,16505.2625,8392.0684,5464.6236,376650.0903,191507.0009
823,002350.SZ,20200123,5.82,0.9959,1.9077,0.83,28.0492,34.5443,1.6733,1.1251,1.1781,1.0237,1.0237,49306.6161,48846.4608,25499.4883,286964.5057,284286.4019
824,600505.SH,20200123,8.96,1.3455,3.0472,0.97,51.8269,57.0207,2.7712,3.4553,3.478,0.5804,0.5804,36456.75,36456.75,16096.8977,326652.48,326652.48
825,002681.SZ,20200123,5.1,5.5634,7.0626,1.31,,,1.972,3.0998,3.0243,0.0,,203339.4372,107959.2001,85041.4307,1037031.1297,550591.9205
826,000875.SZ,20200123,3.8,1.8198,2.533,0.68,71.164,19.9051,1.0775,1.1171,0.9721,0.0,,214631.398,214629.2305,154198.1982,815599.3124,815591.0759
827,002663.SZ,20200123,2.56,3.5902,4.0858,4.34,107.4877,598.5621,0.8805,1.2081,1.3518,0.1172,0.1172,179589.0452,128221.6566,112669.7732,459747.9557,328247.4409
828,002572.SZ,20200123,19.69,2.6707,3.1159,1.59,18.7312,18.199,3.5347,2.4572,2.39,2.5398,2.5398,91237.0038,63717.5338,54612.8438,1796456.6048,1254598.2405
829,600187.SH,20200123,2.49,0.953,1.1293,1.46,396.0453,151.0657,1.2075,8.8002,8.9889,0.0,,165393.5128,145562.4228,122831.1728,411829.8469,362450.4328
830,300153.SZ,20200123,6.3,1.2475,2.6266,1.43,111.7111,,2.1365,1.5375,1.7899,0.7937,0.7937,32000.0,31734.7386,15072.2586,201600.0,199928.8532
831,000861.SZ,20200123,2.37,0.4396,0.9691,0.92,38.4868,42.0554,1.509,2.1141,2.2689,0.6993,0.6993,223628.5619,204477.7556,92749.8263,529999.6917,484612.2808
832,002083.SZ,20200123,6.42,1.3017,1.786,1.34,13.408,12.1943,1.6108,1.1274,1.1371,1.5125,1.5125,90800.0005,87667.3945,63896.4045,582936.0032,562824.6727
833,300658.SZ,20200123,14.61,5.572,5.572,0.82,45.5854,28.2196,2.7033,2.8919,2.2044,1.0154,1.0154,15167.5,4200.0,4200.0,221597.175,61362.0
834,603197.SH,20200123,31.81,5.5225,5.5225,0.91,34.1119,34.5613,5.0745,2.2922,1.7729,0.7904,0.7904,16607.7947,9840.1678,9840.1678,528293.9494,313015.7377
835,600196.SH,20200123,26.18,1.4476,2.7133,1.03,24.7779,25.0597,2.1903,2.6927,2.396,1.2223,1.2223,256289.8545,201095.8045,107286.2755,6709668.3908,5264688.1618
836,002329.SZ,20200123,4.7,1.7118,1.8706,1.21,,,1.8295,1.6854,1.7105,0.0,,83764.0035,49698.6446,45480.2447,393690.8165,233583.6296
837,600757.SH,20200123,5.87,0.9491,2.18,1.38,9.7232,9.621,0.9968,0.6875,0.8631,2.5554,2.5554,121365.0273,121349.7103,52830.0866,712412.7103,712322.7995
838,000615.SZ,20200123,3.98,1.0713,2.2581,1.47,19.7915,28.6068,1.7493,1.0779,1.0365,0.0,,78230.7677,74949.1368,35555.9442,311358.4554,298297.5645
839,002420.SZ,20200123,3.88,1.1117,1.5891,1.39,,,4.0907,0.3176,0.4101,0.0,,40100.0,39171.7442,27404.3442,155588.0,151986.3675
840,300154.SZ,20200123,5.41,1.0136,2.152,1.45,23.0119,21.5573,1.5024,4.2691,4.6722,3.6969,3.6969,45577.0,31737.715,14947.725,246571.57,171701.0382
841,002249.SZ,20200123,3.84,2.6161,3.4092,1.07,,,1.3028,1.0516,1.0086,0.0,,236553.0164,163601.432,125543.0458,908363.583,628229.4989
842,000622.SZ,20200123,4.99,2.7045,4.3831,0.91,673.0501,122.2425,10.3003,10.8588,5.5507,0.0,,42522.6,42522.6,26237.9347,212187.774,212187.774
843,300329.SZ,20200123,8.03,2.0453,3.6914,1.32,37.3536,39.3817,2.1606,3.8607,3.7544,0.436,0.436,25357.938,25171.4581,13946.6381,203624.2421,202126.8085
844,600249.SH,20200123,4.12,1.2258,2.0205,1.31,104.3292,82.7825,1.2559,1.8205,1.8395,0.0,,55000.0,55000.0,33368.0181,226600.0,226600.0
845,603826.SH,20200123,21.54,3.3883,5.0238,1.04,55.9398,64.7519,7.3576,17.1799,17.2074,0.5571,0.5571,46800.0,18945.7572,12777.7298,1008072.0,408091.6101
846,600397.SH,20200123,2.42,1.5826,2.6091,1.37,37.2756,,3.1484,0.4745,0.4332,0.0,,98995.9882,98995.9882,60047.3792,239570.2914,239570.2914
847,000428.SZ,20200123,2.54,0.4497,1.0884,1.19,,,1.1011,2.7012,2.2811,0.0,,101892.6,101888.445,42097.553,258807.204,258796.6503
848,600321.SH,20200123,2.19,0.5586,1.0754,1.51,91.0362,118.0235,1.2249,1.6802,2.148,0.0,,151055.0,151055.0,78464.5469,330810.45,330810.45
849,600648.SH,20200123,16.93,0.3124,0.8779,0.96,23.1469,21.1814,1.7998,2.4928,2.1904,1.2995,1.2995,113534.9124,93479.1624,33266.4508,1922146.0669,1582602.2194
850,600967.SH,20200123,10.61,1.3015,1.7459,0.91,33.5841,29.6068,2.029,1.4614,1.418,0.3016,0.3016,168963.1817,96049.8197,71604.003,1792699.3578,1019088.587
851,600039.SH,20200123,3.33,0.7326,1.2282,0.94,10.2609,8.225,0.8209,0.3004,0.2592,1.5015,1.5015,361052.551,345707.2825,206206.7454,1202304.9948,1151205.2507
852,000031.SZ,20200123,6.34,0.8646,1.6397,0.95,19.5678,9.3192,1.3828,1.9246,0.9508,1.5891,1.5891,428631.3339,181372.2958,95636.8818,2717522.6569,1149900.3554
853,000738.SZ,20200123,12.9,0.7738,1.6101,1.4,56.9907,53.1,2.6519,5.3811,4.9965,0.3101,0.3101,114564.2349,114563.4399,55055.8567,1477878.6302,1477868.3747
854,600888.SH,20200123,4.34,0.9146,1.4593,1.65,24.7761,27.7365,1.0072,0.9226,0.9239,1.3424,1.3424,103547.324,84047.5734,52673.795,449395.3862,364766.4686
855,600340.SH,20200123,26.4,0.4674,0.6801,1.5,6.7727,5.8434,1.9942,0.9493,0.7725,4.5287,4.5287,301328.5909,297922.2909,204731.7851,7955074.7998,7865148.4798
856,603159.SH,20200123,11.37,1.1395,3.0722,1.01,37.0825,64.0851,3.7883,2.4976,2.8608,0.9423,0.9423,14000.0,14000.0,5192.6,159180.0,159180.0
857,600812.SH,20200123,9.22,3.5438,7.4858,0.62,99.81,90.9925,2.7353,1.6319,1.48,0.3254,0.3254,163080.4729,163080.4729,77203.1554,1503601.9601,1503601.9601
858,300156.SZ,20200123,1.46,2.9058,3.8711,1.25,,,4.8138,28.7717,,0.0,,101002.4415,72180.0,54181.9424,147463.5646,105382.8
859,002712.SZ,20200123,7.05,2.3868,3.0159,0.98,129.9888,177.6668,1.2633,0.7757,1.3037,0.1154,0.1154,58120.2488,37547.7275,29715.8301,409747.754,264711.4789
860,000061.SZ,20200123,5.21,0.5299,0.8032,1.46,206.7286,55.3612,1.7513,3.8406,3.2603,0.1919,0.1919,169696.4131,169541.6233,111849.857,884118.3123,883311.8574
861,000498.SZ,20200123,4.5,0.3914,1.0692,1.44,7.5957,7.8108,0.9187,0.3413,0.219,1.6667,1.6667,112013.9063,112008.0313,40999.9383,504062.5784,504036.1409
862,000555.SZ,20200123,16.24,3.2834,8.0245,1.0,374.3562,,3.1002,1.7361,1.7241,0.214,0.214,97038.1273,94108.4909,38505.8817,1575899.1874,1528321.8922
863,603986.SH,20200123,283.0,3.6414,5.1442,1.58,224.3531,186.444,18.3425,40.46,33.3041,0.0894,0.0894,32107.5826,28306.6188,20037.4188,9086445.8758,8010773.1204
864,688058.SH,20200123,131.12,10.1132,10.1132,0.77,101.9447,95.0061,5.833,42.8602,40.4588,,,4000.0,909.6687,909.6687,524480.0,119275.7599
865,000737.SZ,20200123,2.78,0.9872,1.4473,2.32,5.7121,3.5278,3.982,0.8349,1.2376,0.0,,54876.0,54876.0,37430.431,152555.28,152555.28
866,002711.SZ,20200123,1.19,0.7552,1.5603,0.33,,,,0.2571,9.1734,0.0,,105607.04,105309.8491,50973.1938,125672.3776,125318.7204
867,300342.SZ,20200123,11.08,11.4625,21.5742,3.34,49.1713,45.3277,3.4883,6.4162,5.9445,1.333,1.333,43184.4272,40237.5465,21378.5311,478483.4534,445832.0152
868,603316.SH,20200123,8.88,1.404,1.5625,1.24,32.1747,48.7841,2.1135,2.3402,2.4282,0.6306,0.6306,20328.0,10507.6598,9442.1756,180512.64,93308.019
869,600626.SH,20200123,6.28,2.8227,3.883,1.03,42.748,13.4632,1.4597,0.3277,0.3512,0.7962,0.7962,85229.1316,80815.6847,58746.4337,535238.9464,507522.4999
870,002930.SZ,20200123,14.25,3.9978,3.9978,1.26,47.3544,33.9633,2.6715,12.2179,10.4238,1.5038,1.5038,34131.7508,13771.282,13771.282,486377.4489,196240.7685
871,000407.SZ,20200123,3.46,1.1377,1.4116,1.73,29.6993,23.8046,1.265,0.6512,0.5523,0.0,,88008.4656,87574.383,70578.1571,304509.291,303007.3652
872,000668.SZ,20200123,13.69,1.3056,2.1928,0.57,227.713,28.8569,2.0836,8.0907,4.1925,0.2922,0.2922,14684.189,14668.8393,8733.989,201026.5474,200816.41
873,603617.SH,20200123,14.93,6.1129,6.2644,0.55,30.9273,31.5362,3.7343,3.3385,3.3338,1.0047,1.0047,14250.46,4336.318,4231.428,212759.3678,64741.2277
874,603601.SH,20200123,8.38,1.7805,3.5708,1.05,37.0516,34.2022,4.3214,5.4426,5.3041,1.3769,1.3769,70281.5912,70281.5912,35044.2072,588959.7343,588959.7343
875,600232.SH,20200123,7.53,6.9183,13.454,1.14,108.1493,117.2268,2.4789,2.2903,2.385,1.3017,1.3017,36471.8544,36471.8544,18754.5093,274633.0636,274633.0636
876,002749.SZ,20200123,11.87,0.9009,1.5299,0.79,18.8436,18.4865,4.0449,5.1079,4.4831,1.1411,1.1411,37240.8863,23765.589,13994.9087,442049.3204,282097.5414
877,603035.SH,20200123,15.41,5.1074,9.1881,1.42,12.6875,18.4004,1.6524,2.9475,2.5475,2.4335,2.4335,28000.0,28000.0,15564.4897,431480.0,431480.0
878,000078.SZ,20200123,4.82,8.4139,15.6959,2.38,32.1098,38.2249,2.0881,0.3469,0.3227,0.4149,0.4149,276258.3257,262196.0808,140551.568,1331565.1299,1263785.1095
879,300128.SZ,20200123,3.66,1.9014,2.6569,1.33,,,3.3249,1.5617,2.3568,0.0,,109411.5412,107220.5348,76732.0768,400446.2408,392427.1574
880,300491.SZ,20200123,13.02,1.8792,4.0531,1.04,,1213.283,3.144,12.9215,8.8831,0.0,,16076.1503,11821.1443,5480.9248,209311.4769,153911.2988
881,002677.SZ,20200123,12.88,2.8048,4.0784,1.87,22.0413,19.1419,6.1456,5.9399,5.1691,3.6102,3.6102,64605.1647,31333.8522,21549.414,832114.5213,403580.0163
882,603717.SH,20200123,8.83,2.4902,2.5153,1.27,23.2934,27.6227,1.5368,2.0378,2.3735,0.0,,24179.624,12207.944,12086.0131,213506.0799,107796.1455
883,600051.SH,20200123,5.84,0.6741,0.9505,1.07,7.3074,8.1533,0.7585,0.4494,0.5137,2.5685,2.5685,31088.0,31088.0,22046.24,181553.92,181553.92
884,002674.SZ,20200123,10.54,0.5616,1.5189,0.82,27.5094,20.5745,1.4285,1.7622,1.9499,5.6926,5.6926,30208.2162,29908.287,11058.852,318394.5987,315233.345
885,300777.SZ,20200123,33.95,11.8684,11.8684,1.15,112.6982,90.8661,14.7989,63.8772,53.9534,0.0,,40001.0,4001.0,4001.0,1358033.95,135833.95
886,300231.SZ,20200123,8.76,6.5901,7.1104,1.48,34.4204,30.2969,3.1649,3.175,2.8078,1.6652,1.6652,44210.022,35868.2201,33243.4821,387279.7927,314205.6081
887,603056.SH,20200123,10.78,1.9021,1.9021,1.77,14.7754,29.3185,2.6592,0.4495,0.4071,2.0315,2.0315,96000.0,21765.8855,21765.8855,1034880.0,234636.2457
888,603863.SH,20200123,14.55,5.3468,5.3468,0.88,31.5648,35.1208,2.7437,4.9832,5.0323,0.0,,20589.4,5147.4,5147.4,299575.77,74894.67
889,002060.SZ,20200123,2.92,0.6841,1.0917,2.06,17.4876,15.2948,1.1199,0.4225,0.3245,1.1986,1.1986,120226.2058,120172.1856,75302.7716,351060.5209,350902.782
890,002492.SZ,20200123,5.43,2.5478,4.5423,0.97,38.1907,46.0082,1.7355,8.6387,8.4224,0.7366,0.7366,40500.0,39813.1742,22331.4242,219915.0,216185.5359
891,002782.SZ,20200123,10.72,0.8906,3.261,1.21,53.7266,52.7631,5.263,4.176,4.4166,0.9328,0.9328,42600.0,42600.0,11634.5723,456672.0,456672.0
892,300402.SZ,20200123,8.81,1.0353,3.2098,1.03,121.578,66.6646,2.8328,2.493,2.0526,0.2838,0.2838,20200.0,20200.0,6515.0,177962.0,177962.0
893,002089.SZ,20200123,2.0,5.3932,5.6993,2.13,,,3.6221,3.6213,2.736,0.0,,137466.9616,115483.071,109279.6683,274933.9232,230966.142
894,600861.SH,20200123,9.56,0.6511,0.99,0.98,74.8912,148.0896,1.2922,1.5779,1.4862,0.523,0.523,31680.4949,31680.4949,20835.2552,302865.5312,302865.5312
895,601958.SH,20200123,7.29,0.4165,1.6648,1.18,61.6787,41.7873,1.7958,2.6795,2.5703,1.9204,1.9204,322660.44,322660.44,80715.44,2352194.6076,2352194.6076
896,000701.SZ,20200123,4.52,1.2373,1.7686,0.79,81.5946,,0.7098,0.0283,0.022,0.2876,0.2876,40661.3056,40661.3056,28445.1448,183789.1013,183789.1013
897,000739.SZ,20200123,14.5,1.6614,3.2477,0.86,46.1147,32.3172,4.6868,2.68,2.3991,0.7586,0.7586,117852.3492,114682.4065,58667.2949,1708859.0634,1662894.8943
898,002314.SZ,20200123,2.87,0.6257,1.033,1.36,15.402,22.0479,0.9525,1.1021,1.3239,0.0,,270778.2513,113748.9881,68896.2773,777133.5812,326459.5958
899,600744.SH,20200123,2.38,0.9477,1.2678,1.84,72.1229,,1.4331,0.4421,0.485,0.0,,178112.4274,82763.4402,61865.1394,423907.5772,196976.9877
900,600329.SH,20200123,14.13,1.5448,3.6422,1.13,19.4412,18.0241,2.0869,1.7173,1.5947,1.5463,1.5463,77280.3076,56586.8076,24001.2548,1091970.7464,799571.5914
901,601199.SH,20200123,3.74,0.4811,1.3469,1.7,17.9535,15.2016,1.2284,3.8926,3.6691,1.8717,1.8717,93521.0292,93521.0292,33408.1588,349768.6492,349768.6492
902,600161.SH,20200123,31.32,1.5832,3.5078,1.33,64.2635,56.473,8.6282,11.1703,9.6471,0.133,0.133,104536.6807,104536.6807,47180.1826,3274088.8395,3274088.8395
903,002185.SZ,20200123,9.41,10.5451,14.2743,1.25,66.1409,112.0929,3.3776,3.6204,3.362,0.1653,0.1653,274000.3774,273931.5082,202365.8961,2578343.5513,2577695.4922
904,002337.SZ,20200123,3.5,0.7285,1.1376,1.63,278.0519,122.88,1.7113,4.5773,4.7685,0.0,,58861.575,58773.0751,37636.0751,206015.5125,205705.7629
905,002295.SZ,20200123,7.01,0.9435,1.7081,2.05,36.758,32.6044,1.4818,0.3051,0.3317,0.8559,0.8559,25061.6,25018.025,13819.555,175681.816,175376.3553
906,603960.SH,20200123,32.27,3.2172,3.2172,1.22,87.0594,61.1522,10.394,9.725,7.2961,0.2312,0.2312,17576.0,6735.0956,6735.0956,567177.52,217341.535
907,600068.SH,20200123,6.29,0.833,1.4446,1.47,6.2185,5.7142,0.9999,0.2878,0.2728,2.8617,2.8617,460477.7412,460477.7412,265532.9173,2896404.9921,2896404.9921
908,600584.SH,20200123,26.24,11.7305,11.7305,1.74,,,3.4169,1.763,1.9147,0.0,,160287.4555,98457.0,98457.0,4205942.8323,2583511.68
909,002779.SZ,20200123,15.48,0.4173,1.2227,1.4,173.5386,165.9658,3.158,4.9116,4.9809,0.1163,0.1163,13200.0,11843.4525,4042.5,204336.0,183336.6447
910,688159.SH,20200123,56.61,67.6417,67.6417,,119.3229,106.2745,5.7684,9.3155,7.0019,,,9167.9495,1866.0655,1866.0655,518997.6212,105637.968
911,000593.SZ,20200123,5.76,0.9094,1.6046,1.49,,,2.1853,3.2739,2.5599,0.0,,35863.1009,35848.3169,20317.6813,206571.4612,206486.3053
912,603256.SH,20200123,13.77,7.0582,7.0582,1.1,71.192,102.7696,8.6203,14.6125,17.7787,0.7262,0.7262,87780.0,8780.0,8780.0,1208730.6,120900.6
913,600316.SH,20200123,13.92,1.8816,3.6292,1.04,67.2799,69.4608,2.0777,4.1286,3.0821,0.0862,0.0862,71711.4512,71711.4512,37180.2292,998223.4007,998223.4007
914,300502.SZ,20200123,51.9,9.6335,10.3597,1.03,385.5272,76.9911,9.8549,16.1487,12.3075,0.233,0.233,23645.915,15799.7443,14692.2841,1227222.9885,820006.7292
915,000790.SZ,20200123,5.1,7.2206,9.3897,1.59,100.8503,46.0064,3.606,4.9627,4.3245,0.5348,0.5348,61636.0564,61577.024,47352.0846,314343.8876,314042.8224
916,603229.SH,20200123,23.11,4.1975,4.971,1.01,84.2967,59.827,5.7858,15.1612,12.6171,0.238,0.238,16000.0,5398.0,4558.0,369760.0,124747.78
917,600818.SH,20200123,11.0,0.8235,1.7907,0.68,697.7148,,5.9449,6.6867,6.1203,0.4545,0.4545,32144.791,23795.791,10942.7176,353592.701,261753.701
918,601137.SH,20200123,10.54,1.8605,5.2741,1.44,21.1546,17.6083,1.9729,1.1896,1.0454,0.6807,0.6807,68452.0473,61450.6331,21677.9898,721484.5785,647689.6729
919,603898.SH,20200123,15.64,0.3697,1.1252,1.16,12.668,14.3785,2.0008,2.2704,2.2303,2.3721,2.3721,30960.0686,30960.0686,10171.3386,484215.4729,484215.4729
920,603909.SH,20200123,13.97,1.107,1.6278,0.84,29.4886,26.0365,2.7012,3.177,2.6436,0.6911,0.6911,14331.8,14165.9,9633.4,200215.246,197897.623
921,601066.SH,20200123,33.9,10.8346,19.4542,1.63,83.9565,47.1151,4.5812,23.7653,18.93,0.531,0.531,764638.5238,86437.5185,48139.5917,25921245.9568,2930231.8772
922,002820.SZ,20200123,11.52,1.0748,2.4822,0.84,28.0432,28.5484,2.2207,4.9077,4.7726,1.7028,1.7028,20480.0,20273.5721,8778.413,235929.6,233551.5506
923,002198.SZ,20200123,5.21,4.6767,6.0122,1.4,73.6965,66.8172,3.2803,4.924,4.8958,0.0,,50750.9848,50750.9848,39476.8848,264412.6308,264412.6308
924,601866.SH,20200123,2.43,0.2695,0.6071,1.08,20.3494,15.0704,1.6848,1.7265,2.1042,1.358,1.358,1160812.5,793212.5,352150.0614,2820774.375,1927506.375
925,603665.SH,20200123,21.51,1.4835,1.752,1.26,25.7398,28.2442,2.0563,2.3758,2.1548,0.9298,0.9298,10000.0,3727.0834,3155.8334,215100.0,80169.5639
926,603121.SH,20200123,19.66,2.9621,3.6494,0.66,54.1246,45.3571,3.9115,8.2825,7.1609,0.5722,0.5722,21600.0,9907.26,8041.26,424656.0,194776.7316
927,002937.SZ,20200123,15.23,5.2732,5.2732,1.32,40.8725,33.2237,5.0579,4.4049,4.334,1.2311,1.2311,29440.0,9592.9504,9592.9504,448371.2,146100.6346
928,600359.SH,20200123,5.3,3.2213,5.3974,1.79,,,4.6298,3.2272,4.1946,0.0,,38151.282,38151.282,22769.7245,202201.7946,202201.7946
929,000862.SZ,20200123,4.95,1.7243,2.0484,1.18,65.7576,208.1814,1.3335,2.9252,2.5772,0.0,,70611.8997,50135.289,42202.9097,349528.9035,248169.6806
930,300048.SZ,20200123,2.31,1.633,2.1013,1.45,,,1.1407,2.1336,2.6218,0.0,,111417.7357,108953.6182,84670.5457,257374.9695,251682.858
931,603687.SH,20200123,13.77,5.5424,5.5424,1.13,40.0245,41.6895,3.9605,4.4011,4.4474,,,41083.0732,5000.0,5000.0,565713.918,68850.0
932,002722.SZ,20200123,14.0,1.8694,3.6874,1.19,20.2108,21.6394,1.3027,1.0771,1.071,1.4286,1.4286,17546.6542,17223.7562,8731.7883,245653.1588,241132.5868
933,000958.SZ,20200123,5.26,0.9818,1.4755,1.23,203.7036,142.6358,1.5789,9.5703,9.4367,0.1946,0.1946,538341.852,109927.3226,73145.7226,2831678.1415,578217.7169
934,000048.SZ,20200123,21.94,0.2432,0.8535,1.01,20.1892,13.6309,6.6217,2.5693,2.508,,,40249.1731,40242.8671,11465.0118,883066.8578,882928.5042
935,002075.SZ,20200123,6.16,1.7636,2.6178,1.5,11.5491,24.5432,2.8292,0.924,0.9979,0.487,0.487,220677.1772,220677.0722,148669.8996,1359371.4116,1359370.7648
936,600234.SH,20200123,9.56,0.4123,0.6916,1.49,,,30.7211,13.2202,11.3281,0.0,,20244.588,20244.588,12068.3076,193538.2613,193538.2613
937,603881.SH,20200123,39.45,3.7909,5.7308,0.91,58.1542,59.1303,7.6848,9.1325,8.531,0.1774,0.1774,21058.6508,12784.4558,8456.9677,830763.7741,504346.7813
938,000725.SZ,20200123,4.72,3.1548,4.4197,1.5,47.8144,86.0705,1.8931,1.6914,1.4488,0.6356,0.6356,3479839.8763,3385974.9557,2416971.0867,16424844.2161,15981801.7909
939,000543.SZ,20200123,4.36,1.381,2.5214,1.35,17.7676,10.4199,0.7546,0.7367,0.6365,0.7971,0.7971,226686.3331,179039.5978,98063.3989,988352.4123,780612.6464
940,002799.SZ,20200123,19.39,2.5556,9.2932,0.64,103.4602,51.3203,4.9964,5.2394,2.8207,0.1805,0.1805,15000.0,15000.0,4125.0,290850.0,290850.0
941,603390.SH,20200123,16.28,10.5939,10.5939,1.12,33.4194,33.361,3.4023,6.0112,6.5863,,,35168.6984,8792.18,8792.18,572546.41,143136.6904
942,002576.SZ,20200123,9.45,1.6368,2.2857,0.94,80.5585,51.8729,1.7535,1.3505,1.2328,0.5291,0.5291,16510.0,16441.5254,11773.6254,156019.5,155372.415
943,600568.SH,20200123,1.54,3.4908,5.0763,0.96,,,0.7622,5.3574,7.0467,0.0,,199286.9681,156494.8288,107615.2955,306901.9309,241002.0364
944,002601.SZ,20200123,16.19,0.764,1.0416,1.24,14.393,13.8162,2.4721,3.151,3.0782,5.2502,5.2502,203202.0889,202718.4087,148685.1554,3289841.8193,3282011.0369
945,600318.SH,20200123,6.32,1.3611,2.2369,1.87,61.2495,60.4685,2.5369,6.0832,6.2276,0.0,,51336.4429,48400.0,29450.8693,324446.3191,305888.0
946,300110.SZ,20200123,4.19,1.9929,3.7951,1.01,127.6838,135.9112,2.2824,3.5795,3.3732,0.716,0.716,118221.2982,117803.195,61862.4303,495347.2395,493595.3871
947,002171.SZ,20200123,7.02,1.5915,2.6939,1.32,22.9136,20.1103,1.708,0.7143,0.5498,0.0,,133366.7825,105503.3559,62329.3999,936234.8132,740633.5584
948,002775.SZ,20200123,5.61,0.7372,1.0627,1.48,11.527,11.3885,1.1494,1.0096,0.9866,6.9973,6.9973,51276.03,41646.15,28887.95,287658.5283,233634.9015
949,600678.SH,20200123,6.5,5.3891,6.779,0.93,71.5964,76.7386,21.8728,5.3498,7.2048,0.0,,34899.0,34899.0,27743.6516,226843.5,226843.5
950,300287.SZ,20200123,4.33,7.6703,8.1419,1.06,,,1.6197,4.3594,7.9469,0.0,,143527.3808,113153.9707,106599.4883,621473.5589,489956.6931
951,603169.SH,20200123,5.33,1.144,3.4888,1.83,,,3.07,2.2007,2.0026,0.0,,105150.2526,104367.6438,34223.6734,560450.8464,556279.5415
952,002758.SZ,20200123,10.7,2.7318,4.1587,1.34,65.0558,66.1529,3.5671,1.4767,1.3524,0.7472,0.7472,21014.3883,17536.6396,11519.8208,224853.9548,187642.0437
953,600227.SH,20200123,2.63,0.629,0.826,1.01,22.3722,,1.3983,1.8319,2.0778,0.0,,169313.4201,127817.9547,97336.1635,445294.2949,336161.2209
954,603336.SH,20200123,13.24,1.6797,4.2397,1.34,46.4982,41.0085,3.4774,3.9088,3.5728,0.6972,0.6972,22536.15,22536.15,8928.4464,298378.626,298378.626
955,001979.SZ,20200123,18.13,0.2208,0.6142,1.15,9.4173,11.9027,2.1985,1.6258,1.7931,4.2539,4.2539,791620.8077,791578.0218,284634.9337,14352085.2436,14351309.5352
956,603626.SH,20200123,12.1,10.6964,10.8467,1.25,41.1291,,3.0301,2.1293,2.2821,2.066,2.066,42380.9606,16900.9606,16666.9045,512809.6233,204501.6233
957,002635.SZ,20200123,24.6,18.9502,25.0001,2.3,30.9676,37.4948,2.5401,4.7702,5.2368,0.4072,0.4072,68921.0071,36255.9361,27482.1682,1695456.7747,891896.0281
958,300741.SZ,20200123,30.33,1.3791,1.3791,1.44,15.8882,15.2605,2.5337,8.6118,8.496,13.1883,13.1883,61588.0,11588.0,11588.0,1867964.04,351464.04
959,002587.SZ,20200123,7.82,4.2067,4.7331,1.32,26.9878,23.3327,3.6274,3.0817,3.5617,1.2683,1.2683,62003.7084,42215.6664,37520.2789,484868.9997,330126.5112
960,002512.SZ,20200123,6.02,4.5141,6.7484,0.92,,,4.3341,2.4022,2.9756,0.0,,114470.9132,85483.4684,57181.5397,689114.8975,514610.4798
961,600966.SH,20200123,6.94,1.9899,3.8893,0.64,36.2493,,1.7584,1.1125,1.1005,0.245,0.245,133684.4288,133684.4288,68397.8451,927769.9359,927769.9359
962,002893.SZ,20200123,11.68,2.6532,2.899,1.12,43.664,33.3462,2.9831,1.9315,1.9586,1.3182,1.3182,15974.92,8364.2462,7655.0758,186587.0656,97694.3956
963,002243.SZ,20200123,14.37,2.2937,4.7308,1.32,203.8378,139.9374,2.3479,12.2228,11.2785,0.109,0.109,116460.6059,36494.8956,17694.5404,1673538.9068,524431.6498
964,002898.SZ,20200123,13.45,2.5399,2.9595,0.79,35.3338,66.2964,3.3085,4.9327,6.6053,1.487,1.487,16000.0,5983.8027,5135.487,215200.0,80482.1463
965,002760.SZ,20200123,18.21,1.9782,3.4888,0.53,52.6059,30.3621,2.8965,3.4187,3.1188,0.0,,8800.0,7256.4804,4114.5899,160248.0,132140.5081
966,300059.SZ,20200123,15.08,4.4982,5.1925,1.7,105.6346,65.2376,4.8742,77.3311,75.3953,0.1105,0.1105,671560.8655,543539.737,470869.4989,10127137.8517,8196579.234
967,000661.SZ,20200123,498.0,1.3574,1.7487,1.23,100.125,71.5526,8.0138,18.7489,15.0884,0.135,0.135,20236.0145,17001.1995,13197.3518,10077535.221,8466597.351
968,603177.SH,20200123,9.4,2.503,2.503,1.17,147.6765,1669.3367,3.6581,2.5439,2.5368,0.0,,20200.0,6175.0,6175.0,189880.0,58045.0
969,000921.SZ,20200123,11.31,1.6553,3.8749,1.97,11.189,9.7576,1.8612,0.4279,0.4504,2.679,2.679,136272.537,90212.4952,38536.6282,1541242.3935,1020303.3207
970,002496.SZ,20200123,2.5,1.1272,1.3797,0.82,,,1.2712,1.4961,3.225,0.0,,150756.2244,96875.1818,79144.2805,376890.561,242187.9545
971,600749.SH,20200123,9.02,0.7078,1.669,1.16,96.2708,80.7738,1.8951,11.4627,10.9498,0.0,,22696.5517,22696.5517,9625.2234,204722.8963,204722.8963
972,000023.SZ,20200123,12.35,1.3706,2.1493,1.27,65.1067,24.5234,3.5891,1.0635,0.9098,0.4858,0.4858,13875.624,13875.624,8848.3032,171363.9564,171363.9564
973,002657.SZ,20200123,17.22,12.7359,13.7926,2.43,708.0894,141.619,2.215,3.9129,3.5927,0.029,0.029,33757.6686,28220.5806,26058.4117,581307.0533,485958.3979
974,600117.SH,20200123,3.37,0.6101,1.6984,1.35,,,2.9555,0.519,0.4246,0.0,,104511.8252,104511.8252,37544.9068,352204.8509,352204.8509
975,600919.SH,20200123,6.95,0.3167,0.4146,1.53,6.1412,5.4884,0.7412,2.2778,1.784,4.8921,4.8921,1154449.9981,1140577.7258,871158.5389,8023427.4868,7927015.1943
976,603326.SH,20200123,17.58,2.1665,2.1665,0.65,39.0561,29.8368,4.4396,3.6755,3.1528,0.8448,0.8448,22623.0,6436.64,6436.64,397712.34,113156.1312
977,300775.SZ,20200123,34.27,7.8202,7.8202,0.98,113.5032,96.3886,9.9357,36.4611,29.8566,0.2918,0.2918,49550.0,4955.0,4955.0,1698078.5,169807.85
978,300043.SZ,20200123,5.56,3.3276,4.8819,1.29,29.0097,18.9488,2.2458,2.4528,2.6203,0.5396,0.5396,124419.8401,91486.242,62358.5253,691774.311,508663.5055
979,002164.SZ,20200123,3.61,1.5302,2.564,1.15,,5.2832,3.8093,0.2147,4.1259,0.0,,69934.7282,43612.5157,26028.37,252464.3688,157441.1817
980,300248.SZ,20200123,9.88,7.7855,8.8232,0.98,49.4544,36.4945,3.0561,5.6746,5.1233,0.4049,0.4049,48109.2495,32029.2769,28262.2992,475319.3851,316449.2558
981,600307.SH,20200123,1.9,0.5497,1.2157,1.43,10.8911,9.3558,1.0054,0.2619,0.2638,0.0,,626335.7424,626335.7424,283175.6474,1190037.9106,1190037.9106
982,002763.SZ,20200123,8.47,1.2626,2.0083,0.82,21.0502,17.2536,1.8617,1.4809,1.3696,5.017,5.017,41172.5,18287.4195,11496.9195,348731.075,154894.4432
983,603711.SH,20200123,23.95,6.998,6.998,1.04,31.8246,27.5958,4.3341,3.0806,2.5348,1.0468,1.0468,41817.11,4885.286,4885.286,1001519.7845,117002.5997
984,600246.SH,20200123,5.2,0.635,1.8661,1.33,32.6358,46.8917,1.4535,2.9305,6.8637,0.9231,0.9231,205400.9302,205400.9302,69898.4941,1068084.837,1068084.837
985,600739.SH,20200123,16.33,1.5687,2.2225,1.43,32.7899,22.483,1.1613,1.296,1.3222,0.0,,152970.9816,152970.9816,107968.9328,2498016.1295,2498016.1295
986,300054.SZ,20200123,9.91,5.8128,6.4899,1.35,33.1809,40.5442,2.4543,7.2715,8.4902,0.1891,0.1891,98146.8251,70943.0614,63541.1606,972635.0367,703045.7385
987,600963.SH,20200123,4.31,1.0631,1.6967,1.29,16.4656,43.0551,0.7434,0.859,0.8708,0.6265,0.6265,139773.3148,104315.9148,65360.2147,602422.9868,449601.5928
988,000651.SZ,20200123,63.94,0.8904,1.2255,1.49,14.6796,14.1404,3.8162,1.9414,1.8812,3.2843,3.2843,601573.0878,596991.9153,433764.1296,38464583.2339,38171663.0643
989,002809.SZ,20200123,17.27,2.1246,2.5356,1.43,30.3375,20.0803,1.8608,2.2242,1.9554,1.1581,1.1581,12000.0,12000.0,10054.7251,207240.0,207240.0
990,002182.SZ,20200123,10.51,7.0684,8.5351,1.17,20.6187,11.3336,2.9802,1.3319,1.2996,0.9515,0.9515,64642.2538,48931.752,40523.1687,679390.0874,514272.7135
991,000729.SZ,20200123,6.31,0.5023,1.0981,1.31,98.8873,85.403,1.3123,1.5678,1.5491,0.3487,0.3487,281853.9341,250944.3521,114794.393,1778498.3242,1583458.8618
992,300727.SZ,20200123,14.32,3.624,3.624,1.14,27.4622,32.4318,3.2719,2.7874,2.9077,1.0475,1.0475,12688.0,3859.0,3859.0,181692.16,55260.88
993,000810.SZ,20200123,14.2,3.1856,7.8726,1.32,45.8234,25.2469,4.3875,1.9359,1.7533,0.5637,0.5637,105828.3534,98185.0051,39730.1543,1502762.6183,1394227.0724
994,600566.SH,20200123,26.06,1.4836,4.8107,1.0,12.5821,12.606,3.7253,2.9462,3.0122,4.7199,4.7199,81492.2174,81492.2174,25132.6356,2123687.1854,2123687.1854
995,601886.SH,20200123,7.76,0.3688,1.0831,0.82,14.7146,14.1721,1.1026,0.5584,0.5157,3.7955,3.7955,115405.0,115405.0,39295.9334,895542.8,895542.8
996,600529.SH,20200123,32.21,0.9324,1.3131,1.64,53.4991,43.8578,5.1145,7.4146,6.7939,0.6653,0.6653,59496.7747,59496.7747,42247.7072,1916391.1131,1916391.1131
997,601388.SH,20200123,1.8,1.2161,2.0217,1.59,37.3832,54.7617,1.3727,0.579,0.6542,0.5516,0.5516,202540.0,202540.0,121828.55,364572.0,364572.0
998,600449.SH,20200123,10.26,2.2355,4.2629,1.25,11.4556,7.12,0.9037,1.1757,1.0449,2.924,2.924,47818.1042,47818.1042,25076.7748,490613.7491,490613.7491
999,600608.SH,20200123,4.6,1.2315,1.5191,3.07,,2447.4251,26.3426,1.5069,1.3573,0.0,,32886.1441,31837.1441,25809.9759,151276.2629,146450.8629
1000,002144.SZ,20200123,9.64,2.3233,2.4971,2.26,18.7564,19.5216,0.9957,2.6689,2.7153,1.0373,1.0373,17676.2528,13970.377,12998.1561,170399.077,134674.4343
1001,600405.SH,20200123,5.29,2.3671,2.6665,0.97,,,2.8068,3.2566,2.7662,0.0,,55994.2948,55327.5448,49113.6833,296209.8195,292682.712
1002,300389.SZ,20200123,11.34,2.3797,3.4783,0.84,15.0714,19.1808,2.6747,1.8254,1.7106,1.3676,1.3676,31980.2313,16239.2927,11110.3751,362655.8229,184153.5792
1003,000793.SZ,20200123,3.35,3.5318,3.8571,0.85,,,1.3689,1.7678,1.616,0.0,,199724.5457,194265.953,177885.9286,669077.2281,650790.9426
1004,600429.SH,20200123,5.18,0.3187,0.7577,2.01,43.0119,31.4924,1.5088,1.0404,0.9618,0.7143,0.7143,149755.7426,88500.0,37222.6929,775734.7467,458430.0
1005,002765.SZ,20200123,4.74,2.115,3.1642,1.63,825.5513,,1.4242,2.6317,2.9755,0.0,,48148.1597,25439.425,17004.505,228222.277,120582.8745
1006,603929.SH,20200123,14.6,1.6231,4.7965,0.8,19.3376,29.0745,2.7465,1.3809,1.8504,1.7123,1.7123,21336.0,21336.0,7220.0,311505.6,311505.6
1007,300374.SZ,20200123,9.01,0.9634,1.8325,1.36,31.2599,33.0747,1.4672,2.8743,2.8634,0.333,0.333,24591.2337,17041.6625,8959.2933,221567.0156,153545.3791
1008,603700.SH,20200123,26.72,5.6955,5.6955,0.76,30.4454,24.737,3.5836,4.0584,3.4269,1.8713,1.8713,15634.0,7947.9468,7947.9468,417740.48,212369.1385
1009,002960.SZ,20200123,26.07,3.8327,3.8327,1.14,18.1859,17.3509,2.3275,3.5209,2.9372,0.0,,24000.0,6000.0,6000.0,625680.0,156420.0
1010,300594.SZ,20200123,32.67,4.3885,4.3885,1.0,38.0737,33.2765,3.6569,6.1325,5.6995,0.0,,8890.67,2222.67,2222.67,290458.1889,72614.6289
1011,002734.SZ,20200123,13.75,1.6725,2.2787,0.9,19.1165,11.5083,1.9297,2.5936,1.6056,2.5183,2.5183,28655.757,24584.9039,18044.3344,394016.6588,338042.4286
1012,000899.SZ,20200123,4.65,0.1814,0.6829,1.16,24.068,16.0363,0.941,1.767,1.6855,2.5806,2.5806,97567.776,97567.4006,25917.8444,453690.1584,453688.4128
1013,600719.SH,20200123,4.25,0.8426,1.2559,1.12,635.2533,126.0009,2.4449,2.3529,2.333,0.1176,0.1176,40459.96,40459.96,27146.5816,171954.83,171954.83
1014,600857.SH,20200123,9.39,0.4347,0.6561,1.33,57.5073,44.501,4.2932,2.1097,2.1471,0.0,,22431.9919,22431.9919,14864.4198,210636.4039,210636.4039
1015,300601.SZ,20200123,100.22,1.8667,1.8758,0.68,148.4192,131.8782,26.4147,32.0611,33.8346,0.2495,0.2495,64522.091,26227.9645,26100.9788,6466403.96,2628566.6022
1016,000030.SZ,20200123,4.67,0.3338,1.0639,1.5,9.5904,10.094,1.322,1.0768,0.9375,3.1553,3.1553,181055.2111,175988.087,55216.3837,845527.8358,821864.3663
1017,000520.SZ,20200123,3.93,0.7529,0.9937,1.05,64.9758,128.7441,9.7886,4.7321,4.9571,0.0,,101208.3455,101208.3455,76682.7476,397748.7978,397748.7978
1018,601012.SH,20200123,29.05,1.6085,2.4393,1.43,42.8376,25.184,4.2487,4.9836,3.6514,0.3307,0.3307,377201.6757,376754.9777,248446.4562,10957708.6791,10944732.1022
1019,300472.SZ,20200123,12.25,5.815,6.9944,0.91,36.5304,33.9778,2.2333,4.7756,5.1608,0.5699,0.5699,20884.8264,16339.1457,13584.0209,255839.1234,200154.5348
1020,300136.SZ,20200123,44.0,4.9936,5.3185,1.01,43.1465,44.6964,9.4606,9.0548,8.6565,0.0,,96863.9966,81005.0663,76057.5563,4262015.8504,3564222.9172
1021,300449.SZ,20200123,10.2,3.9966,4.2657,0.83,281.0844,,2.168,5.87,7.022,0.3836,0.3836,30275.8679,24795.6611,23231.6916,308813.8526,252915.7432
1022,002636.SZ,20200123,8.63,1.5814,5.1306,1.4,21.4435,33.7055,2.3751,1.7057,2.0012,0.0,,72800.0,72310.7222,22287.869,628264.0,624041.5326
1023,603859.SH,20200123,26.6,4.8148,8.8413,1.88,72.9909,41.8976,2.9511,9.0732,5.6173,0.138,0.138,13915.2295,12645.2,6886.3,370145.1047,336362.32
1024,688009.SH,20200123,6.76,5.2424,5.2424,0.74,21.0023,18.9378,1.8811,1.7891,1.681,,,1058981.9,126000.0,126000.0,7158717.644,851760.0
1025,601118.SH,20200123,4.78,0.7092,1.9897,1.05,89.4672,,2.1089,3.0284,1.7889,0.2301,0.2301,427942.7797,427942.7797,152541.5773,2045566.487,2045566.487
1026,002322.SZ,20200123,11.51,1.0768,1.7206,1.69,17.7951,17.1797,1.6195,4.5928,4.5846,4.4831,4.4831,39666.2205,35095.4475,21963.7089,456558.198,403948.6007
1027,300056.SZ,20200123,6.35,0.6314,1.3795,0.82,,,2.7955,3.1124,1.0408,0.0,,38549.0443,31587.3396,14456.4389,244786.4313,200579.6065
1028,000712.SZ,20200123,13.94,2.137,3.8082,1.43,,574.2371,3.6739,12.764,9.6877,0.0,,89600.0,79599.6797,44666.9171,1249024.0,1109619.535
1029,300269.SZ,20200123,4.49,3.4667,4.4516,1.03,,,1.3205,0.6553,0.7415,0.0,,59158.7831,40719.7211,31710.3876,265622.9361,182831.5477
1030,601828.SH,20200123,11.68,2.6287,2.6941,1.01,9.2607,10.1116,0.9305,2.9118,2.5799,2.3116,2.3116,355000.0,39578.8197,38617.6097,4146400.0,462280.6141
1031,603139.SH,20200123,17.18,2.4326,3.5298,0.84,30.846,31.1319,1.7735,4.5683,3.9679,0.6577,0.6577,9988.0,5363.0,3696.0,171593.84,92136.34
1032,601616.SH,20200123,2.94,1.4282,1.9171,2.04,22.0754,,1.1142,4.6167,4.6418,1.3605,1.3605,93557.5,93557.5,69699.993,275059.05,275059.05
1033,603286.SH,20200123,16.99,10.7563,12.353,1.26,67.7487,68.0109,3.3757,4.2013,3.662,0.4473,0.4473,8807.6,4575.1,3983.752,149641.124,77730.949
1034,600764.SH,20200123,28.25,0.8991,2.2081,0.91,264.3915,273.9614,2.5391,50.9034,51.0287,0.0,,63166.8138,32876.5729,13386.3696,1784462.4899,928763.1844
1035,300198.SZ,20200123,4.04,2.0928,2.7759,1.05,,,2.7307,3.6741,5.2046,0.0,,103154.854,83062.1054,62623.3068,416745.6102,335570.9058
1036,601928.SH,20200123,7.13,0.4422,0.8201,1.17,13.6955,13.3464,1.3225,1.5392,1.441,4.2076,4.2076,254490.0,254490.0,137211.9742,1814513.7,1814513.7
1037,300057.SZ,20200123,5.61,3.3039,3.9332,1.97,31.028,28.0653,1.1305,0.9067,0.8857,1.4256,1.4256,67375.6195,49754.1385,41793.2848,377977.2254,279120.717
1038,600075.SH,20200123,4.88,1.322,2.2812,1.01,9.615,20.3424,0.997,0.983,1.0344,2.0492,2.0492,97252.2352,97252.2352,56361.5222,474590.9078,474590.9078
1039,002377.SZ,20200123,4.18,3.1114,5.6613,0.73,12.2724,11.7279,0.7215,0.8415,0.7615,0.0,,91632.5201,48596.6859,26708.7546,383023.934,203134.1471
1040,600256.SH,20200123,3.25,0.4722,0.7552,1.55,12.6622,14.0028,1.4179,1.7111,1.6423,3.0769,3.0769,679397.497,675403.278,422297.3747,2208041.8653,2195060.6535
1041,002183.SZ,20200123,4.04,1.2303,1.9282,1.72,42.8594,,1.4268,0.1231,0.1352,0.495,0.495,212269.7819,212036.9182,135293.5682,857569.9189,856629.1495
1042,300644.SZ,20200123,29.93,3.291,4.3527,1.74,83.1909,74.5949,2.7589,1.8813,2.0336,0.5012,0.5012,6400.0,4122.1882,3116.6841,191552.0,123377.0928
1043,688300.SH,20200123,50.21,8.6018,8.6018,0.78,73.959,62.3295,4.9315,15.5219,14.4707,,,8597.34,1954.6404,1954.6404,431672.4414,98142.4945
1044,000851.SZ,20200123,5.42,2.9789,3.4562,1.2,144.8363,199.7029,1.4635,0.531,0.5634,0.0,,90762.9867,87069.0122,75043.4614,491935.3879,471914.0461
1045,300664.SZ,20200123,12.83,1.6913,1.8214,0.77,36.6042,29.3343,1.9125,7.9799,4.7511,0.2728,0.2728,48000.0,33553.19,31155.2,615840.0,430487.4277
1046,300066.SZ,20200123,5.2,3.2028,5.5999,0.73,55.2972,40.4806,3.1895,7.87,6.9693,0.3846,0.3846,104003.3262,99605.0114,56968.1235,540817.2962,517946.0593
1047,000831.SZ,20200123,11.43,2.5845,4.3133,1.72,110.1511,134.5384,5.126,12.1231,6.8834,0.0,,98088.8981,98088.8981,58773.557,1121156.1053,1121156.1053
1048,603917.SH,20200123,10.25,2.4294,3.1039,1.56,16.4406,18.4435,1.6882,2.6366,2.6171,1.0732,1.0732,15680.0,8025.7912,6281.7742,160720.0,82264.3598
1049,603157.SH,20200123,5.31,13.6181,17.4435,0.9,,,1.0934,0.2858,0.2988,0.0,,54767.1642,14580.3027,11382.813,290813.6419,77421.4073
1050,000848.SZ,20200123,7.37,1.3385,2.257,1.66,17.4601,16.9426,3.8087,3.3987,3.248,5.4274,5.4274,97856.2728,97835.5383,58023.5505,721200.7305,721047.9173
1051,600168.SH,20200123,6.52,0.4208,1.0578,2.09,16.5272,15.1621,0.8931,3.1876,2.9743,1.8252,1.8252,70956.9692,70956.9692,28230.26,462639.4392,462639.4392
1052,600623.SH,20200123,6.38,0.5012,2.0086,1.78,7.4328,17.9147,0.7368,0.3036,0.3204,4.0752,4.0752,210529.6763,186219.6763,46463.0373,1343179.3348,1188081.5348
1053,002219.SZ,20200123,2.27,1.8272,3.5879,1.12,,,1.6612,1.1031,1.1124,0.0,,186523.643,184418.8972,93917.8973,423408.6696,418630.8966
1054,600681.SH,20200123,6.13,0.4402,1.4861,0.81,8.7876,9.372,1.9739,1.8609,1.6691,5.8122,5.8122,144274.031,140239.0712,41539.7933,884399.81,859665.5065
1055,600319.SH,20200123,5.72,4.2494,6.3828,2.6,580.9207,148.5589,32.1407,0.898,0.9763,0.0,,31559.4,31559.4,21010.7241,180519.768,180519.768
1056,600769.SH,20200123,5.33,1.0568,1.4369,1.19,392.4676,413.7587,35.5239,53.5489,70.764,0.0,,37497.72,37497.72,27577.2943,199862.8476,199862.8476
1057,688015.SH,20200123,37.09,8.4934,8.4934,0.76,89.38,57.8382,5.9065,5.1048,4.1684,,,16000.0,3454.4,3454.4,593440.0,128123.696
1058,002174.SZ,20200123,27.7,5.9085,7.3996,1.72,24.3882,23.8569,4.6395,6.8721,6.8353,0.0,,88846.7873,64488.662,51493.7154,2461056.0082,1786335.9374
1059,000697.SZ,20200123,10.42,0.8685,1.1699,1.44,285.0375,41.6565,2.3381,4.367,3.4837,0.0,,67161.6059,56570.6433,41996.9647,699823.9335,589466.1032
1060,000026.SZ,20200123,10.3,4.2019,7.7365,1.0,24.8189,22.8238,1.7356,1.3418,1.2761,1.9496,1.9496,44296.8881,35671.6368,19373.9041,456257.9474,367417.859
1061,603636.SH,20200123,10.97,1.8723,4.3329,1.1,33.4771,43.554,3.2963,5.8992,4.9776,1.0943,1.0943,52648.7912,52647.2912,22749.6126,577557.2395,577540.7845
1062,600021.SH,20200123,7.46,0.2585,0.6303,1.67,7.0508,6.5809,1.2382,0.8647,0.8227,4.4236,4.4236,261716.4197,234724.6305,96249.5562,1952404.491,1751045.7435
1063,603683.SH,20200123,12.59,4.1207,4.1207,1.55,69.4435,202.9555,2.0176,1.8104,1.6495,0.3971,0.3971,12667.0,5043.8,5043.8,159477.53,63501.442
1064,000037.SZ,20200123,11.45,0.6607,1.1188,1.23,358.4562,,3.4745,3.6615,6.3775,0.0,,60276.2596,33889.4011,20012.1057,690163.1724,388033.6426
1065,600084.SH,20200123,2.53,0.6251,1.1352,0.87,,,1.2994,8.3033,12.6971,0.0,,112372.683,112372.683,61880.0532,284302.888,284302.888
1066,300170.SZ,20200123,10.02,4.8019,5.2643,0.93,22.8959,39.6455,2.8619,3.0914,2.9606,0.3006,0.3006,88401.6939,73041.317,66626.19,885784.9729,731873.9963
1067,002323.SZ,20200123,2.74,0.3589,0.619,0.08,,,5.5704,8.9088,,0.0,,74572.9656,31761.8625,18414.4925,204329.9257,87027.5033
1068,300761.SZ,20200123,49.65,6.8951,6.8951,0.99,15.4288,12.579,3.2957,2.7796,2.4602,2.4169,2.4169,40388.0,4128.0,4128.0,2005264.2,204955.2
1069,300385.SZ,20200123,11.34,1.901,2.9994,1.56,54.5049,30.8172,1.9481,2.4603,1.9881,0.3858,0.3858,20821.6208,11750.2395,7447.1758,236117.1799,133247.7159
1070,002177.SZ,20200123,5.41,3.1301,3.9159,0.89,,,2.5035,10.4462,18.0537,0.0,,76119.1294,76119.1294,60844.5984,411804.4901,411804.4901
1071,300589.SZ,20200123,12.63,4.4587,6.7661,1.35,82.2802,77.3236,7.3695,5.4574,4.8182,0.2771,0.2771,20280.78,9473.0036,6242.4307,256146.2514,119644.0355
1072,600550.SH,20200123,3.17,0.5378,1.305,0.58,,,8.2503,1.8318,1.8849,0.0,,184152.848,153460.7067,63240.9691,583764.5282,486470.4402
1073,000798.SZ,20200123,5.68,1.005,2.4627,2.24,31.6996,194.8278,2.4119,2.8976,2.8229,0.0,,31945.5,31938.9,13034.3254,181450.44,181412.952
1074,002860.SZ,20200123,22.9,7.8715,8.0277,1.03,28.1216,20.181,3.2762,6.5574,4.3376,0.6523,0.6523,11716.802,4824.7371,4730.8447,268314.7658,110486.4796
1075,000751.SZ,20200123,3.13,0.8533,1.1168,0.82,83.1477,33.0163,1.7212,0.528,0.54,0.0,,140986.9279,140986.6379,107726.4353,441289.0843,441288.1766
1076,002082.SZ,20200123,9.6,1.11,1.3684,0.93,27.174,21.1422,1.4603,0.1594,0.141,0.0,,23800.0,23800.0,19305.664,228480.0,228480.0
1077,601100.SH,20200123,50.49,0.5737,1.9601,1.1,53.2272,43.0511,8.5732,10.5753,9.1167,0.5942,0.5942,88200.0,88200.0,25814.2992,4453218.0,4453218.0
1078,300508.SZ,20200123,28.6,2.0131,3.372,0.49,,,5.2141,11.3398,13.0263,0.0,,9091.2,4132.6184,2467.152,260008.32,118192.8862
1079,300333.SZ,20200123,10.16,8.3265,10.3023,1.73,279.3431,421.3435,4.1674,15.8159,14.9558,0.5906,0.5906,33600.0,33089.5067,26743.3067,341376.0,336189.3881
1080,600006.SH,20200123,4.35,0.6077,1.5231,1.42,15.7083,18.4289,1.1906,0.6033,0.5754,1.9149,1.9149,200000.0,200000.0,79800.0,870000.0,870000.0
1081,002668.SZ,20200123,5.4,7.5599,9.5792,0.78,,,2.2121,0.7503,0.7825,0.0,,108411.1428,65430.1348,51637.4836,585420.1711,353322.7279
1082,601099.SH,20200123,3.52,1.8068,2.0282,1.47,,,2.3439,61.1273,20.7959,0.0,,681631.637,681631.637,607227.6395,2399343.3622,2399343.3622
1083,600526.SH,20200123,5.41,1.3248,2.3373,1.24,,,1.5137,0.8411,1.1703,0.0,,54740.4672,54740.4672,31026.1974,296145.9276,296145.9276
1084,002968.SZ,20200123,59.66,6.8324,6.8324,1.17,48.5275,40.8805,5.8814,4.825,4.3268,,,7164.2667,1791.0667,1791.0667,427420.1513,106855.0393
1085,002378.SZ,20200123,4.86,1.0064,2.8183,1.49,97.0436,,2.4161,2.4028,2.4064,0.4115,0.4115,92416.7436,92321.805,32969.0353,449145.3739,448683.9723
1086,002035.SZ,20200123,11.99,3.2301,4.0287,1.64,15.3958,13.8676,3.8491,1.7099,1.8207,2.4756,2.4756,86923.0324,78292.2612,62771.3737,1042207.1585,938724.2118
1087,603639.SH,20200123,24.14,0.8316,2.5593,1.59,11.1461,12.5257,1.8608,1.8687,1.6335,1.243,1.243,16963.886,16841.9958,5472.4403,409508.208,406565.7786
1088,600130.SH,20200123,3.65,1.8297,2.1887,1.09,84.6813,233.1934,3.1515,4.6152,4.6183,0.0,,76800.0,76800.0,64205.36,280320.0,280320.0
1089,000692.SZ,20200123,2.89,0.6017,0.9273,1.26,257.5886,211.7024,1.3893,0.8069,0.8104,0.0,,53283.2976,53278.588,34573.5762,153988.7301,153975.1193
1090,300596.SZ,20200123,37.37,1.9014,2.2626,1.09,39.6804,29.0266,4.1029,5.1495,4.2755,0.3783,0.3783,20501.042,12247.947,10292.831,766123.9395,457705.7794
1091,000587.SZ,20200123,1.61,6.0914,8.7387,2.56,,,0.7719,0.3263,2.6489,0.0,,212374.933,121301.185,84554.2658,341923.6421,195294.9079
1092,603289.SH,20200123,8.96,1.6708,2.8049,1.04,23.7692,19.9758,2.3878,3.017,2.9758,2.2321,2.2321,26680.0,13629.4782,8118.6024,239052.8,122120.1247
1093,002016.SZ,20200123,8.08,0.9848,3.2263,1.87,8.2108,6.7275,2.1524,2.7778,2.1037,6.1881,6.1881,80909.5632,68684.5632,20965.5632,653749.2707,554971.2707
1094,300760.SZ,20200123,187.68,0.8805,1.4177,1.08,61.3462,50.7726,12.96,16.5895,14.3923,0.5328,0.5328,121569.1266,49913.4264,30999.8459,22816093.6803,9367751.8668
1095,601899.SH,20200123,4.29,1.5369,2.2,1.5,26.5937,29.0529,2.1998,1.0271,0.8282,2.0526,2.0526,2537725.9946,1922176.6892,1342763.8255,10886844.5168,8246137.9967
1096,002392.SZ,20200123,3.71,1.249,1.3706,0.89,13.2603,10.5189,1.1584,1.3816,1.1808,0.7547,0.7547,119049.0839,80895.7697,73716.1729,441672.1013,300123.3056
1097,300590.SZ,20200123,47.04,5.1306,10.2259,1.19,60.9669,53.7261,8.1772,15.9516,12.5602,0.5315,0.5315,16149.0,11094.12,5566.14,759648.96,521867.4048
1098,000613.SZ,20200123,6.3,7.6535,10.5008,1.44,3511.2391,,29.64,77.7159,90.1862,0.0,,36410.0,26587.66,19378.482,229383.0,167502.258
1099,300697.SZ,20200123,14.4,4.6808,4.6808,0.88,45.149,23.5695,3.6437,2.1217,1.6167,1.6667,1.6667,20800.0,5200.0,5200.0,299520.0,74880.0
1100,600365.SH,20200123,3.79,2.3894,3.0398,2.44,361.1384,288.5132,2.1766,1.4766,1.2209,0.0,,40000.0,40000.0,31441.6792,151600.0,151600.0
1101,603606.SH,20200123,11.94,2.3309,4.4267,1.09,45.557,21.7831,3.9451,2.5825,2.2947,0.6765,0.6765,65410.4521,63884.3652,33638.7127,781000.7981,762779.3205
1102,002140.SZ,20200123,6.79,0.6778,1.7031,0.97,24.975,23.5495,1.6635,0.9179,0.8782,1.2045,1.2045,54536.644,52746.3307,20991.472,370303.8128,358147.5855
1103,002200.SZ,20200123,6.87,2.0,2.5404,1.25,,215.213,6.7814,1.6653,1.3238,0.0,,18413.289,13161.8104,10361.6916,126499.2954,90421.6374
1104,002068.SZ,20200123,4.19,1.0764,1.9084,1.79,7.5939,,1.0049,0.386,0.4378,7.1599,7.1599,72706.3596,60699.3221,34234.8118,304639.6467,254330.1596
1105,002236.SZ,20200123,20.12,4.0156,4.7924,1.39,23.9267,21.2869,4.2556,2.5573,2.4147,0.4953,0.4953,300799.123,181364.0519,151967.9676,6052078.3548,3649044.7242
1106,300254.SZ,20200123,8.61,6.6725,6.7298,0.81,247.6884,61.853,2.1389,1.5781,1.5144,0.2323,0.2323,20830.8,16206.6854,16068.7637,179353.188,139539.5613
1107,002435.SZ,20200123,4.17,0.7712,2.3712,0.81,14.0388,15.1535,0.9446,1.1028,1.0103,1.5987,1.5987,123598.302,119959.4549,39014.4068,515404.9193,500230.9269
1108,601088.SH,20200123,17.28,0.2546,1.5677,1.36,7.8349,7.5244,0.9907,1.3014,1.3866,5.0926,5.0926,1988962.0455,1649103.7955,267832.8759,34369264.1462,28496513.5862
1109,600860.SH,20200123,4.86,0.5462,1.2629,0.58,,,5.0912,1.8286,1.6465,0.0,,42200.0,32200.0,13926.4948,205092.0,156492.0
1110,603317.SH,20200123,39.4,9.2035,9.2035,2.13,61.0573,54.521,9.353,11.5215,10.0266,0.5076,0.5076,41315.5,4132.0,4132.0,1627830.7,162800.8
1111,600765.SH,20200123,9.56,1.0981,1.8158,1.29,26.7909,27.2448,1.466,1.6395,1.4732,0.3748,0.3748,93360.384,77800.32,47049.8869,892525.271,743771.0592
1112,600592.SH,20200123,13.56,2.5539,4.1094,0.67,61.7415,48.5512,2.8459,5.2816,5.9782,0.7375,0.7375,39955.3571,39955.3571,24831.9771,541794.6423,541794.6423
1113,600216.SH,20200123,13.3,3.9592,6.3076,0.97,35.2111,61.0701,1.6419,1.8715,1.8147,1.12,1.12,96512.8,96512.3725,60580.3791,1283620.24,1283614.5543
1114,300403.SZ,20200123,5.05,1.8566,3.2874,1.51,18.7097,20.6964,2.3033,3.8361,3.6848,3.9604,3.9604,60300.0,38094.2196,21514.4624,304515.0,192375.809
1115,603605.SH,20200123,105.0,1.6196,1.6196,0.86,73.5868,61.1788,11.3324,8.9501,7.3341,0.4096,0.4096,20126.956,6246.13,6246.13,2113330.38,655843.65
1116,600986.SH,20200123,4.46,1.3551,1.56,0.27,22.4836,,0.9566,0.4159,0.3314,0.2229,0.2229,132519.2361,128307.5912,111458.2727,591035.793,572251.8568
1117,600848.SH,20200123,23.59,0.6186,1.4576,1.09,113.9135,38.1399,3.6792,25.7009,12.75,0.2582,0.2582,210206.8212,90616.3969,38455.347,4958778.9121,2137640.8029
1118,603456.SH,20200123,15.98,0.778,2.0408,0.83,81.9261,64.9943,4.6787,6.9135,6.597,1.2519,1.2519,80566.2371,80330.7971,30622.2423,1287448.4689,1283686.1377
1119,300526.SZ,20200123,54.54,0.7763,2.7331,2.53,410.0594,409.3006,16.4893,23.2204,20.8809,0.0553,0.0553,17066.0816,17010.1741,4831.528,930784.0905,927734.8954
1120,603025.SH,20200123,8.74,0.4628,2.5867,1.05,21.9026,32.0706,4.5716,7.5318,8.5651,3.4167,3.4167,92615.1711,91587.6774,16386.9663,809456.5954,800476.3005
1121,600023.SH,20200123,3.75,0.1233,0.4429,1.46,12.6378,13.0491,0.8087,0.9006,0.9578,4.8,4.8,1360068.9988,1360068.9988,378752.2987,5100258.7455,5100258.7455
1122,002683.SZ,20200123,24.0,3.5219,5.4602,1.44,79.2869,60.8571,5.3285,3.7055,3.1467,0.625,0.625,70710.8951,60745.9551,39181.8907,1697061.4824,1457902.9224
1123,000720.SZ,20200123,5.55,1.5549,1.9815,2.28,6.6707,8.0623,2.9773,2.75,1.8331,0.0,,128965.0962,86346.0,67757.9241,715756.2839,479220.3
1124,600728.SH,20200123,9.59,3.0178,3.8023,1.22,61.1266,21.6914,3.3415,3.4236,3.7187,0.5759,0.5759,167081.8826,163714.0326,129938.6622,1602315.2541,1570017.5726
1125,300791.SZ,20200123,56.55,5.0238,5.0238,1.28,22.261,24.2674,2.3504,2.8357,2.7846,,,8000.0,2000.0,2000.0,452400.0,113100.0
1126,000902.SZ,20200123,7.58,1.3576,2.6728,1.15,12.076,13.6326,1.5083,0.9858,1.0138,2.6096,2.6096,130452.929,117349.5004,59605.4154,988833.2018,889509.213
1127,600004.SH,20200123,15.34,2.1244,4.3399,2.63,28.1121,40.5194,2.0034,4.0976,4.0819,1.1082,1.1082,206932.0514,206932.0514,101297.3731,3174337.6685,3174337.6685
1128,000099.SZ,20200123,7.1,0.8486,1.3827,1.4,28.5998,19.6205,1.3372,3.0179,2.72,0.3521,0.3521,60607.042,60607.042,37195.0946,430309.9982,430309.9982
1129,300014.SZ,20200123,60.3,3.139,5.4535,1.02,102.3978,43.2652,8.128,13.4306,9.8725,0.0,,96913.9695,81911.5278,47148.723,5843912.3609,4939265.1263
1130,002903.SZ,20200123,13.86,5.0003,5.1766,0.9,60.5306,,3.5065,10.4082,27.9866,0.7215,0.7215,15000.0,6600.0,6375.1901,207900.0,91476.0
1131,600837.SH,20200123,14.55,1.1005,1.1602,1.53,32.1141,18.5758,1.3492,7.0419,5.1122,1.0309,1.0309,1150170.0,809213.118,767571.0612,16734973.5,11774050.8669
1132,603889.SH,20200123,5.78,0.4486,0.8245,0.52,14.8377,16.8642,1.2487,1.1526,1.0711,3.9925,3.9925,51174.6388,51174.6388,27843.1683,295789.4123,295789.4123
1133,002438.SZ,20200123,8.3,1.8141,3.0492,1.27,39.0131,22.3106,2.0314,3.7075,2.9571,0.3012,0.3012,48575.6156,40155.4436,23890.7258,403177.6095,333290.1819
1134,300786.SZ,20200123,50.4,12.885,12.885,1.43,44.1886,39.7723,3.6011,8.0393,7.1425,,,5340.0,1335.0,1335.0,269136.0,67284.0
1135,601997.SH,20200123,8.87,0.6821,0.8723,1.49,5.5562,4.9163,0.8385,2.2573,1.9469,3.2211,3.2211,321802.866,306983.9646,240040.7994,2854391.4214,2722947.766
1136,600201.SH,20200123,20.16,1.6878,1.929,0.98,30.0942,70.54,4.7383,11.9714,17.2999,1.7876,1.7876,112624.0241,112624.0241,98539.8015,2270500.3259,2270500.3259
1137,000630.SZ,20200123,2.21,0.5576,0.8786,1.25,32.8227,31.364,1.2814,0.275,0.2501,1.3575,1.3575,1052653.3308,1052643.5376,668068.8912,2326363.8611,2326342.2181
1138,600713.SH,20200123,4.52,2.0608,3.3886,1.09,17.8138,13.0361,1.2102,0.1504,0.1293,2.2124,2.2124,104161.1244,89742.5598,54578.3312,470808.2823,405636.3703
1139,002213.SZ,20200123,12.22,1.9722,2.6406,1.25,2379.6944,,6.9355,20.3047,18.2302,0.0,,20600.0,20600.0,15385.3883,251732.0,251732.0
1140,300111.SZ,20200123,2.24,0.6273,0.7819,1.22,,,,3.8157,3.2373,0.0,,111980.0,111723.9595,89626.7378,250835.2,250261.6693
1141,300607.SZ,20200123,46.12,2.737,2.9806,1.28,39.7071,36.6553,4.1919,5.6946,4.7497,0.5736,0.5736,14793.4337,7364.5992,6762.7132,682273.1622,339655.3151
1142,601998.SH,20200123,5.82,0.0728,0.7833,1.32,6.3981,5.9315,0.6438,1.7276,1.5183,3.9518,3.9518,4893481.1106,3190517.859,296625.0296,28480060.0637,18568813.9394
1143,002690.SZ,20200123,36.89,1.5158,2.2186,1.34,55.6789,47.1106,11.1339,20.1156,17.4516,1.8975,1.8975,67600.0,32788.9799,22403.1549,2493764.0,1209585.4685
1144,300753.SZ,20200123,51.09,24.9358,24.9358,2.66,58.8969,43.0546,6.3714,13.851,11.5584,0.7829,0.7829,8080.0,3823.1965,3823.1965,412807.2,195327.1092
1145,300037.SZ,20200123,36.59,5.6113,6.6614,1.3,43.3067,42.8429,4.2154,6.4026,5.9619,0.4646,0.4646,37880.1368,25726.5022,21670.8402,1386034.2055,941332.7155
1146,000680.SZ,20200123,3.39,0.8818,1.0635,1.55,52.2693,49.0785,1.2253,0.5257,0.6359,0.59,0.59,124078.7611,105692.9932,87631.7533,420627.0001,358299.2469
1147,300674.SZ,20200123,36.95,1.7511,3.169,0.69,75.5573,72.787,8.8629,6.9049,5.6389,0.5413,0.5413,40001.0,27609.914,15256.694,1478036.95,1020186.3223
1148,002111.SZ,20200123,15.9,2.7206,4.1555,1.54,25.8544,18.6233,2.1359,2.7757,2.5447,2.2013,2.2013,38182.7504,34028.5644,22278.6155,607105.7314,541054.174
1149,600229.SH,20200123,9.72,4.1917,10.0486,3.05,19.61,16.35,2.5457,3.1446,3.0417,2.0576,2.0576,70209.601,70209.601,29286.9729,682437.3217,682437.3217
1150,688099.SH,20200123,78.52,15.3456,15.3456,0.71,114.257,138.8305,11.6447,13.6261,13.2248,,,41112.0,3732.547,3732.547,3228114.24,293079.5904
1151,603556.SH,20200123,16.15,1.0618,2.9256,1.69,24.0058,18.7702,1.5566,3.1023,2.9297,2.4508,2.4508,49040.147,48868.404,17736.4228,791998.3741,789224.7246
1152,300340.SZ,20200123,11.58,4.0558,4.6928,1.14,45.9277,106.9025,1.6998,1.1155,1.3374,0.8636,0.8636,21214.472,17247.0396,14905.9736,245663.5858,199720.7186
1153,000880.SZ,20200123,7.46,1.1039,1.1039,1.53,49.5534,47.1292,1.4404,0.8698,0.8145,0.2681,0.2681,27610.05,13513.5,13513.5,205970.973,100810.71
1154,300063.SZ,20200123,3.98,4.9894,7.5474,0.73,,,2.7843,0.3741,0.3693,0.0,,74900.195,58191.5916,38468.7088,298102.7761,231602.5346
1155,002864.SZ,20200123,27.72,3.6347,5.4867,0.86,37.1432,31.4165,3.6347,4.9086,4.0948,0.3608,0.3608,8667.0,4493.225,2976.575,240249.24,124552.197
1156,300055.SZ,20200123,6.5,1.4788,2.0417,1.43,,,0.971,4.2466,6.2643,0.2308,0.2308,86518.4815,86309.914,62515.877,562370.1298,561014.441
1157,300494.SZ,20200123,16.49,8.3056,10.105,1.65,74.0548,105.8632,3.9314,7.9997,7.1717,0.4609,0.4609,24000.0,14791.7175,12157.7175,395760.0,243915.4216
1158,000931.SZ,20200123,9.24,2.3966,3.5134,1.07,74.7142,71.9928,4.1497,3.9238,3.322,0.0,,75312.6982,70209.0549,47892.6288,695889.3314,648731.6673
1159,603987.SH,20200123,9.63,2.387,4.4863,0.85,28.9113,27.8606,3.0719,2.9328,2.6502,1.5576,1.5576,44160.9,44160.9,23496.8655,425269.467,425269.467
1160,000762.SZ,20200123,7.75,1.9613,2.5232,1.06,,,2.0641,8.0769,6.9566,0.0,,52081.924,52079.5518,40480.753,403634.911,403616.5265
1161,002724.SZ,20200123,7.16,3.2283,5.8007,1.76,27.1397,24.0819,2.6704,4.1136,3.8494,1.3966,1.3966,72000.0,33208.4162,18481.6862,515520.0,237772.26
1162,300205.SZ,20200123,11.49,3.0105,5.7705,1.09,48.9132,24.0309,3.4827,2.0615,2.0956,0.8703,0.8703,43005.6,42598.8788,22224.1506,494134.344,489461.1174
1163,002828.SZ,20200123,10.77,3.305,3.952,1.24,48.1549,78.9522,2.267,2.4198,1.5158,0.5609,0.5609,20320.27,20094.17,16804.67,218849.3079,216414.2109
1164,002441.SZ,20200123,8.79,4.0236,5.9558,1.08,23.2383,20.3573,1.2495,0.5596,0.5062,2.3902,2.3902,54460.2079,39376.3423,26601.5338,478705.2274,346118.0488
1165,600598.SH,20200123,9.8,1.2273,3.4227,1.22,17.841,17.8636,2.5725,5.3361,5.5669,4.0816,4.0816,177767.9909,177767.9909,63741.7788,1742126.3108,1742126.3108
1166,600008.SH,20200123,3.27,0.4386,0.8131,1.26,25.8427,21.7211,1.7035,1.4926,1.3282,2.4465,2.4465,568544.8207,568544.8207,306686.4789,1859141.5637,1859141.5637
1167,000819.SZ,20200123,8.11,1.2285,1.9975,1.76,44.3714,39.4328,2.8866,1.1489,1.285,0.2349,0.2349,28490.5005,28488.6434,17520.8056,231057.9591,231042.898
1168,300107.SZ,20200123,6.7,1.95,2.4577,1.21,5.6131,8.2831,2.1508,2.5963,3.3261,4.4657,4.4657,54959.7522,33443.2597,26533.7126,368230.3397,224069.84
1169,002078.SZ,20200123,9.29,1.0819,2.0831,1.01,10.7604,12.5329,1.7565,1.1061,1.0915,1.0763,1.0763,259177.1681,256997.3931,133474.9747,2407755.8916,2387505.7819
1170,002361.SZ,20200123,4.41,1.2976,1.4912,2.03,47.7669,34.5993,2.0611,1.9061,1.7938,2.2341,2.2341,83757.4116,62465.5349,54352.3854,369370.1852,275473.0089
1171,601939.SH,20200123,6.97,1.3092,1.4111,1.57,6.8429,6.5537,0.8474,2.6447,2.4948,4.3902,4.3902,25001097.7486,959365.7606,890107.583,174257651.3077,6686779.3514
1172,000002.SZ,20200123,28.98,1.0159,1.6262,1.32,9.6983,8.6128,1.9581,1.1003,0.9478,3.6063,3.6063,1130214.3001,971517.0043,606903.119,32753610.4169,28154562.7846
1173,600182.SH,20200123,16.01,1.2851,1.2851,1.54,61.2699,60.6858,5.6568,1.6156,1.7364,0.9994,0.9994,34000.0,17000.0,17000.0,544340.0,272170.0
1174,002211.SZ,20200123,6.16,1.4485,1.7604,0.68,239.3064,,3.3526,2.4664,2.9198,0.0,,43247.5779,31018.8279,25522.6828,266405.0799,191075.9799
1175,300800.SZ,20200123,77.05,11.4205,11.4205,1.13,34.1116,29.9465,3.8007,10.0493,9.3215,,,8000.0,2000.0,2000.0,616400.0,154100.0
1176,002407.SZ,20200123,12.05,5.2688,5.5078,0.89,125.0314,,2.4033,2.1062,1.9662,1.6598,1.6598,68392.0481,57940.8936,55426.6053,824124.1796,698187.7679
1177,002468.SZ,20200123,19.01,0.5627,1.6157,1.2,14.201,18.8439,3.2948,1.7105,1.3494,2.6302,2.6302,153080.2166,153080.2166,53315.6402,2910054.9176,2910054.9176
1178,300168.SZ,20200123,15.56,1.9846,2.5816,0.84,76.4491,144.2183,4.251,8.0448,7.7258,0.1546,0.1546,113985.4021,113100.744,86947.464,1773612.8567,1759847.5766
1179,002716.SZ,20200123,2.35,5.4741,5.5354,1.18,19.0579,,1.0601,0.2118,0.2752,0.0,,96047.8192,62251.2274,61562.3059,225712.3751,146290.3844
1180,600508.SH,20200123,8.98,0.4911,1.3071,1.58,9.8138,11.3267,0.6513,0.9476,0.8978,3.118,3.118,72271.8,72271.8,27152.6667,649000.764,649000.764
1181,603078.SH,20200123,39.95,9.4501,12.2425,1.03,109.2736,100.5488,5.523,11.3703,9.4025,0.2888,0.2888,10920.0,6223.9905,4804.3905,436254.0,248648.4205
1182,603598.SH,20200123,17.3,7.6267,20.664,0.6,82.6745,69.9622,7.4604,1.4876,1.7568,0.0,,27062.3,26786.29,9886.29,468177.79,463402.817
1183,000584.SZ,20200123,5.91,1.1279,1.6264,1.61,30.1186,51.7327,2.0836,1.5213,2.0231,0.3384,0.3384,61332.4339,59831.5925,41493.1948,362474.6843,353604.7117
1184,600017.SH,20200123,2.79,0.5069,1.0119,1.85,13.317,13.3933,0.7335,1.6727,1.6716,0.7168,0.7168,307565.3888,307565.3888,154068.5515,858107.4348,858107.4348
1185,601038.SH,20200123,6.36,2.0932,6.7851,0.96,,,1.5377,1.1316,1.0751,0.0,,98585.0,59391.0,18321.9422,627000.6,377726.76
1186,600313.SH,20200123,2.84,2.9663,4.9455,1.11,96.9457,135.253,2.1778,0.8918,0.6073,0.0,,108219.8663,101939.7107,61142.8987,307344.4203,289508.7784
1187,000836.SZ,20200123,3.56,2.1143,2.6053,1.18,64.5291,150.809,3.434,1.6151,2.5633,0.0,,120845.5224,120840.8049,98067.641,430210.0597,430193.2654
1188,300575.SZ,20200123,26.4,3.6488,4.713,1.56,16.6648,17.669,2.7639,2.1127,2.0814,1.6835,1.6835,13203.0,8701.398,6736.662,348559.2,229716.9072
1189,300247.SZ,20200123,2.68,2.3432,2.8086,2.01,,,1.3695,2.0264,2.475,0.0,,80404.0313,65861.3576,54948.3683,215482.8039,176508.4384
1190,600157.SH,20200123,1.42,1.0227,1.883,1.48,267.6734,106.3977,0.7369,0.7903,0.8412,0.0,,1242579.5326,1242579.5326,674875.675,1764462.9363,1764462.9363
1191,002772.SZ,20200123,6.81,0.9708,1.1293,1.12,22.3696,55.0642,1.0357,2.7029,2.4794,1.4116,1.4116,36769.8409,25577.7161,21987.9938,250402.6165,174184.2466
1192,002394.SZ,20200123,9.18,0.598,1.1155,1.56,7.9172,8.0833,0.9466,0.7413,0.8065,6.5359,6.5359,33664.8,32206.3209,17265.586,309042.864,295654.0259
1193,002723.SZ,20200123,9.35,1.2455,3.3207,1.18,,,2.8495,2.1599,2.2072,0.0,,19185.0,17360.5075,6511.254,179379.75,162320.7451
1194,300050.SZ,20200123,5.04,3.4289,3.7054,0.98,48.4365,53.0537,0.9529,2.7929,2.419,0.0,,54484.6718,40469.241,37450.0603,274602.7459,203964.9746
1195,603819.SH,20200123,12.98,1.4778,3.9029,1.34,45.3343,20.6612,2.8028,2.2918,2.0222,2.18,2.18,16831.486,16771.006,6350.33,218472.6883,217687.6579
1196,000612.SZ,20200123,4.04,0.5853,1.1585,1.47,,,1.1313,0.9812,0.9757,0.0,,119219.9394,118920.0727,60082.8999,481648.5552,480437.0937
1197,601969.SH,20200123,5.47,0.2576,1.7164,1.17,,,2.7485,7.7112,3.1651,0.0,,195472.0314,195472.0314,29338.7314,1069232.0118,1069232.0118
1198,300456.SZ,20200123,30.2,11.9652,17.2974,0.83,204.9911,306.1987,7.1753,27.2076,30.0518,0.1743,0.1743,64189.858,32402.9939,22414.3467,1938533.7116,978570.4158
1199,000657.SZ,20200123,6.81,0.9419,2.1192,1.6,44.1182,42.5293,1.8215,0.733,0.7345,0.0,,88011.6529,77352.0517,34379.8981,599359.3562,526767.4721
1200,688399.SH,20200123,97.9,46.7644,46.7644,1.75,89.9167,77.2822,5.8156,24.876,21.837,,,5862.0,1333.847,1333.847,573889.8,130583.6213
1201,603737.SH,20200123,91.29,0.6722,2.0115,1.09,76.4112,46.4983,11.0022,4.7434,3.3177,0.3994,0.3994,18622.5972,18452.9845,6166.8317,1700056.8984,1684572.955
1202,002406.SZ,20200123,5.57,1.5474,1.7299,1.31,11.5161,11.1398,1.2002,1.8171,1.781,0.8977,0.8977,56100.0,41570.1778,37184.5381,312477.0,231545.8903
1203,300121.SZ,20200123,8.05,1.6822,3.4312,1.11,8.5183,16.5233,1.9034,1.5026,1.5124,8.0745,8.0745,38861.1706,35997.4331,17648.1717,312832.4233,289779.3365
1204,002928.SZ,20200123,11.4,5.4087,5.4087,1.24,27.6753,16.4746,2.8091,1.6076,1.3277,0.7602,0.7602,60075.0,20418.777,20418.777,684855.0,232774.0578
1205,000806.SZ,20200123,2.03,1.9983,2.3981,2.0,,,1.7468,2.9331,3.3784,0.0,,109991.1762,69844.6876,58200.6876,223282.0877,141784.7158
1206,600521.SH,20200123,17.49,1.7344,3.2843,1.07,215.1175,63.5525,4.1626,4.5398,4.3942,0.0,,132237.0952,125083.8638,66055.5999,2312826.795,2187716.7779
1207,300215.SZ,20200123,6.66,1.2824,2.5667,1.55,39.4762,32.9974,2.4587,7.1266,6.5507,1.8018,1.8018,75832.2487,60816.5462,30386.4054,505042.7763,405038.1977
1208,600221.SH,20200123,1.67,0.6667,1.0228,1.65,,,0.5797,0.4142,0.3904,0.0,,1680612.033,1643600.2728,1071427.8907,2806622.0951,2744812.4556
1209,002112.SZ,20200123,6.48,1.7662,2.4673,1.42,207.8209,23.1625,3.3522,2.2892,2.0346,0.0,,20160.0,19880.2893,14230.8885,130636.8,128824.2747
1210,002759.SZ,20200123,8.68,1.9099,5.881,0.72,41.6543,8.4347,1.1477,4.0559,4.3051,0.0,,40215.2567,40215.2567,13060.5165,349068.4282,349068.4282
1211,000716.SZ,20200123,3.5,3.3848,5.1842,0.65,43.603,65.5548,0.9499,0.659,0.5585,0.0,,74639.5905,66498.1157,43417.4869,261238.5668,232743.405
1212,603519.SH,20200123,14.68,0.8124,1.9107,0.86,35.6228,22.6037,4.5552,2.5401,2.4429,3.406,3.406,22193.9866,22193.9866,9437.1306,325807.7233,325807.7233
1213,600335.SH,20200123,5.67,0.8018,1.9234,1.03,13.8874,13.0809,0.817,0.1867,0.1687,2.6455,2.6455,145687.5351,102973.6837,42926.7069,826048.324,583860.7866
1214,300537.SZ,20200123,18.98,10.5254,12.6655,1.29,66.5766,40.1108,2.7524,5.73,4.5646,0.3161,0.3161,19302.7584,11803.9081,9809.4436,366366.3544,224038.1757
1215,002733.SZ,20200123,24.83,5.1857,9.1616,0.83,92.2618,49.2943,3.5103,2.9407,3.0341,0.6041,0.6041,35011.3207,32559.4923,18429.4363,869331.093,808452.1938
1216,300523.SZ,20200123,49.1,1.4061,1.9202,1.59,84.2566,153.1147,8.0041,11.0669,8.4632,0.2716,0.2716,23263.7638,22138.6265,16212.2268,1142250.8026,1087006.5612
1217,000038.SZ,20200123,10.84,2.4058,3.5842,0.86,,,1.9991,2.2056,2.9144,0.0,,52277.7419,23157.1139,15543.9194,566690.7222,251023.1147
1218,000977.SZ,20200123,34.13,3.8921,6.1586,0.95,66.8119,54.7232,5.1323,0.9374,0.8532,0.1758,0.1758,128925.2171,128925.2171,81478.674,4400217.6596,4400217.6596
1219,300795.SZ,20200123,25.89,12.7366,12.7366,1.43,37.9271,37.1669,4.6095,5.9386,5.6854,,,10016.4,2504.1,2504.1,259324.596,64831.149
1220,000709.SZ,20200123,2.41,0.3184,0.8407,1.38,7.057,12.5532,0.5365,0.2116,0.2053,4.1494,4.1494,1061860.7852,1061689.2601,402068.5877,2559084.4923,2558671.1168
1221,002349.SZ,20200123,4.88,1.6529,4.064,1.36,17.7577,,2.0084,3.0105,2.9752,0.9982,0.9982,83572.4374,82125.0432,33402.7143,407833.4945,400770.2108
1222,300206.SZ,20200123,7.48,3.8913,5.0949,0.81,46.9622,37.2616,3.3886,4.3832,4.0141,1.3773,1.3773,58172.1846,34043.8065,26001.0138,435127.9408,254647.6726
1223,300808.SZ,20200123,23.29,11.6816,11.6816,1.05,41.8519,40.2628,3.5858,4.2952,4.2383,,,16000.0,4000.0,4000.0,372640.0,93160.0
1224,600107.SH,20200123,6.75,3.9206,4.9245,1.39,282.3961,45.1177,3.988,5.807,5.6865,0.0,,36000.0,36000.0,28661.1262,243000.0,243000.0
1225,603279.SH,20200123,24.15,12.802,12.802,1.6,39.5166,30.7405,3.7914,3.3101,2.8872,2.4845,2.4845,40003.5,4050.0,4050.0,966084.525,97807.5
1226,300652.SZ,20200123,20.08,1.645,1.645,1.13,21.3161,27.0135,2.3249,3.8545,3.8792,0.996,0.996,8800.0,2952.2218,2952.2218,176704.0,59280.6137
1227,603609.SH,20200123,11.27,0.8513,1.9504,1.02,18.8328,12.0901,1.9969,0.6599,0.6109,1.5972,1.5972,92230.4396,83117.6469,36279.0808,1039437.0543,936735.8806
1228,603128.SH,20200123,6.01,2.0695,3.8027,1.35,18.8311,18.8238,1.5119,0.6439,0.6196,1.5974,1.5974,101203.8353,101203.8353,55077.3102,608235.0502,608235.0502
1229,600536.SH,20200123,72.3,4.7926,8.2815,0.97,322.6889,340.4921,18.5685,7.7511,6.8525,0.0968,0.0968,49456.2782,49456.2782,28620.9336,3575688.9139,3575688.9139
1230,600268.SH,20200123,5.08,1.4086,2.832,1.07,67.6521,,1.5778,0.7163,0.7067,0.7874,0.7874,69526.5184,63524.6434,31596.9712,353194.7135,322705.1885
1231,300588.SZ,20200123,9.76,3.8878,5.0399,0.99,70.9571,,4.2725,2.4478,5.2438,0.1434,0.1434,16325.15,10122.2,7808.3403,159333.464,98792.672
1232,002421.SZ,20200123,3.44,1.6919,2.0843,1.34,30.7079,35.0836,2.0056,2.6337,2.8842,0.0,,193503.9229,164824.338,133789.2241,665653.4948,566995.7227
1233,600736.SH,20200123,5.38,0.9813,1.7459,1.19,10.1319,13.1496,0.9978,0.8506,0.6093,0.0,,115129.2907,115129.2907,64709.8013,619395.584,619395.584
1234,600059.SH,20200123,8.25,0.7034,1.2,1.65,38.7688,37.6012,1.6236,3.8848,3.911,1.2121,1.2121,80852.4165,80852.4165,47390.0048,667032.4361,667032.4361
1235,000932.SZ,20200123,4.43,1.0426,2.6727,1.17,2.7586,3.9812,0.8995,0.2051,0.1792,0.0,,422191.0035,422149.7778,164677.4833,1870306.1455,1870123.5157
1236,688018.SH,20200123,223.89,9.9295,9.9295,0.98,190.7829,142.8106,11.5739,37.7141,26.6437,,,8000.0,1835.9425,1835.9425,1791120.0,411049.1663
1237,603920.SH,20200123,29.6,32.5401,32.5401,2.38,53.7064,43.4919,4.9481,5.5951,5.2396,1.4851,1.4851,40967.12,13112.2418,13112.2418,1212626.752,388122.3573
1238,601377.SH,20200123,6.8,1.0268,1.4679,1.12,336.4464,39.2027,1.3235,7.0064,3.5754,0.7353,0.7353,669667.1674,669667.1674,468407.6757,4553736.7383,4553736.7383
1239,300039.SZ,20200123,6.1,8.734,15.0632,2.06,28.1316,32.4451,2.6422,4.2518,4.5121,1.6679,1.6679,104600.0,103684.7993,60118.6784,638060.0,632477.2757
1240,300132.SZ,20200123,12.66,4.0738,6.0561,0.63,16.3354,13.9636,2.2454,4.6005,2.7336,0.5901,0.5901,51658.0886,38592.0,25960.0571,653991.4017,488574.72
1241,600326.SH,20200123,6.92,1.6344,2.265,0.93,13.3206,12.0599,1.7584,1.1926,1.124,1.1561,1.1561,86538.451,86538.451,62445.7243,598846.0809,598846.0809
1242,300390.SZ,20200123,7.0,6.6532,7.8933,1.1,76.7537,61.3121,4.4386,4.9578,5.2422,1.3393,1.3393,55127.6,33865.5776,28544.9507,385893.2,237059.0432
1243,300069.SZ,20200123,14.33,1.3907,1.9955,0.76,,,4.8305,9.098,10.0841,0.0,,11700.0,8419.6762,5867.9014,167661.0,120653.9599
1244,300604.SZ,20200123,29.78,12.4937,14.9237,0.97,256.6173,1683.7312,9.7014,43.3048,37.9066,0.1593,0.1593,31427.4791,12671.2927,10608.0136,935910.3276,377351.0966
1245,601117.SH,20200123,7.02,0.9378,1.6383,1.06,17.9264,12.585,1.0939,0.4252,0.3816,1.6809,1.6809,493300.0,493300.0,282363.352,3462966.0,3462966.0
1246,300710.SZ,20200123,26.1,9.6073,9.6073,2.51,123.9924,85.9127,3.0155,5.2129,4.7183,0.1533,0.1533,6861.4,3352.4,3352.4,179082.54,87497.64
1247,600734.SH,20200123,5.77,0.8071,1.4414,0.61,,,1.5487,0.5313,0.7467,0.0,,62237.2316,51919.2602,29072.6195,359108.8263,299574.1314
1248,603607.SH,20200123,20.94,4.4587,4.4587,0.99,27.8801,26.8735,3.3508,4.8108,4.3851,1.4327,1.4327,12751.2,4871.4344,4871.4344,267010.128,102007.8363
1249,300144.SZ,20200123,26.94,2.2824,3.9863,1.16,30.4022,27.7578,3.9432,12.1865,13.2815,0.4454,0.4454,145260.78,117577.5732,67320.8975,3913325.4132,3167539.822
1250,000402.SZ,20200123,7.5,0.3699,0.5373,1.3,6.8583,6.2218,0.691,1.0137,0.8373,4.0,4.0,298892.9907,298763.1546,205692.3393,2241697.4303,2240723.6595
1251,300362.SZ,20200123,2.37,2.8,3.7453,1.24,,,,2.9521,4.6386,0.0,,43699.919,31539.4569,23579.3229,103568.808,74748.5129
1252,688178.SH,20200123,47.66,21.1146,21.1146,0.56,52.0478,30.8993,4.0157,8.2243,5.2475,,,8499.7844,1933.5434,1933.5434,405099.7245,92152.6784
1253,600565.SH,20200123,3.17,0.6604,1.2085,1.32,7.5956,6.3828,0.9451,0.583,0.5156,8.8401,8.8401,243597.6284,236877.6284,129432.6001,772204.482,750902.082
1254,603388.SH,20200123,7.91,1.9439,1.9496,1.15,16.8644,15.8343,2.326,1.8348,1.7794,0.9044,0.9044,28862.75,12218.206,12182.424,228304.3525,96646.0095
1255,600206.SH,20200123,13.44,8.852,13.29,0.96,144.1018,132.3208,3.7627,2.3867,1.3005,0.0439,0.0439,84668.1332,83877.8332,55867.9964,1137939.7102,1127318.0782
1256,300262.SZ,20200123,4.79,1.4805,1.9815,1.15,26.102,38.3984,1.3347,2.9052,2.7038,0.8355,0.8355,66976.6999,45628.1914,34092.1932,320818.3925,218559.0368
1257,002911.SZ,20200123,15.14,0.5341,2.5926,1.54,23.25,20.4227,3.0481,1.6524,1.3079,2.8402,2.8402,55600.0,27078.985,5578.985,841784.0,409975.8329
1258,300349.SZ,20200123,16.17,2.7181,3.9349,1.32,13.9317,15.4855,1.9383,3.4016,3.4876,3.0924,3.0924,42911.9485,37197.7533,25694.8044,693886.2072,601487.6709
1259,600459.SH,20200123,14.8,2.806,4.6491,0.85,41.2237,33.1684,2.0596,0.3794,0.3166,1.2162,1.2162,43770.8011,43770.8011,26418.3562,647807.8563,647807.8563
1260,600642.SH,20200123,5.54,0.2711,0.5399,1.91,14.9034,12.092,0.9382,0.7513,0.7234,3.3455,3.3455,491203.8316,455203.8316,228549.255,2721269.2271,2521829.2271
1261,600295.SH,20200123,8.2,0.8247,2.6289,1.43,12.6809,8.3673,0.9535,0.4908,0.522,1.7066,1.7066,142794.7069,61200.0,19200.0,1170916.5966,501840.0
1262,600444.SH,20200123,10.03,0.5346,0.9661,1.05,31.1166,36.7241,2.5978,2.4648,2.095,1.2961,1.2961,14642.1932,14642.1932,8101.736,146861.1978,146861.1978
1263,300320.SZ,20200123,5.4,2.0191,2.6716,1.11,19.4429,16.3455,2.0052,1.5242,1.5062,1.037,1.037,60123.4191,50297.2962,38011.957,324666.4631,271605.3995
1264,002173.SZ,20200123,5.54,1.1131,2.1478,0.86,84.9106,,0.7088,2.3798,2.5641,0.0,,45485.6365,37090.7568,19223.3415,251990.4262,205482.7927
1265,002268.SZ,20200123,25.72,2.572,3.9774,1.42,179.3776,165.7819,4.9789,11.1662,11.1583,0.0583,0.0583,83833.6028,80989.4075,52372.5795,2156200.264,2083047.5609
1266,603838.SH,20200123,8.36,0.5372,1.4216,1.45,52.1132,54.1915,2.9448,4.9871,5.1691,0.5981,0.5981,26668.0,26668.0,10077.9,222944.48,222944.48
1267,000900.SZ,20200123,4.22,0.5791,0.8807,1.91,6.6468,6.5,0.6459,0.54,0.5062,3.5545,3.5545,151782.8334,151709.961,99756.5432,640523.5569,640216.0354
1268,600770.SH,20200123,5.18,1.7762,3.1798,1.36,125.2438,,1.9391,14.267,14.5655,0.0,,130000.0,130000.0,72615.9262,673400.0,673400.0
1269,600097.SH,20200123,9.63,1.109,2.4637,1.6,16.5353,19.4553,1.3564,1.2148,1.0741,1.8692,1.8692,24093.6559,22627.3033,10185.6162,232021.9063,217900.9308
1270,688089.SH,20200123,37.98,11.1981,11.1981,0.73,46.9923,35.5264,3.7167,15.9298,14.3385,,,12000.0,2558.1581,2558.1581,455760.0,97158.8446
1271,688007.SH,20200123,29.34,6.392,6.392,0.7,74.8631,69.2863,6.9443,9.5608,7.5524,,,45155.4411,6073.1315,6073.1315,1324860.6419,178185.6782
1272,603477.SH,20200123,10.31,7.9329,7.9329,1.66,41.9564,51.9784,2.916,3.9981,4.4304,0.7759,0.7759,24000.0,11350.0,11350.0,247440.0,117018.5
1273,000858.SZ,20200123,126.16,1.0958,2.4945,2.06,36.5881,29.7993,7.053,12.2334,10.2274,1.3475,1.3475,388160.8005,379577.0918,166739.9555,48970366.5911,47887445.9015
1274,300322.SZ,20200123,19.5,9.4424,12.0753,1.47,127.1141,70.6879,11.881,4.6053,4.5686,0.1538,0.1538,40676.985,37087.896,29001.3612,793201.2075,723213.972
1275,300371.SZ,20200123,13.0,2.6533,4.1202,1.46,26.7474,22.5612,3.216,7.7983,6.7593,1.0992,1.0992,16782.22,10881.5346,7007.3615,218168.86,141459.9498
1276,603161.SH,20200123,13.09,2.3815,2.93,1.48,16.6966,16.6646,1.3663,1.2688,1.0985,2.4064,2.4064,13340.0,6940.0,5640.78,174620.6,90844.6
1277,000570.SZ,20200123,4.41,0.6752,1.1548,0.66,39.9163,42.16,1.19,1.1607,1.1846,0.5669,0.5669,56137.4326,41137.4326,24052.909,247566.0778,181416.0778
1278,300276.SZ,20200123,7.62,1.2862,1.6063,1.09,25.7312,25.6337,1.6404,3.3814,3.2257,2.4065,2.4065,79516.9157,36302.5266,29067.3331,605918.8976,276625.2527
1279,300031.SZ,20200123,17.44,3.0517,3.8577,1.12,25.4635,24.4579,2.7218,3.1943,2.8976,0.0,,39676.7886,32407.4208,25636.2157,691963.1932,565185.4188
1280,688029.SH,20200123,180.87,4.9836,4.9836,1.0,125.1548,94.1048,10.0544,26.1544,20.0585,,,13334.0,3219.6054,3219.6054,2411720.58,582330.0287
1281,600579.SH,20200123,5.89,1.4689,3.1467,0.55,27.2828,59.3357,0.9442,0.4603,0.2848,0.0,,88339.6363,41044.7424,19160.1169,520320.4578,241753.5327
1282,603032.SH,20200123,21.13,1.7559,5.1639,1.58,13.0529,12.902,4.9477,19.8453,23.3659,0.284,0.284,16000.8,16000.8,5440.888,338096.904,338096.904
1283,600917.SH,20200123,7.06,0.2428,2.2018,1.15,31.597,27.0781,2.6078,1.7241,1.5566,1.1331,1.1331,155600.0,155600.0,17158.0,1098536.0,1098536.0
1284,000683.SZ,20200123,2.22,0.8986,1.2597,1.36,6.6985,8.4877,0.8626,0.9763,1.0981,0.0,,392439.8991,356278.2624,254146.5221,871216.576,790937.7425
1285,002039.SZ,20200123,14.03,0.7998,1.0806,1.15,11.6498,11.8772,1.5138,1.7938,1.8576,2.1383,2.1383,30539.8662,30539.1913,22603.7857,428474.3228,428464.8539
1286,600351.SH,20200123,5.28,1.4439,2.1155,0.72,14.874,14.1925,1.3998,1.3932,1.3511,4.7348,4.7348,77000.0023,77000.0023,52555.4238,406560.0121,406560.0121
1287,300723.SZ,20200123,40.67,2.8164,2.8164,0.61,31.4741,27.0052,4.7385,4.5844,4.2629,0.4919,0.4919,16114.28,4632.4743,4632.4743,655367.7676,188402.7298
1288,600070.SH,20200123,10.67,5.272,7.3081,0.67,25.6893,12.8506,2.0459,2.0127,1.7798,0.7279,0.7279,52194.6118,47909.6966,34561.6858,556916.5079,511196.4627
1289,002178.SZ,20200123,3.81,1.1751,1.8471,1.74,,,3.289,2.3886,2.8635,0.0,,71215.3001,71125.6616,45249.4622,271330.2934,270988.7707
1290,000558.SZ,20200123,3.15,0.6501,1.3798,1.3,,,3.3655,5.7811,31.174,0.0,,128922.3949,128841.9854,60700.5212,406105.5439,405852.254
1291,300334.SZ,20200123,6.2,1.8134,3.3453,1.57,157.9438,,1.1981,2.7286,3.1864,0.0,,30206.5356,29182.4067,15818.9602,187280.5207,180930.9215
1292,002580.SZ,20200123,5.21,1.7343,1.9843,1.13,112.5641,78.7798,1.5072,0.991,0.9618,0.0,,34912.9995,31247.2087,27311.0104,181896.7274,162797.9573
1293,600742.SH,20200123,12.8,0.9124,1.4447,0.45,13.1354,14.0306,1.3227,0.4775,0.4874,4.6875,4.6875,50765.616,50765.616,32059.8042,649799.8848,649799.8848
1294,300642.SZ,20200123,44.63,4.5004,7.3031,1.7,28.6058,27.2346,3.6603,11.1093,9.7345,0.6724,0.6724,9081.747,5350.8045,3297.3542,405318.3686,238806.4048
1295,002342.SZ,20200123,3.09,0.877,1.2387,1.58,166.4964,152.3483,1.2208,1.7603,1.6042,0.0971,0.0971,96000.0,88113.5625,62383.5625,296640.0,272270.9081
1296,000156.SZ,20200123,9.92,1.3214,3.0935,1.07,22.0725,21.3001,1.3083,4.1382,4.0098,2.2177,2.2177,143335.1902,128029.5337,54686.8435,1421885.0868,1270052.9743
1297,002181.SZ,20200123,5.49,1.5061,4.6183,0.54,116.8707,48.2539,1.5718,7.9966,8.9198,0.2186,0.2186,116105.8174,113443.2577,36994.9195,637420.9375,622803.4848
1298,603657.SH,20200123,25.36,3.5277,3.5277,0.97,24.112,23.8491,2.8917,4.8011,4.4492,3.1546,3.1546,9600.0,2862.5,2862.5,243456.0,72593.0
1299,603612.SH,20200123,12.2,3.274,3.274,0.95,20.3985,45.8329,1.6545,1.2258,1.0892,0.7377,0.7377,33698.686,17886.213,17886.213,411123.9692,218211.7986
1300,600697.SH,20200123,16.88,0.801,1.0701,1.41,10.3373,10.3136,1.0286,0.1721,0.1607,2.3104,2.3104,15908.8075,15515.6015,11614.2124,268540.6706,261903.3533
1301,300179.SZ,20200123,6.42,3.6644,4.3784,1.07,49.2728,32.9881,3.6617,8.4453,6.5707,2.334,2.334,49553.5459,33436.9463,27984.0576,318133.7647,214665.1952
1302,002545.SZ,20200123,6.62,0.6484,2.6842,0.95,18.4461,16.9617,1.0764,3.7478,3.3802,1.8392,1.8392,124406.2083,103216.703,24933.7041,823569.0989,683294.5739
1303,000422.SZ,20200123,2.73,0.7025,0.9633,1.85,9.1197,52.3794,19.5758,0.1913,0.1863,0.0,,89786.6712,89781.2984,65470.0299,245117.6124,245102.9446
1304,600173.SH,20200123,4.88,0.5246,1.1212,1.31,5.9313,5.8011,1.3265,1.2089,1.6407,2.0492,2.0492,70111.8244,69980.4244,32741.8766,342145.7031,341504.4711
1305,603321.SH,20200123,8.1,4.2214,4.8645,0.76,49.5932,71.0511,2.384,3.3713,3.4007,0.6173,0.6173,30700.0,11610.0,10075.0,248670.0,94041.0
1306,600303.SH,20200123,3.43,1.2879,1.7635,1.02,,,0.8316,0.795,0.8588,0.0,,67560.4211,67560.4211,49339.6343,231732.2444,231732.2444
1307,300599.SZ,20200123,10.48,1.8647,2.7713,0.7,15.6203,13.7814,2.0646,1.7011,1.5789,1.5267,1.5267,30400.0,13611.8925,9158.5725,318592.0,142652.6334
1308,000554.SZ,20200123,4.76,2.5118,2.5118,1.18,1219.2979,990.3285,2.5371,0.7436,0.7585,0.0,,48079.3318,36264.9711,36264.9711,228857.6194,172621.2624
1309,002038.SZ,20200123,14.2,2.8264,3.8337,1.76,25.5287,26.889,3.0477,6.7306,6.6544,1.4085,1.4085,102735.0,102735.0,75741.2559,1458837.0,1458837.0
1310,000158.SZ,20200123,7.01,4.6312,9.4434,0.92,60.2578,59.7443,1.9966,1.1605,1.0579,0.0,,159861.6721,156991.019,76990.3787,1120630.3214,1100507.0432
1311,300223.SZ,20200123,101.78,10.4717,12.657,0.97,1516.1261,355.5029,16.5115,78.9121,60.2498,0.0294,0.0294,20132.7568,12743.5202,10543.3574,2049111.9871,1297035.486
1312,002817.SZ,20200123,23.02,2.9509,3.5265,1.06,55.4727,51.7975,2.7843,6.7699,6.2439,0.3692,0.3692,8667.0,8667.0,7252.25,199514.34,199514.34
1313,603876.SH,20200123,14.76,2.919,5.7657,0.75,23.1507,22.1182,1.6786,0.6219,0.5868,0.6775,0.6775,43362.4323,23924.9523,12112.3723,640029.5007,353132.2959
1314,603991.SH,20200123,16.76,3.0996,3.948,2.12,32.8695,186.015,2.653,2.1924,2.4808,0.9547,0.9547,7453.4998,4107.8918,3225.1453,124920.6566,68848.2666
1315,000803.SZ,20200123,13.2,0.3819,0.9422,0.62,219.4972,,22.2173,3.6369,5.8205,0.0,,13535.0893,12773.0893,5177.5897,178663.1788,168604.7788
1316,600856.SH,20200123,1.97,0.6003,0.7194,0.84,,,0.7325,0.7859,5.629,0.0,,136665.4379,134342.2057,112101.1438,269230.9127,264654.1452
1317,600779.SH,20200123,51.39,2.2167,6.0189,2.84,43.3279,33.2144,13.0051,8.9059,7.5374,2.2222,2.2222,48854.5698,48830.3498,17983.7278,2510636.342,2509391.6762
1318,002664.SZ,20200123,14.92,1.5094,3.1274,1.21,22.9182,21.3304,2.5365,2.2686,2.2814,0.4692,0.4692,40002.0,34995.2625,16889.9575,596829.84,522129.3165
1319,000517.SZ,20200123,2.79,0.6825,1.8667,1.53,14.5988,10.4322,1.6155,2.2388,2.1317,0.0,,318392.2485,303570.7316,110985.9368,888314.3733,846962.3412
1320,002546.SZ,20200123,4.03,1.0194,1.869,1.37,21.5147,20.6913,1.1536,4.7561,4.7529,2.9777,2.9777,83404.9096,78190.3696,42644.3743,336121.7857,315107.1895
1321,601011.SH,20200123,4.12,1.3715,2.2089,1.48,19.367,49.2786,1.0761,1.8638,2.1475,0.0,,161039.4597,160480.7397,99647.1997,663482.574,661180.6476
1322,600185.SH,20200123,4.62,0.2375,0.4694,1.54,18.5753,15.2508,1.2121,3.0931,2.0297,0.0,,206109.143,206109.143,104292.1903,952224.2407,952224.2407
1323,600751.SH,20200123,2.93,2.2973,3.7899,2.64,141.0132,29.0459,0.6176,0.0252,0.0246,0.0,,289933.7783,257318.9052,155977.7926,849505.9704,753944.3922
1324,600576.SH,20200123,4.28,1.4828,2.7859,0.96,185.807,,1.377,3.679,3.9635,0.0,,61940.2409,61940.2409,32967.9408,265104.2311,265104.2311
1325,300092.SZ,20200123,7.05,1.8411,2.6099,0.49,238.7501,41.9697,2.7907,3.4335,3.1366,0.2128,0.2128,23159.9,16719.3133,11794.381,163277.295,117871.1588
1326,600798.SH,20200123,3.4,0.615,0.9522,1.31,17.4098,13.6592,1.1534,1.5957,1.4673,1.7647,1.7647,120653.4201,103085.0948,66578.8734,410221.6283,350489.3223
1327,688030.SH,20200123,46.3,8.2969,8.2969,0.7,121.0874,62.1228,6.3885,14.8403,12.2189,,,18022.3454,3665.0573,3665.0573,834434.592,169692.153
1328,600729.SH,20200123,27.7,1.8209,3.3144,1.65,13.5486,11.6456,1.8152,0.3304,0.3315,2.3466,2.3466,40652.8465,40642.6465,22329.3341,1126083.8481,1125801.3081
1329,300467.SZ,20200123,17.57,12.8734,14.3215,1.14,,,1.6743,5.3684,6.7377,0.0,,22334.8069,13154.3044,11824.2797,392422.5572,231121.1283
1330,002529.SZ,20200123,5.86,5.5753,9.218,0.75,,,1.1271,6.3332,5.506,0.0,,26000.0,26000.0,15725.427,152360.0,152360.0
1331,000829.SZ,20200123,6.09,1.2487,2.0753,1.13,,,2.5048,0.1488,0.129,0.0,,103732.5399,92959.7944,55931.9427,631731.168,566125.1479
1332,002585.SZ,20200123,4.5,1.3828,1.7695,1.37,16.1919,26.9746,0.6843,1.3488,1.2198,4.4444,4.4444,115627.8085,85219.2212,66595.441,520325.1383,383486.4954
1333,002831.SZ,20200123,30.33,0.6125,2.0762,1.26,28.1335,26.3035,4.437,3.1011,2.8092,0.8967,0.8967,87709.8616,87466.3559,25803.5188,2660240.1023,2652854.5744
1334,603236.SH,20200123,179.31,9.4171,9.4171,2.01,88.5993,97.7536,9.6447,5.9193,4.3284,0.0,,8918.0,2230.0,2230.0,1599086.58,399861.3
1335,600891.SH,20200123,1.32,0.5232,0.6539,0.34,,,,0.1726,,0.0,,61758.5803,38424.2051,30744.9819,81521.326,50719.9507
1336,002463.SZ,20200123,23.97,5.2546,7.987,1.46,72.4719,39.8107,8.6637,7.5209,6.209,0.4173,0.4173,172471.7363,168828.6541,111072.0938,4134147.5191,4046822.8388
1337,603959.SH,20200123,8.51,0.8621,2.1028,0.42,24.8981,30.0448,3.274,3.1591,2.4419,0.8058,0.8058,43904.0,43904.0,18000.64,373623.04,373623.04
1338,300624.SZ,20200123,70.71,8.2047,11.4282,1.37,69.6492,57.0225,8.0082,10.5404,8.4905,0.3523,0.3523,8142.75,4979.666,3575.0878,575773.8525,352112.1829
1339,000839.SZ,20200123,3.44,1.0279,1.6174,1.04,6.7214,6.476,1.4798,3.3928,3.9226,0.0,,391982.6352,391900.7202,249051.8857,1348420.2651,1348138.4775
1340,300274.SZ,20200123,11.39,4.1273,5.0066,1.58,20.4986,21.9281,2.002,1.6006,1.3937,0.5274,0.5274,145708.685,107451.4101,88579.0581,1659621.9222,1223871.561
1341,600152.SH,20200123,7.01,7.5024,11.9014,1.14,54.0614,,2.1396,1.8411,1.9413,0.0,,42092.0087,30027.419,18928.8738,295064.981,210492.2072
1342,300049.SZ,20200123,7.56,1.8968,2.3082,0.83,56.1519,2196.6913,1.471,2.2937,2.3189,0.0,,26305.31,22802.4122,18738.4467,198868.1436,172386.2362
1343,600540.SH,20200123,3.73,0.7495,1.2961,1.07,86.2574,,2.8021,1.3685,1.6621,0.0,,47092.3313,47092.3313,27232.0354,175654.3957,175654.3957
1344,002686.SZ,20200123,5.47,1.4532,2.3641,1.7,92.5827,,1.5683,1.5764,1.6776,0.3656,0.3656,43556.8564,34077.8014,20946.8002,238256.0045,186405.5737
1345,300810.SZ,20200123,64.1,8.2907,8.2907,1.0,58.7913,45.9411,5.2266,16.9107,15.6113,,,7870.0,1970.0,1970.0,504467.0,126277.0
1346,603327.SH,20200123,32.0,15.0759,15.0759,0.96,80.5473,51.9699,10.5167,13.0377,10.9215,,,40100.0,5100.0,5100.0,1283200.0,163200.0
1347,601311.SH,20200123,9.87,2.2252,4.2801,1.23,15.2395,14.1787,1.3686,0.9243,0.914,1.5123,1.5123,86382.3718,86382.3718,44909.3986,852594.0097,852594.0097
1348,600358.SH,20200123,3.88,2.2038,3.3397,3.17,,,4.3457,7.1195,5.8461,0.0,,50493.666,50493.666,33319.7,195915.4241,195915.4241
1349,300648.SZ,20200123,15.31,4.5985,4.5985,1.03,101.0441,886.9216,3.8769,6.847,6.1764,0.098,0.098,13540.0,6004.1338,6004.1338,207297.4,91923.2885
1350,002382.SZ,20200123,14.1,6.1592,9.0394,2.22,39.2048,29.4621,1.625,5.1233,3.9304,0.2837,0.2837,96403.1086,64036.6838,43632.7502,1359283.8313,902917.2416
1351,002963.SZ,20200123,31.55,6.0291,6.0291,1.12,27.7724,17.1696,2.9129,5.1457,3.6207,,,15035.993,3759.0,3759.0,474385.5792,118596.45
1352,600616.SH,20200123,4.79,0.6224,0.9724,1.06,,,1.2644,2.7436,2.7764,0.0,,51461.9192,51461.9192,32940.9465,246502.593,246502.593
1353,000889.SZ,20200123,9.24,1.0486,2.9034,1.37,24.448,30.5511,1.6829,2.0399,1.963,0.4106,0.4106,66910.1883,62164.3712,22450.9099,618250.1399,574398.7899
1354,002967.SZ,20200123,35.78,5.8169,5.8169,0.5,97.0385,89.1053,8.2859,9.6356,8.0518,,,33067.0,8267.0,8267.0,1183137.26,295793.26
1355,300650.SZ,20200123,15.83,2.1932,2.5746,1.29,29.6314,31.7273,3.2956,3.4902,3.1438,0.7581,0.7581,10735.16,4577.35,3899.31,169937.5828,72459.4505
1356,300061.SZ,20200123,5.86,2.079,3.3761,0.79,,,1.7496,1.7207,2.4796,0.0,,67691.4013,46362.4125,28549.3387,396671.6116,271683.7373
1357,603367.SH,20200123,17.66,4.9062,8.1241,0.87,15.8997,14.844,1.8004,2.1024,1.995,1.4836,1.4836,45335.3,28767.98,17373.28,800621.398,508042.5268
1358,002966.SZ,20200123,9.25,8.3466,8.3466,1.33,13.7528,12.468,1.109,3.9851,3.2714,0.0,,333333.3334,33333.3334,33333.3334,3083333.334,308333.334
1359,000757.SZ,20200123,4.39,2.0171,2.9975,1.42,36.8596,28.2816,1.8029,4.6304,0.9268,0.0,,66471.4511,45161.96,30390.3906,291809.6703,198261.0044
1360,000876.SZ,20200123,18.14,0.9448,2.0667,1.58,44.8647,22.9976,3.1769,1.1074,1.0175,0.1625,0.1625,421601.5009,419953.8589,191984.963,7647851.2263,7617963.0004
1361,002747.SZ,20200123,10.78,2.9311,5.221,2.06,89.5239,103.1416,5.6947,6.2031,6.6443,0.6639,0.6639,84071.8816,72791.4454,40865.4254,906294.8836,784691.7814
1362,002705.SZ,20200123,21.04,0.5481,1.7662,0.88,33.5442,25.4174,4.0823,1.997,1.8697,1.6635,1.6635,80147.2885,79599.3925,24704.0364,1686298.95,1674771.2182
1363,601368.SH,20200123,5.65,0.2356,0.5627,1.59,17.8639,18.9971,1.2059,3.7327,3.3853,1.6814,1.6814,88297.3077,73581.0898,30816.2725,498879.7885,415733.1574
1364,300539.SZ,20200123,7.08,1.915,2.7858,2.0,153.9756,351.9103,3.2474,2.8103,2.8051,0.5367,0.5367,21998.2099,11309.4005,7774.2143,155747.3261,80070.5555
1365,000581.SZ,20200123,18.28,1.6338,2.7915,2.06,7.6974,8.922,1.1215,2.1147,2.2543,6.5646,6.5646,100895.057,83649.0491,48958.9693,1844361.642,1529104.6175
1366,603709.SH,20200123,23.69,2.498,2.498,0.72,22.6228,23.0983,3.0211,2.1341,1.8627,0.9287,0.9287,8000.0,2000.0,2000.0,189520.0,47380.0
1367,601992.SH,20200123,3.4,0.4274,1.0195,1.58,11.1348,9.3726,0.7958,0.4368,0.3845,1.6176,1.6176,1067777.1134,833415.8264,349368.4792,3630442.1856,2833613.8098
1368,000608.SZ,20200123,4.67,0.2541,0.4787,1.13,305.4863,,1.1985,12.1243,15.1404,0.0,,74991.3309,74980.1859,39801.1,350209.5153,350157.4682
1369,600831.SH,20200123,9.2,4.5329,6.4102,1.29,62.0707,88.6115,1.7023,2.403,2.6253,0.1087,0.1087,70884.5828,70884.5828,50125.518,652138.1618,652138.1618
1370,603800.SH,20200123,12.48,0.9169,2.8212,1.36,29.1444,19.4346,2.5725,2.22,1.8999,4.0064,4.0064,20800.0,20800.0,6760.0,259584.0,259584.0
1371,300172.SZ,20200123,5.03,1.0026,1.1432,1.31,21.4752,20.9516,1.836,3.2883,3.2034,0.994,0.994,52195.0,35216.0025,30883.1931,262540.85,177136.4926
1372,300666.SZ,20200123,52.74,13.3794,13.6737,1.06,196.1856,250.0062,17.8804,17.7585,15.3983,0.11,0.11,21876.0,9385.1746,9183.211,1153740.24,494974.1084
1373,000166.SZ,20200123,4.82,0.3077,0.7133,1.52,29.0113,21.5316,1.4712,7.9001,5.4042,1.0373,1.0373,2503994.456,2253441.4205,972111.0346,12069253.2779,10861587.6468
1374,600732.SH,20200123,8.71,1.8196,2.3343,1.38,996.3864,30.5543,8.0139,101.7009,3.6938,0.0,,182988.823,44638.308,34794.8589,1593832.6483,388799.6627
1375,002599.SZ,20200123,4.4,3.194,4.489,0.68,19.4317,18.4851,1.4352,1.308,1.285,0.0,,54830.1013,34152.8108,24300.1816,241252.4457,150272.3675
1376,600705.SH,20200123,4.54,0.4552,0.8548,1.58,12.8721,13.2838,1.4316,5.4711,4.2153,0.7772,0.7772,897632.5766,897632.5766,477980.075,4075251.8978,4075251.8978
1377,600855.SH,20200123,11.8,2.1082,3.3002,1.74,68.3636,93.6609,2.4486,2.4581,2.1745,0.4411,0.4411,43959.1087,34093.1629,21779.2005,518717.4827,402299.3222
1378,600379.SH,20200123,5.37,0.6783,1.3171,1.9,46.098,44.2811,3.2794,2.0877,2.0198,0.8646,0.8646,33020.1564,33020.1564,17004.8952,177318.2399,177318.2399
1379,300300.SZ,20200123,9.7,4.9901,8.0567,1.47,52.9122,54.565,2.6437,10.9381,10.514,0.2072,0.2072,67994.5828,67134.9962,41581.9399,659547.4532,651209.4631
1380,600320.SH,20200123,3.54,0.2428,0.4473,1.49,42.0988,37.9599,1.2339,0.855,0.8266,1.4124,1.4124,526835.3501,332199.7661,180323.2242,1864997.1394,1175987.172
1381,300023.SZ,20200123,6.88,2.0172,2.7421,1.13,,,7.006,5.2,10.9222,0.0,,31610.6775,14440.8844,10623.1375,217481.4612,99353.2847
1382,300232.SZ,20200123,11.06,5.2213,12.0196,1.39,24.8038,20.8042,3.796,2.2601,1.9152,0.4458,0.4458,92453.9406,61896.4636,26887.8786,1022540.583,684574.8874
1383,603858.SH,20200123,20.79,1.3755,2.8682,1.11,12.568,11.7388,1.8199,1.7368,1.6233,5.7859,5.7859,114158.061,114158.061,54747.2595,2373346.0882,2373346.0882
1384,002124.SZ,20200123,9.96,4.5361,5.5303,1.52,,,4.8262,2.5559,1.9933,0.0,,115962.8098,94104.9998,77188.6286,1154989.5856,937285.798
1385,000582.SZ,20200123,8.57,0.4659,0.6418,1.4,21.693,16.1988,1.4599,3.327,3.0731,1.327,1.327,163461.6854,59637.8712,43291.7026,1400866.6439,511096.5562
1386,002053.SZ,20200123,7.2,0.7409,1.6398,1.03,47.7094,22.1612,1.4042,3.8309,3.0358,0.6944,0.6944,76097.8566,37170.2206,16793.9263,547904.5675,267625.5883
1387,000632.SZ,20200123,6.09,0.5518,0.7963,1.45,85.5861,74.5324,2.1402,0.4043,0.4561,0.0,,46551.957,46548.5356,32256.0197,283501.4181,283480.5818
1388,000504.SZ,20200123,7.53,0.6571,1.0449,1.71,,,,24.5975,18.0706,0.0,,31157.3901,31067.3201,19537.1546,234615.1475,233936.9204
1389,300189.SZ,20200123,3.46,0.9757,1.56,1.04,173.5484,,2.7037,20.6116,24.7358,0.0,,102400.0,95619.122,59804.7871,354304.0,330842.1621
1390,300623.SZ,20200123,39.93,22.5244,27.8042,1.48,73.5722,72.1893,5.5708,22.6777,20.343,0.4424,0.4424,30524.9337,12088.0377,9792.6207,1218860.6026,482675.3454
1391,600538.SH,20200123,4.55,0.788,1.506,1.03,,,3.3464,9.4111,8.6258,0.0,,46440.1185,46440.1185,24300.7472,211302.5392,211302.5392
1392,600727.SH,20200123,7.2,2.9648,4.2698,1.79,26.8627,16.7491,1.8045,3.8409,2.3032,0.0,,35098.6607,35092.6607,24367.2703,252710.357,252667.157
1393,002871.SZ,20200123,19.92,7.4156,7.4156,1.38,29.9316,34.0194,3.6526,6.7063,6.2118,1.0042,1.0042,11672.2,2922.0,2922.0,232510.224,58206.24
1394,600846.SH,20200123,9.22,3.3504,4.3726,1.28,19.1218,12.0807,2.2979,1.7542,1.0611,1.6269,1.6269,62476.1516,62476.1516,47870.9667,576030.1178,576030.1178
1395,002460.SZ,20200123,43.37,7.5091,8.5124,1.44,45.8274,125.7177,7.0855,11.2033,9.9735,0.6917,0.6917,129260.0809,78624.4635,69357.7296,5606009.7086,3409942.982
1396,002520.SZ,20200123,7.41,0.6855,1.4703,0.83,37.1144,27.599,2.0237,2.8447,2.0958,1.3236,1.3236,75586.1482,50417.7277,23504.93,560093.3582,373595.3623
1397,000040.SZ,20200123,3.65,6.5323,7.6655,2.0,4.8554,,0.3754,0.6255,0.5554,2.0548,2.0548,148687.387,106034.067,90359.3956,542708.9626,387024.3446
1398,688111.SH,20200123,179.5,2.6912,2.6912,0.57,266.3611,270.947,14.0972,73.2503,58.0816,,,46100.0,6664.2202,6664.2202,8274950.0,1196227.5259
1399,600346.SH,20200123,17.07,0.5837,1.5568,1.29,36.1636,18.5221,3.7221,2.0004,1.2981,1.2398,1.2398,703909.9786,463193.5609,173665.9534,12015743.3347,7906714.0846
1400,001872.SZ,20200123,16.52,0.4605,2.2778,1.34,29.1241,10.2197,0.9024,3.2728,1.8757,0.639,0.639,192236.5124,46485.8324,9398.0324,3175747.1848,767945.9512
1401,000877.SZ,20200123,10.69,1.8944,2.9367,1.23,9.0329,6.7671,1.2195,1.4134,1.1751,3.5547,3.5547,104872.2959,88009.4899,56771.329,1121084.8432,940821.447
1402,002505.SZ,20200123,1.7,0.6768,1.565,1.32,,,2.0434,0.6962,0.7963,0.0,,548537.22,548537.22,237235.4318,932513.274,932513.274
1403,300432.SZ,20200123,10.3,5.3555,10.0842,1.36,,,3.0916,3.0284,3.0231,0.0,,43472.4852,38620.3476,20510.5906,447766.5976,397789.5803
1404,000952.SZ,20200123,10.26,4.7277,5.6668,1.11,15.0382,17.974,2.6416,3.0604,3.2639,0.0,,25170.5513,25169.5243,20998.4442,258249.8563,258239.3193
1405,600630.SH,20200123,9.0,16.0562,22.9647,2.09,101.4987,393.0357,2.0893,0.8766,0.8698,0.0,,42486.1597,42486.1597,29705.04,382375.4373,382375.4373
1406,300420.SZ,20200123,5.88,4.6359,5.3115,0.9,32.1226,25.917,2.5621,4.1992,3.4388,0.6293,0.6293,71563.0489,46919.5741,40951.697,420790.7275,275887.0957
1407,600466.SH,20200123,6.87,0.7131,1.7284,1.13,9.3054,5.8477,1.5466,0.6715,0.4659,3.7522,3.7522,301251.6035,301251.6035,124287.3794,2069598.516,2069598.516
1408,300639.SZ,20200123,28.58,3.9889,4.039,0.86,54.4599,44.201,5.9858,10.7052,8.9621,0.7126,0.7126,21738.1347,10831.8177,10697.6577,621275.8897,309573.3499
1409,688100.SH,20200123,33.01,30.6845,30.6845,,93.2198,73.1901,7.8464,15.891,14.3965,,,50000.0,3998.4985,3998.4985,1650500.0,131990.4355
1410,300296.SZ,20200123,7.56,3.6745,4.0977,0.88,15.2026,17.1549,2.3057,2.4964,2.2402,1.0499,1.0499,254287.6576,186022.6351,166813.7626,1922414.6915,1406331.1214
1411,002445.SZ,20200123,1.26,0.8634,1.1755,1.1,,,1.0253,1.8045,3.156,0.0,,138939.0631,128192.8899,94158.8899,175063.2195,161523.0413
1412,600560.SH,20200123,8.5,1.5712,2.7849,2.06,90.4973,65.5638,2.45,3.395,3.2229,0.3412,0.3412,22364.55,22364.55,12617.8376,190098.675,190098.675
1413,002547.SZ,20200123,8.19,5.4407,6.3642,1.08,230.9879,409.3473,3.6843,1.8729,1.3206,0.0,,112805.7168,76289.3868,65219.3868,923878.8206,624810.0779
1414,600306.SH,20200123,5.21,1.7452,2.4912,1.79,,,,0.9312,0.8861,0.0,,17813.8918,17745.5496,12431.3872,92810.3763,92454.3134
1415,002357.SZ,20200123,5.81,1.1317,1.9924,1.38,48.4309,19.8091,1.5499,1.8973,1.9818,1.7212,1.7212,31348.9036,31323.5258,17792.1421,182137.1299,181989.6849
1416,600056.SH,20200123,13.32,1.6157,3.4202,1.11,9.2147,11.1802,1.5889,0.459,0.4086,3.2557,3.2557,106848.5534,106810.8198,50457.0197,1423222.7313,1422720.1197
1417,002293.SZ,20200123,8.77,0.4147,1.0455,1.52,13.6279,14.1264,1.8832,1.5135,1.5315,4.1426,4.1426,83060.7261,77798.787,30857.5683,728442.5679,682295.362
1418,300654.SZ,20200123,10.73,3.5642,3.5733,1.22,47.2371,50.1973,3.1971,3.939,3.9492,0.6524,0.6524,14002.5,6554.149,6537.4615,150246.825,70326.0188
1419,300288.SZ,20200123,12.92,3.477,4.201,0.98,41.8226,46.8999,3.1926,9.5309,9.5516,0.387,0.387,33794.1402,20837.6513,17246.6858,436620.2914,269222.4548
1420,002437.SZ,20200123,3.04,2.4206,4.9729,0.94,53.0789,54.7129,1.4462,1.2191,1.2158,0.3947,0.3947,219812.295,217478.5679,105859.3545,668229.3768,661134.8464
1421,002783.SZ,20200123,11.12,2.8649,3.668,0.78,51.0472,57.2403,2.4059,2.2377,2.1737,1.6218,1.6218,37534.3174,31600.0624,24681.7824,417381.6095,351392.6939
1422,002732.SZ,20200123,20.79,2.3953,5.7512,1.5,77.5175,37.1292,3.2976,2.5218,2.2977,0.481,0.481,15735.0,15558.0075,6479.6475,327130.65,323450.9759
1423,002752.SZ,20200123,6.12,0.2512,0.8188,0.75,119.5138,97.3524,2.7987,2.4301,2.198,0.4085,0.4085,83318.0519,83007.3005,25467.4402,509906.4776,508004.6791
1424,000998.SZ,20200123,17.97,6.291,7.5103,0.77,29.9189,53.172,3.8142,6.6111,7.123,1.0999,1.0999,131697.0298,96520.5889,80849.8747,2366595.6255,1734474.9825
1425,300135.SZ,20200123,2.56,0.8852,1.0103,1.75,56.8813,55.6173,1.8711,1.151,1.0407,0.3906,0.3906,92160.0,92160.0,80742.2568,235929.6,235929.6
1426,600654.SH,20200123,2.12,1.3479,1.3585,0.97,,,,0.75,1.0293,0.0,,128302.0992,75504.3154,74914.3769,272000.4503,160069.1486
1427,300177.SZ,20200123,10.03,10.2003,11.4895,1.51,70.957,108.9606,3.5486,5.2532,4.4778,0.145,0.145,67501.5286,50396.903,44741.7648,677040.3319,505480.9371
1428,600748.SH,20200123,5.37,0.8559,1.8877,1.56,15.0624,12.313,0.9554,1.1433,1.0556,0.5587,0.5587,184456.2892,184456.2892,83634.7149,990530.273,990530.273
1429,000965.SZ,20200123,3.15,0.526,1.0834,1.18,36.3775,,0.6869,1.5268,14.7755,2.5714,2.5714,110983.0895,110983.0895,53883.4999,349596.7319,349596.7319
1430,600323.SH,20200123,19.99,0.8488,1.5555,1.09,17.4956,17.6436,2.3877,3.1593,2.7691,1.0005,1.0005,76626.4018,76626.4018,41812.1306,1531761.772,1531761.772
1431,600192.SH,20200123,4.99,0.9537,1.5576,1.22,190.4414,261.1556,1.1377,1.2355,1.2793,0.1202,0.1202,44174.8,44174.8,27047.5247,220432.252,220432.252
1432,300815.SZ,20200123,42.55,0.8792,0.8792,,32.2804,21.3966,3.1293,2.091,1.729,,,13840.0,3460.0,3460.0,588892.0,147223.0
1433,600743.SH,20200123,2.29,0.2874,0.7303,2.0,7.1638,7.0961,0.684,0.7865,0.7756,5.2402,5.2402,234610.0874,234610.0874,92329.6035,537257.1001,537257.1001
1434,002561.SZ,20200123,7.91,0.51,0.8523,1.76,14.219,15.4184,1.4733,1.5892,1.6616,4.5512,4.5512,41576.3,39714.9645,23764.4944,328868.533,314145.3692
1435,002590.SZ,20200123,7.63,2.4594,5.4454,0.57,,,2.0253,1.6228,1.7447,0.0,,47964.6926,43447.5848,19623.0508,365970.6045,331505.072
1436,002949.SZ,20200123,20.4,4.7226,4.7226,1.59,31.7099,30.2361,3.6313,4.3653,3.559,1.2255,1.2255,19603.0,4903.0,4903.0,399901.2,100021.2
1437,601816.SH,20200123,7.05,18.5536,18.5536,0.57,33.7824,33.7824,1.8186,11.111,11.111,,,4910648.4611,260421.0267,260421.0267,34620071.6508,1835968.2382
1438,603050.SH,20200123,12.66,7.0691,7.1572,1.01,23.5914,23.4399,1.9122,1.6825,1.5648,1.3035,1.3035,16222.45,8120.11,8020.11,205376.217,102800.5926
1439,603311.SH,20200123,11.11,1.159,2.7409,0.58,35.8701,34.1277,2.8919,4.1279,3.6593,1.3501,1.3501,21000.0,21000.0,8879.5564,233310.0,233310.0
1440,603355.SH,20200123,23.7,0.3967,2.5686,1.35,22.4652,20.3514,3.0848,1.6207,1.6348,0.9283,0.9283,40100.0,40100.0,6193.0051,950370.0,950370.0
1441,300719.SZ,20200123,11.38,2.8827,3.5836,1.1,52.1948,27.2136,3.091,5.7947,4.9351,1.7509,1.7509,25428.1,13072.0474,10515.2644,289371.778,148759.8994
1442,600228.SH,20200123,6.11,0.6935,0.9319,1.18,183.9839,,25.4662,2.79,3.2326,0.0,,24132.0,24132.0,17958.6606,147446.52,147446.52
1443,600376.SH,20200123,7.42,0.3312,0.6995,1.44,6.0445,5.0218,0.7968,0.4817,0.3938,5.3908,5.3908,257956.5242,257956.5242,122126.6904,1914037.4096,1914037.4096
1444,600463.SH,20200123,6.85,0.7733,2.2686,1.56,134.2595,,1.4939,1.6237,1.841,0.2336,0.2336,30000.0,30000.0,10226.1881,205500.0,205500.0
1445,300690.SZ,20200123,26.1,6.5299,6.5299,1.23,32.9435,21.9803,2.938,5.3998,4.0217,1.7244,1.7244,11092.8979,5224.5728,5224.5728,289524.6352,136361.3501
1446,603726.SH,20200123,11.76,0.7633,2.266,1.27,19.5815,21.4809,2.4407,1.3908,1.3883,3.3406,3.3406,18565.12,18565.12,6253.988,218325.8112,218325.8112
1447,603066.SH,20200123,7.56,0.7953,1.7104,0.95,24.5496,24.4514,2.3153,3.2975,3.2062,0.8246,0.8246,30070.29,30070.29,13983.093,227331.3924,227331.3924
1448,603297.SH,20200123,35.89,2.7275,4.4907,1.32,32.166,30.2835,3.5951,6.9825,7.1652,1.0717,1.0717,10920.0,5108.1173,3102.5423,391918.8,183330.3299
1449,600133.SH,20200123,5.04,1.0825,1.3468,1.68,11.239,12.0071,0.8951,0.4371,0.4043,0.4776,0.4776,75380.2489,69317.0825,55712.9468,379916.4545,349358.0958
1450,300011.SZ,20200123,6.13,3.6297,5.6928,0.49,,,1.7706,2.5234,2.2809,0.0,,55865.0387,44766.5258,28542.8797,342452.6872,274418.8032
1451,000951.SZ,20200123,19.13,1.27,3.5838,1.74,14.1831,12.9253,1.9499,0.3179,0.3342,2.4046,2.4046,67108.08,67090.236,23775.9234,1283777.5704,1283436.2147
1452,300529.SZ,20200123,80.78,1.2795,1.7138,1.4,84.1326,65.7978,17.18,33.2704,26.2233,0.7422,0.7422,41866.336,22952.5105,17135.7891,3381962.6221,1854103.7982
1453,603716.SH,20200123,19.1,5.4903,9.7224,2.46,41.613,35.0195,2.4761,2.9741,2.3058,0.0,,20514.3709,19122.0587,10798.2895,391824.4842,365231.3212
1454,300549.SZ,20200123,12.98,1.1113,2.7402,1.49,35.3117,57.4341,3.4281,4.5433,4.7687,1.5408,1.5408,13334.0,8938.5825,3625.0,173075.32,116022.8009
1455,002259.SZ,20200123,1.93,2.0048,2.7008,2.88,,,1.0265,1.5121,1.3967,0.0,,75232.8267,71572.4519,53128.5696,145199.3555,138134.8322
1456,688108.SH,20200123,18.12,12.377,12.377,0.8,83.296,81.6106,6.913,19.5288,17.7382,,,41000.0,4517.0013,4517.0013,742920.0,81848.0636
1457,300707.SZ,20200123,18.48,16.6595,16.6595,0.66,35.1084,95.8301,4.5412,5.7089,7.3851,0.5387,0.5387,15720.0,7719.4182,7719.4182,290505.6,142654.8483
1458,600866.SH,20200123,5.4,7.4376,11.2558,3.21,94.3868,30.1826,2.6736,4.6452,3.761,0.0,,73901.9166,64539.3465,42646.004,399070.3496,348512.4711
1459,002146.SZ,20200123,9.06,0.5913,1.4358,1.14,5.2077,4.5211,1.074,0.6989,0.6093,4.9669,4.9669,434816.3851,389356.7908,160356.7731,3939436.449,3527572.5246
1460,603566.SH,20200123,17.1,0.9213,2.0498,1.53,40.5382,49.2637,3.3641,9.0412,8.4834,1.7544,1.7544,32149.6,32149.6,14449.5941,549758.16,549758.16
1461,601108.SH,20200123,10.82,4.5152,4.5152,1.24,47.4246,20.8762,1.8643,12.2579,7.8602,0.647,0.647,358900.0,240669.2646,240669.2646,3883298.0,2604041.443
1462,600478.SH,20200123,4.54,1.5884,2.0843,0.5,345.5642,,2.8074,3.9659,3.7344,0.0,,165328.1386,146968.668,112004.5072,750589.7492,667237.7527
1463,603266.SH,20200123,12.14,2.572,8.1085,0.56,35.9778,39.0072,2.7412,2.6082,2.6895,0.5871,0.5871,19907.484,19600.0,6217.12,241676.8558,237944.0
1464,603076.SH,20200123,22.5,2.3819,2.4504,0.8,43.0064,50.4261,2.022,1.7265,1.8853,0.7111,0.7111,7450.0,2684.9199,2609.8269,167625.0,60410.6978
1465,300175.SZ,20200123,6.62,1.7467,2.5061,0.94,53.2945,90.3846,3.7559,8.9297,7.1027,0.1511,0.1511,47080.0,46161.028,32173.732,311669.6,305586.0054
1466,000046.SZ,20200123,4.57,0.5921,2.0535,0.91,25.511,14.7733,1.0371,4.7424,5.6185,3.2823,3.2823,519620.0656,517496.4633,149229.1725,2374663.6998,2364958.8373
1467,002058.SZ,20200123,21.07,1.1096,1.693,1.27,661.8749,,16.4996,25.815,29.2987,0.0475,0.0475,14344.8332,14320.0281,9385.2425,302245.6355,301722.9921
1468,600262.SH,20200123,17.43,0.5325,1.2506,2.38,25.9335,34.0901,2.5472,2.4784,2.3258,1.2048,1.2048,17000.0,17000.0,7237.8501,296310.0,296310.0
1469,601186.SH,20200123,9.42,0.4637,1.1697,1.39,7.1323,6.4031,0.7944,0.1752,0.1596,2.2293,2.2293,1357954.15,1150324.55,456050.891,12791928.093,10836057.261
1470,600506.SH,20200123,9.51,1.7636,2.317,1.54,310.2381,277.6751,5.052,33.0084,53.1258,0.0,,14770.6873,14770.6873,11242.8858,140469.2362,140469.2362
1471,000559.SZ,20200123,5.9,0.6073,1.3964,0.92,22.4796,29.0935,3.1983,1.4296,1.5564,3.3898,3.3898,275315.9454,275314.9374,119737.9987,1624364.0779,1624358.1307
1472,603093.SH,20200123,23.65,9.5714,9.5714,1.08,110.7202,102.3901,5.6286,2.9838,1.4522,,,58000.0,7000.0,7000.0,1371700.0,165550.0
1473,600269.SH,20200123,3.98,0.5832,1.2362,2.34,7.9549,6.904,0.5952,2.0621,1.974,2.5126,2.5126,233540.7014,233540.7014,110171.6019,929491.9916,929491.9916
1474,300691.SZ,20200123,19.17,6.5056,6.5056,1.39,59.6599,68.2294,4.9261,3.6918,3.4829,0.9796,0.9796,22506.4704,9727.7952,9727.7952,431449.0376,186481.834
1475,300563.SZ,20200123,28.31,4.3512,6.675,1.46,51.3112,47.3095,4.4233,6.1179,5.2595,0.4062,0.4062,8000.0,4883.5456,3183.4661,226480.0,138253.1759
1476,002725.SZ,20200123,11.08,10.2196,16.1386,0.9,60.7455,48.8226,2.93,2.9324,3.4275,0.9025,0.9025,25600.0,17657.485,11181.475,283648.0,195644.9338
1477,000010.SZ,20200123,3.71,0.7202,0.7689,1.31,,,6.8922,8.8059,2.4499,0.0,,81985.4713,52209.3498,48902.0798,304166.0985,193696.6878
1478,603218.SH,20200123,20.49,2.3497,3.0538,1.07,38.8064,25.5587,3.3854,4.6317,3.4737,1.1221,1.1221,53134.7,13249.4765,10194.5188,1088730.003,271481.7735
1479,600036.SH,20200123,36.81,0.3817,0.6343,1.63,11.5236,9.9965,1.5183,3.735,3.4415,2.5537,2.5537,2521984.5601,2062894.4429,1241481.2046,92834251.6573,75935144.4431
1480,002630.SZ,20200123,2.34,3.4201,3.6778,1.97,,,0.8665,0.7575,1.0259,0.0,,118080.0,97148.1912,90342.9116,276307.2,227326.7674
1481,601666.SH,20200123,3.96,0.9515,2.0809,1.41,13.0743,8.7135,0.6726,0.464,0.3983,0.0,,236116.4982,236116.4982,107968.6502,935021.3329,935021.3329
1482,000025.SZ,20200123,20.04,1.1059,4.173,1.04,99.3788,75.0352,7.7527,20.8537,15.7263,0.0,,43105.832,39277.832,10408.9828,863840.8733,787127.7533
1483,300017.SZ,20200123,8.2,3.9733,4.9022,1.24,24.8199,20.6869,2.1222,3.1494,3.1804,0.3655,0.3655,243401.5604,217607.9499,176377.3811,1995892.7953,1784385.1892
1484,300803.SZ,20200123,43.33,18.4374,18.4374,1.44,137.2434,114.9107,16.0348,30.377,26.3375,,,40499.9999,5690.0,5690.0,1754864.9957,246547.7
1485,002077.SZ,20200123,6.6,5.7638,13.2155,0.76,,,1.277,2.2665,2.655,0.0,,58034.8513,54060.2575,23577.8305,383030.0186,356797.6995
1486,002187.SZ,20200123,8.88,0.613,1.4055,1.12,15.1212,14.8878,1.0867,0.3994,0.3664,3.3784,3.3784,34242.2568,34242.2568,14934.613,304071.2404,304071.2404
1487,002154.SZ,20200123,2.98,1.391,1.7302,1.4,69.9973,25.1032,1.3093,1.1669,1.1411,3.3557,3.3557,121761.1874,110741.8877,89034.031,362848.3385,330010.8253
1488,600556.SH,20200123,13.16,1.8544,2.1364,0.97,,,5.5982,330.7431,563.4664,0.0,,168042.0315,34875.3656,30271.3604,2211433.1345,458959.8113
1489,603995.SH,20200123,24.21,5.8947,5.8947,0.94,16.8609,16.2338,1.9921,0.3568,0.3516,,,23067.0,5767.0,5767.0,558452.07,139619.07
1490,300475.SZ,20200123,11.68,2.3454,5.2209,1.35,104.8642,55.6338,2.7535,11.43,10.9674,0.1941,0.1941,30000.0,19355.1282,8694.9851,350400.0,226067.8974
1491,300253.SZ,20200123,15.93,2.6593,3.2106,1.52,86.193,68.1401,7.1895,18.1703,15.2737,0.1242,0.1242,164110.3846,131964.4733,109302.8604,2614278.4267,2102194.0597
1492,000985.SZ,20200123,15.19,1.3031,3.5702,1.1,,32.5029,3.3719,1.1651,0.8711,0.0,,12963.95,12963.95,4731.89,196922.4005,196922.4005
1493,002137.SZ,20200123,8.35,12.5657,14.6254,0.8,,,3.2647,4.6567,6.1823,0.0,,57750.4854,36484.4109,31346.1276,482216.5531,304644.831
1494,603115.SH,20200123,19.59,6.5842,6.5842,1.26,27.2645,29.1897,3.2609,3.7305,3.7913,,,20800.0,5200.0,5200.0,407472.0,101868.0
1495,600587.SH,20200123,16.82,6.5726,9.2553,2.37,300.0386,10.1804,1.6474,0.6648,0.7314,0.2675,0.2675,40642.8091,40346.6668,28651.9026,683612.0491,678630.9356
1496,300345.SZ,20200123,7.02,3.4394,6.444,0.96,,,6.3041,29.6237,27.6446,0.0,,44129.5483,31957.1472,17056.5942,309789.4291,224339.1733
1497,600468.SH,20200123,3.82,1.0759,2.4541,0.59,90.9411,104.0127,2.5752,3.1581,2.8985,0.0,,112189.5038,112189.5038,49185.5726,428563.9045,428563.9045
1498,300217.SZ,20200123,2.28,1.8974,2.2253,1.08,20.0007,35.9543,1.4171,1.2966,1.3234,0.8772,0.8772,127349.3706,87915.8247,74962.0555,290356.565,200448.0803
1499,600864.SH,20200123,7.14,1.4672,3.602,0.97,,21.4506,1.1074,12.3348,12.1658,0.0,,208057.052,208057.052,84750.6593,1485527.3513,1485527.3513
1500,603551.SH,20200123,18.95,15.666,15.666,0.61,25.0914,25.9213,4.4623,4.5002,4.6438,,,40001.0,4001.0,4001.0,758018.95,75818.95
1501,600724.SH,20200123,3.45,0.2715,1.1787,1.98,6.6729,6.004,1.7659,0.9657,1.2377,0.5797,0.5797,144524.1071,144494.2664,33279.4209,498608.1695,498505.2191
1502,603083.SH,20200123,26.4,5.1824,6.5904,1.37,58.2651,400.0701,3.9052,1.4173,1.4729,0.5182,0.5182,16944.894,11216.5799,8820.2951,447345.2016,296117.7094
1503,600649.SH,20200123,5.48,0.3737,0.7689,1.73,13.4806,21.5178,0.7224,2.0082,3.7684,0.9124,0.9124,252957.5634,242079.2222,117667.3554,1386207.4474,1326594.1377
1504,002571.SZ,20200123,4.71,1.6814,2.3291,1.17,,,1.2648,2.3231,2.2208,0.0,,39195.07,28417.9188,20515.29,184608.7797,133848.3975
1505,600184.SH,20200123,10.94,0.6055,1.3556,1.41,96.0407,93.7889,2.3691,2.2977,2.5414,0.3199,0.3199,50876.0826,50876.0826,22723.926,556584.3436,556584.3436
1506,300212.SZ,20200123,37.35,2.293,3.7577,1.42,66.8966,51.0907,6.4561,6.8436,5.8144,0.3573,0.3573,54170.7345,50862.5447,31036.9082,2023276.9336,1899716.0445
1507,300294.SZ,20200123,30.4,1.4606,2.5795,0.93,28.0771,26.2813,3.4629,5.3739,4.5948,0.4934,0.4934,43332.4863,43332.4863,24536.2208,1317307.5835,1317307.5835
1508,002595.SZ,20200123,20.91,0.3365,0.4593,0.77,22.6329,20.5799,3.5392,4.4915,3.9779,1.7934,1.7934,80000.0,52705.1434,38617.3529,1672800.0,1102064.5485
1509,600645.SH,20200123,17.06,2.1364,2.7833,1.1,134.7371,,2.3825,6.0458,5.894,0.0,,46796.989,38377.4589,29457.119,798356.6323,654719.4488
1510,600973.SH,20200123,3.84,0.6532,1.1021,1.04,39.8738,27.9098,1.2303,0.1458,0.1463,0.7552,0.7552,122211.2517,122211.2517,72435.2969,469291.2065,469291.2065
1511,600180.SH,20200123,6.73,0.2949,1.0107,1.18,14.3877,14.8739,1.1312,0.1796,0.1914,0.6954,0.6954,101647.7464,101647.7464,29655.468,684089.3333,684089.3333
1512,000403.SZ,20200123,33.85,1.3774,2.996,1.26,115.3592,72.6985,12.0603,10.7307,10.6454,0.0,,27257.7599,27140.4099,12477.2604,922675.1726,918702.8751
1513,300620.SZ,20200123,39.98,7.2863,7.2863,1.21,45.1927,60.8805,5.7993,12.4851,9.9752,0.5003,0.5003,9033.7,2279.96,2279.96,361167.326,91152.8008
1514,601880.SH,20200123,1.96,0.3538,1.1611,2.05,48.2945,40.6181,1.3582,3.7417,4.0151,0.9694,0.9694,1289453.5999,773582.0,235725.5248,2527329.0558,1516220.72
1515,300348.SZ,20200123,25.35,10.6349,12.275,1.5,216.3508,244.0435,9.0337,11.2312,10.1608,0.3948,0.3948,48181.0269,35742.1615,30966.5177,1221389.0319,906063.794
1516,002210.SZ,20200123,1.27,2.5245,10.9421,1.84,,,1.4475,0.0511,,0.0,,165288.0386,132495.7931,30568.6274,209915.809,168269.6572
1517,300381.SZ,20200123,10.03,1.4838,2.4293,1.15,38.8659,36.0472,1.8619,2.495,2.2854,0.5533,0.5533,43984.1924,43048.7062,26293.2693,441161.4498,431778.5232
1518,300684.SZ,20200123,29.89,7.2645,8.444,1.1,53.5421,68.9695,10.2862,9.8719,10.7713,0.3764,0.3764,25205.04,10412.0237,8957.5791,753378.6456,311215.3884
1519,300553.SZ,20200123,37.8,1.7228,2.8791,1.14,110.8358,132.409,5.4593,12.9395,12.3529,0.5291,0.5291,4800.0,2501.2284,1496.6478,181440.0,94546.4335
1520,603306.SH,20200123,13.83,0.6897,1.4773,1.04,15.5378,19.3795,1.8413,4.3684,4.5975,3.6438,3.6438,31057.4706,30701.9706,14334.0996,429524.8184,424608.2534
1521,603989.SH,20200123,26.29,0.9604,2.8939,1.06,34.3269,31.0151,4.508,4.7346,4.5618,1.1411,1.1411,39000.2162,39000.2162,12942.3661,1025315.6839,1025315.6839
1522,601808.SH,20200123,16.46,0.7101,3.825,2.31,1109.2913,31.8453,2.1568,3.5788,2.6568,0.4253,0.4253,477159.2,296046.8,54961.87,7854040.432,4872930.328
1523,603488.SH,20200123,8.52,1.9292,2.4435,1.0,24.0538,21.8158,2.0778,5.6609,5.0385,2.3474,2.3474,20894.1,9677.127,7640.528,178017.732,82449.122
1524,603006.SH,20200123,10.73,0.9483,2.5965,1.35,20.2844,19.4895,1.8587,1.9993,2.0559,0.0,,19107.8186,19107.8186,6978.9398,205026.8936,205026.8936
1525,300041.SZ,20200123,9.94,2.0482,2.3351,0.93,35.6301,27.1862,2.5405,2.4324,2.388,1.5091,1.5091,42571.2412,32248.4073,28286.3193,423158.1375,320549.1686
1526,601028.SH,20200123,5.3,0.6705,1.341,0.83,189.6711,,2.0399,2.725,7.1087,0.0,,78302.576,78302.576,39148.3902,415003.6528,415003.6528
1527,002270.SZ,20200123,4.85,1.073,1.8047,1.66,22.4504,19.2799,1.5756,3.1758,2.6662,0.8866,0.8866,75923.913,73892.6458,43930.8487,368230.9781,358379.3321
1528,002908.SZ,20200123,13.01,3.8667,4.5921,0.94,36.2054,33.5065,3.8179,5.682,5.362,1.0249,1.0249,20086.215,11775.2006,9915.0956,261321.6572,153195.3598
1529,603165.SH,20200123,17.21,0.9292,3.7156,0.78,14.6761,12.0792,2.2845,1.4611,1.6488,2.731,2.731,17735.2,17735.2,4435.2,305222.792,305222.792
1530,300085.SZ,20200123,16.23,5.3263,6.8241,1.08,320.7983,344.7735,8.4753,8.8272,9.8696,0.1232,0.1232,70664.0535,41506.1607,32395.7582,1146877.5883,673644.9882
1531,600388.SH,20200123,9.68,0.7097,1.0614,1.1,12.9159,12.483,1.8842,1.1006,0.8914,1.7562,1.7562,106905.0,106905.0,71484.6375,1034840.4,1034840.4
1532,000592.SZ,20200123,2.69,1.595,2.1449,0.89,197.2213,,1.6004,5.5552,5.6464,0.0,,193178.0892,191382.4415,142317.6309,519649.0599,514818.7676
1533,601236.SH,20200123,18.06,19.112,19.112,0.89,169.7939,96.5704,5.0203,54.6175,38.7305,0.0,,363340.5396,36400.0,36400.0,6561930.1452,657384.0
1534,300487.SZ,20200123,37.68,3.1882,4.29,0.87,54.3637,27.1759,6.6443,12.321,7.317,0.3899,0.3899,20665.375,11008.9788,8181.4788,778671.33,414818.3212
1535,600345.SH,20200123,20.73,2.0891,3.9668,1.44,17.6674,34.3038,2.1233,27.7889,24.7697,1.7366,1.7366,19800.0,19800.0,10427.6962,410454.0,410454.0
1536,603379.SH,20200123,34.74,3.7084,3.7084,1.34,13.6755,17.7108,3.0764,3.4009,3.6028,0.0,,43605.6455,5973.3761,5973.3761,1514860.1247,207515.0857
1537,300163.SZ,20200123,3.47,2.1809,2.3925,1.44,,,2.9104,2.8022,3.1952,0.0,,47400.0,34172.1842,31149.3441,164478.0,118577.4792
1538,002362.SZ,20200123,17.34,5.2848,6.9267,1.3,237.1698,227.0579,4.2018,5.035,4.1735,0.0,,21698.9292,17881.5976,13642.8432,376259.4323,310066.9024
1539,601966.SH,20200123,22.06,0.8545,2.6584,1.68,22.411,17.5122,2.569,1.73,1.5789,1.335,1.335,120001.4153,118720.7153,38160.7153,2647231.2215,2618978.9795
1540,603444.SH,20200123,372.5,2.0527,3.5206,2.07,37.0362,30.2207,9.1415,16.1819,13.062,2.6846,2.6846,7188.2225,7164.0251,4177.0751,2677612.8813,2668599.3498
1541,300280.SZ,20200123,17.0,5.1941,7.1888,0.61,35.106,29.4087,1.6099,4.121,4.9092,0.0,,16206.5744,13403.4875,9684.5032,275511.7648,227859.2875
1542,300330.SZ,20200123,9.53,3.2206,4.3327,1.28,,,4.3309,7.7268,5.6199,0.0,,16800.0,16764.1461,12461.0757,160104.0,159762.3123
1543,002418.SZ,20200123,2.49,1.4513,2.4511,0.84,,,2.8543,0.9696,1.3857,0.0,,113640.0,100313.8026,59395.0402,282963.6,249781.3685
1544,600817.SH,20200123,9.31,0.0359,0.0535,0.06,299.8436,255.8433,14.7331,30.0705,22.9996,0.0,,16091.0082,15567.9074,10438.9097,149807.2863,144937.2179
1545,002850.SZ,20200123,54.4,4.9547,5.733,1.1,138.8308,61.7274,4.7602,5.711,4.8515,0.3676,0.3676,21000.0,9289.8132,8028.6111,1142400.0,505365.8381
1546,002777.SZ,20200123,36.64,1.7346,3.167,1.5,69.239,57.2789,7.7493,9.5106,8.7599,0.5249,0.5249,22430.2769,18998.2,10405.2,821845.3456,696094.048
1547,002256.SZ,20200123,2.3,1.3842,1.768,1.12,,,2.2743,7.1725,9.8281,0.0,,188241.1872,138895.7513,108742.5131,432954.7306,319460.228
1548,002896.SZ,20200123,22.79,3.2549,3.9441,1.14,25.0178,38.0707,2.9755,3.0435,2.8225,0.6582,0.6582,8000.0,3425.0,2826.5,182320.0,78055.75
1549,000767.SZ,20200123,2.38,0.1809,0.3309,1.58,22.9286,39.2137,0.9631,0.6521,0.6107,0.0,,307694.2219,291229.4234,159239.3137,732312.2481,693126.0277
1550,000631.SZ,20200123,2.85,0.121,0.4364,1.38,6.7456,9.8618,1.0763,2.5528,3.0279,7.0175,7.0175,243251.9168,243251.9168,67446.4427,693267.9629,693267.9629
1551,002097.SZ,20200123,5.7,1.1563,1.5445,1.76,14.4432,13.5357,1.1917,1.0772,0.8914,1.755,1.755,108773.7465,85858.2618,64280.903,620010.3551,489392.0923
1552,603669.SH,20200123,7.76,0.9063,2.3909,0.99,21.6443,23.6398,3.1311,2.3688,2.3276,6.7194,6.7194,50960.0,50960.0,19316.4316,395449.6,395449.6
1553,688266.SH,20200123,74.59,64.1233,64.1233,,,,9.0998,13653.2737,13653.2737,,,24000.0,5480.7914,5480.7914,1790160.0,408812.2305
1554,603200.SH,20200123,20.04,5.513,5.6197,0.59,25.3512,27.8541,2.5715,4.9083,3.8815,1.2199,1.2199,10130.2785,3482.973,3416.8635,203010.7811,69798.7789
1555,600588.SH,20200123,32.56,1.2293,2.5162,1.09,133.1856,89.7588,12.738,10.5831,9.9856,0.5819,0.5819,250389.8164,249267.3206,121781.9921,8152692.422,8116143.9587
1556,002855.SZ,20200123,13.95,12.7082,14.9643,1.75,119.6176,101.0839,2.7599,1.5925,1.3275,0.1792,0.1792,25147.79,8340.0,7082.62,350811.6705,116343.0
1557,002865.SZ,20200123,14.62,6.6302,6.6302,1.17,42.2536,,2.1559,1.9586,2.5703,1.0326,1.0326,12089.8773,3810.2773,3810.2773,176754.0061,55706.2541
1558,000785.SZ,20200123,9.64,7.7294,26.0006,1.88,874.4587,539.9572,1.5692,14.3509,14.3695,0.0,,601983.0101,14746.5904,4383.811,5803116.2174,142157.1315
1559,603227.SH,20200123,4.66,1.5194,2.4506,0.98,59.2857,31.4031,2.4434,1.5089,1.3821,0.6438,0.6438,65870.0,65870.0,40841.4096,306954.2,306954.2
1560,603368.SH,20200123,34.56,1.2488,1.7383,0.71,16.9516,13.0728,2.1297,0.7643,0.6344,1.7726,1.7726,25907.3441,25629.0441,18412.4159,895357.8121,885739.7641
1561,002292.SZ,20200123,8.84,2.0929,2.7311,0.78,,103.1823,3.0212,4.2247,4.4033,0.0,,135715.9525,81350.0409,62340.0263,1199729.0201,719134.3616
1562,603088.SH,20200123,9.68,2.1109,5.6882,1.95,37.5489,31.8682,2.9036,4.4131,4.2702,2.3613,2.3613,15680.0,15680.0,5818.9464,151782.4,151782.4
1563,300776.SZ,20200123,145.01,14.2418,14.2418,2.38,57.1079,34.6517,6.9573,26.279,15.2294,0.3448,0.3448,6612.515,1653.6,1653.6,958880.8002,239788.536
1564,300228.SZ,20200123,4.26,4.8606,4.9911,1.16,157.061,34.3561,1.1189,1.3933,1.1706,0.1174,0.1174,47274.1642,41382.2892,40300.2892,201387.9395,176288.552
1565,688388.SH,20200123,58.96,8.0944,8.0944,0.93,77.1545,40.2236,5.5287,11.803,8.8587,,,23087.6,5567.6858,5567.6858,1361244.896,328270.7548
1566,600146.SH,20200123,12.71,2.8827,5.1626,1.71,,,6.579,2.7622,4.7673,0.0,,46997.0,46997.0,26241.97,597331.87,597331.87
1567,300001.SZ,20200123,25.03,4.6476,8.3002,1.23,139.4966,130.9759,7.7183,4.2295,4.1513,0.04,0.04,99757.0075,92168.4344,51609.3982,2496917.8977,2306975.913
1568,600311.SH,20200123,2.74,10.8014,12.9755,3.64,,,3.9911,22.1772,10.2479,0.0,,66560.0,66560.0,55407.3266,182374.4,182374.4
1569,000887.SZ,20200123,9.46,1.9372,3.6406,1.12,10.3444,17.3365,1.345,0.9338,0.9788,2.101,2.101,122082.0947,121810.1024,64817.4447,1154896.6159,1152323.5687
1570,603106.SH,20200123,8.09,4.5002,4.5002,1.23,40.3952,1087.8906,2.0126,3.3247,4.0722,0.5705,0.5705,40040.0,16945.5,16945.5,323923.6,137089.095
1571,601101.SH,20200123,4.47,0.8653,2.2951,1.8,7.4379,12.9161,0.6292,0.9232,0.939,4.2506,4.2506,119999.8272,119999.8272,45243.3561,536399.2276,536399.2276
1572,603331.SH,20200123,16.39,2.8204,2.8204,0.61,29.8691,27.9436,2.8027,2.7177,2.533,1.4489,1.4489,12843.23,3181.33,3181.33,210500.5397,52141.9987
1573,603345.SH,20200123,53.85,1.2251,1.4284,0.67,47.0993,40.7982,4.6148,2.9886,2.6453,0.6698,0.6698,23637.6649,13687.6049,11738.8956,1272888.2549,737077.5239
1574,601699.SH,20200123,6.7,0.5892,1.5947,1.87,7.5264,7.8707,0.7656,0.7972,0.7944,4.0,4.0,299140.92,299140.92,110533.5788,2004244.164,2004244.164
1575,002750.SZ,20200123,12.4,2.3437,7.9889,0.68,358.0507,4309.9388,7.6497,14.781,18.2239,0.0,,40050.0,39728.8326,11655.055,496620.0,492637.5242
1576,300318.SZ,20200123,4.35,1.4056,3.4609,0.68,51.1752,69.5582,3.484,5.7122,5.4821,0.0,,81690.0495,72539.4829,29461.8699,355351.7153,315546.7506
1577,300610.SZ,20200123,11.81,3.3147,3.3147,1.33,20.6447,19.8614,2.189,2.2617,2.2663,0.9314,0.9314,15068.0,4994.4565,4994.4565,177953.08,58984.5313
1578,603915.SH,20200123,14.42,2.5697,2.5697,1.18,30.6404,27.2753,3.0926,3.7819,3.6434,0.0,,46332.74,8438.0,8438.0,668118.1108,121675.96
1579,603348.SH,20200123,23.67,14.4358,14.4358,1.27,41.7718,77.5769,2.5624,3.2289,3.4621,1.2674,1.2674,22101.2106,7101.2106,7101.2106,523135.6549,168085.6549
1580,300052.SZ,20200123,15.67,6.118,10.4296,1.4,113.6283,57.4504,4.8475,12.3703,10.8181,0.1281,0.1281,26367.18,26004.1157,15253.9914,413173.7106,407484.493
1581,600624.SH,20200123,9.43,7.4299,10.8354,2.45,150.9112,123.7226,5.498,6.4042,4.5723,0.2651,0.2651,68471.201,68471.201,46951.0874,645683.4254,645683.4254
1582,600720.SH,20200123,11.54,2.3062,3.0767,1.22,13.6817,7.8229,1.3555,1.5513,1.3417,2.565,2.565,77629.0282,77616.2687,58177.2258,895838.9854,895691.7408
1583,600989.SH,20200123,9.08,1.7339,1.7339,1.47,18.0183,16.0822,2.9654,5.1015,4.9291,3.0837,3.0837,733336.0,73336.0,73336.0,6658690.88,665890.88
1584,600562.SH,20200123,14.13,0.8246,1.4632,1.47,232.6173,264.4075,4.9152,8.4289,7.8246,0.1345,0.1345,62235.0719,62235.0719,35074.779,879381.5659,879381.5659
1585,601058.SH,20200123,4.7,1.8712,2.5349,0.96,18.995,11.5193,1.8251,0.9274,0.8617,1.0643,1.0643,270026.0678,207762.1941,153364.3485,1269122.5187,976482.3123
1586,601798.SH,20200123,6.0,0.2884,0.8612,1.01,33.7963,14.2973,1.1847,2.6448,2.0161,0.0,,35452.8198,35452.8198,11870.5461,212716.9188,212716.9188
1587,000009.SZ,20200123,6.48,4.6283,5.6256,1.25,78.1797,52.9137,3.1014,1.4266,1.2092,0.2572,0.2572,257921.3965,254383.6879,209287.5349,1671330.6493,1648406.2976
1588,603322.SH,20200123,18.32,2.4569,5.9743,2.08,115.4238,,6.6716,2.0562,2.042,0.3882,0.3882,15652.0,15652.0,6436.803,286744.64,286744.64
1589,600737.SH,20200123,8.22,0.802,1.6545,1.3,34.8973,59.6316,2.2046,1.0038,1.0832,0.0,,213884.8228,205187.6155,99459.255,1758133.2434,1686642.1994
1590,603300.SH,20200123,8.21,2.8119,4.4347,0.96,,42.2663,3.0236,6.2902,5.3459,0.0,,68008.3044,63636.4887,40350.5057,558348.1791,522455.5722
1591,603332.SH,20200123,26.56,5.5828,5.5828,1.14,20.5245,20.9242,2.3696,1.8121,1.8672,2.6355,2.6355,11893.8,2973.5,2973.5,315899.328,78976.16
1592,002645.SZ,20200123,8.48,2.1571,6.7916,0.87,24.9896,21.2669,2.0396,2.0487,1.7784,1.0885,1.0885,46287.3491,39557.1367,12563.7551,392516.7204,335444.5192
1593,300527.SZ,20200123,11.46,2.2972,6.0237,1.78,46.8451,53.0525,5.0483,3.9469,3.4217,0.2255,0.2255,91380.8115,91380.8115,34849.5808,1047224.0998,1047224.0998
1594,300230.SZ,20200123,5.3,12.8362,15.7737,2.44,11.1534,16.1795,1.3735,1.254,1.3066,4.6226,4.6226,81620.6041,54290.754,44180.5353,432589.2017,287740.9962
1595,002774.SZ,20200123,7.34,1.9136,1.9136,1.07,34.9167,56.0853,2.3704,2.8578,2.914,0.5719,0.5719,34134.72,8985.5892,8985.5892,250548.8448,65954.2247
1596,000972.SZ,20200123,3.4,0.5174,0.795,0.81,,,5.6841,4.1846,6.7255,0.0,,77128.3579,77128.3579,50193.6179,262236.4169,262236.4169
1597,000856.SZ,20200123,10.14,2.2829,3.2613,1.72,99.9113,173.7101,7.1204,1.133,0.8679,0.0,,22700.0,22700.0,15890.0001,230178.0,230178.0
1598,603896.SH,20200123,31.71,2.9986,3.0061,1.55,42.3785,43.5905,4.2498,8.92,8.5948,0.7253,0.7253,14387.1604,6203.9984,6188.6024,456216.8563,196728.7893
1599,600896.SH,20200123,4.17,0.5979,1.2841,0.86,31.6703,,2.2352,68.3145,114.3271,0.0,,86909.9075,86909.9075,40465.3662,362414.3143,362414.3143
1600,600170.SH,20200123,3.38,0.3442,0.5888,1.25,10.8267,8.1569,1.1618,0.1765,0.1451,3.9941,3.9941,890439.7728,848690.9929,496148.0229,3009686.4321,2868575.556
1601,603589.SH,20200123,51.0,0.9964,1.6782,1.33,19.9652,18.1405,4.6625,7.168,6.759,2.9412,2.9412,60000.0,60000.0,35625.3569,3060000.0,3060000.0
1602,600149.SH,20200123,5.12,0.9713,1.5013,1.38,946.379,215.6461,9.635,26.6157,13.3953,0.0,,38016.0,38016.0,24595.425,194641.92,194641.92
1603,300478.SZ,20200123,11.35,1.5941,3.583,0.94,67.8833,,2.6871,1.6851,1.8637,0.6872,0.6872,12667.3,12595.4448,5603.9448,143773.855,142958.2985
1604,601019.SH,20200123,6.78,1.2765,1.2765,1.15,9.5285,9.727,1.3948,1.5131,1.5586,4.2773,4.2773,208690.0,42690.0,42690.0,1414918.2,289438.2
1605,002212.SZ,20200123,21.8,2.5332,3.8389,1.16,52.0443,72.5553,3.0049,4.0085,4.0186,0.0,,115848.3285,89642.1771,59153.2012,2525493.5613,1954199.4608
1606,300768.SZ,20200123,36.74,9.7669,9.7669,1.48,73.1137,65.0533,9.1643,20.8739,19.1782,0.0,,40001.0,4001.0,4001.0,1469636.74,146996.74
1607,002524.SZ,20200123,9.94,4.3483,5.9302,0.86,,90.7907,5.4814,4.3618,3.53,0.0,,51572.9591,48422.7195,35505.8487,512635.2135,481321.8318
1608,603099.SH,20200123,8.65,1.24,3.0578,2.64,34.1076,31.7252,2.1185,4.9698,4.9535,0.3006,0.3006,26667.0,26667.0,10813.694,230669.55,230669.55
1609,600333.SH,20200123,5.08,0.7468,1.5745,1.54,,,1.543,1.9725,1.919,0.0,,60903.0684,52961.9808,25121.9808,309387.5875,269046.8625
1610,002594.SZ,20200123,59.83,2.5563,3.692,0.86,58.7099,57.7289,3.1134,1.255,1.21,0.341,0.341,272814.2855,114066.1634,78976.6656,16322478.7015,6824578.5562
1611,002950.SZ,20200123,34.32,6.1836,6.1836,0.4,63.6098,47.5356,7.4179,7.1463,6.3235,0.4371,0.4371,42217.6938,4800.0,4800.0,1448911.2512,164736.0
1612,300605.SZ,20200123,13.15,8.1153,9.2,1.4,40.6017,36.9111,4.1261,4.1415,3.7452,0.3042,0.3042,16530.0469,7348.4818,6482.0133,217370.1167,96632.5357
1613,600674.SH,20200123,9.11,0.4294,1.3784,1.64,11.2333,13.6846,1.4792,46.4402,48.249,3.2931,3.2931,440214.048,440214.048,137145.9894,4010349.9773,4010349.9773
1614,600723.SH,20200123,5.94,0.5524,1.3105,1.56,10.7447,10.0369,0.938,0.3883,0.3909,2.862,2.862,65840.7554,65806.9554,27738.3453,391094.0871,390893.3151
1615,603220.SH,20200123,20.48,3.691,4.196,1.28,47.3922,45.7081,4.4877,3.9509,3.6875,0.7324,0.7324,33776.0,18564.52,16330.13,691732.48,380201.3696
1616,300695.SZ,20200123,59.54,3.6402,3.6402,1.88,20.2612,19.8645,2.2066,7.9817,7.7777,1.6795,1.6795,6667.77,1667.77,1667.77,396999.0258,99299.0258
1617,300214.SZ,20200123,8.54,2.3319,2.9103,1.93,35.385,27.0681,2.1411,2.318,1.6049,0.5837,0.5837,42581.2614,36194.0722,29000.4097,363643.9724,309097.3766
1618,600735.SH,20200123,6.56,1.8756,3.8033,1.43,32.2659,28.3167,2.6069,1.8072,1.7221,0.9299,0.9299,37599.2296,37599.2296,18541.6835,246650.9462,246650.9462
1619,300446.SZ,20200123,15.38,2.4982,3.6585,1.21,27.4881,25.8189,4.3005,10.7124,10.2244,1.3004,1.3004,18420.0,17778.5898,12140.0667,283299.6,273434.7111
1620,600796.SH,20200123,5.27,1.2266,1.8536,1.48,,,2.8002,3.5877,3.9994,0.0,,30140.2144,30140.2144,19945.6541,158838.9299,158838.9299
1621,600760.SH,20200123,29.0,2.2595,2.4108,1.04,54.6409,38.6463,4.7707,2.0154,1.6611,0.0,,140038.9285,39852.2095,37351.2959,4061128.9265,1155714.0755
1622,002907.SZ,20200123,17.68,13.8633,15.5441,1.07,51.6798,43.5222,7.4448,10.0927,8.9216,0.1972,0.1972,40154.659,6196.0841,5526.0911,709934.3711,109546.7669
1623,002951.SZ,20200123,16.04,2.758,2.758,1.3,33.2428,35.1798,5.1732,9.9456,11.0384,2.4938,2.4938,40500.0,4500.0,4500.0,649620.0,72180.0
1624,300612.SZ,20200123,16.8,5.2267,5.2747,0.96,129.218,356.5119,6.7509,7.37,9.2231,0.0,,16200.0,4533.7444,4492.4925,272160.0,76166.9059
1625,300235.SZ,20200123,13.05,7.4784,10.3685,1.3,177.8325,71.1356,3.4555,20.4223,19.0227,0.0,,16783.109,11102.0161,8007.3978,219019.5725,144881.3101
1626,600360.SH,20200123,7.25,10.5826,13.8312,1.46,65.9279,83.8769,2.2757,4.0888,4.1911,0.4829,0.4829,96397.1304,96029.5304,73474.2098,698879.1954,696214.0954
1627,300161.SZ,20200123,15.37,4.2409,7.0896,2.33,159.1664,79.1104,2.4143,3.24,2.9639,0.1301,0.1301,17276.5551,16792.9991,10045.2176,265540.6519,258108.3962
1628,000695.SZ,20200123,7.38,0.4054,0.6271,0.63,44.8988,262.2928,4.4263,1.5666,3.2071,0.0,,22214.7539,22172.1339,14331.3145,163944.8838,163630.3482
1629,000905.SZ,20200123,6.91,1.3442,2.9954,1.47,171.4371,58.6182,1.2838,0.3226,0.3056,0.1229,0.1229,62519.1522,53100.0,23828.4,432007.3417,366921.0
1630,300521.SZ,20200123,10.49,1.4091,2.5813,1.3,59.3696,88.9502,2.9131,8.6864,8.7827,0.3337,0.3337,14400.0,14399.9055,7860.5392,151056.0,151055.0087
1631,000501.SZ,20200123,11.08,2.6278,4.6124,1.69,8.1151,7.8508,0.942,0.4812,0.4827,1.8051,1.8051,76899.2731,76775.7255,43741.3192,852043.9459,850675.0385
1632,000822.SZ,20200123,4.37,1.29,2.1621,1.14,6.6688,10.927,1.1367,0.7433,0.8056,4.5767,4.5767,89509.1926,89509.1926,53404.3048,391155.1717,391155.1717
1633,300812.SZ,20200123,76.5,61.0483,61.0483,5.69,80.8601,61.4161,8.2778,13.7412,11.7697,,,7751.1683,1938.0,1938.0,592964.375,148257.0
1634,000760.SZ,20200123,1.54,2.3451,3.2617,1.06,,,2.4433,5.4642,27.5698,0.0,,77184.4628,65444.4268,47053.3148,118864.0727,100784.4173
1635,600386.SH,20200123,3.7,0.8745,1.9434,1.54,29.0253,27.8176,1.7015,0.6224,0.5712,2.973,2.973,80640.0,80640.0,36288.0,298368.0,298368.0
1636,603809.SH,20200123,10.99,2.3201,2.3201,0.78,14.2733,17.923,1.481,2.47,2.5612,3.2497,3.2497,20907.32,11507.16,11507.16,229771.4468,126463.6884
1637,603010.SH,20200123,11.91,1.1589,2.1148,0.91,38.4182,36.7824,3.3093,2.3835,2.0516,0.9191,0.9191,34679.1324,34412.0124,18858.6743,413028.4669,409847.0677
1638,002737.SZ,20200123,15.16,2.0528,4.8901,0.93,15.7177,14.9767,2.8917,1.9799,1.9726,6.5963,6.5963,58400.0,53339.042,22390.5019,885344.0,808619.8767
1639,002193.SZ,20200123,7.51,1.0231,2.2081,1.59,19.851,18.0249,0.738,1.4802,1.5319,0.6658,0.6658,26171.555,26093.0633,12090.0766,196548.3781,195958.9054
1640,603393.SH,20200123,28.26,2.9161,5.034,1.17,18.9206,13.1978,2.6533,3.8793,2.491,2.5276,2.5276,22400.0,22400.0,12975.6845,633024.0,633024.0
1641,002313.SZ,20200123,18.96,1.7195,2.5121,1.37,82.5072,120.651,2.811,1.3383,1.1459,0.1319,0.1319,31200.0,31135.0599,21311.1102,591552.0,590320.7357
1642,002385.SZ,20200123,5.85,8.8036,20.919,1.08,48.4161,66.6254,2.5369,1.2715,1.4181,2.236,1.0164,419532.9495,278154.3701,117059.6403,2454267.7546,1627203.0651
1643,002238.SZ,20200123,8.06,1.0093,2.9388,0.9,25.2296,25.9601,1.8735,3.1888,2.9081,6.2035,6.2035,61735.32,61735.32,21201.8076,497586.6792,497586.6792
1644,300799.SZ,20200123,99.2,20.2155,20.2155,1.81,104.6107,93.1298,12.0904,50.2491,37.1344,,,6800.0,1700.0,1700.0,674560.0,168640.0
1645,600009.SH,20200123,68.98,1.9851,2.4098,1.23,31.4129,26.1378,4.2921,14.2725,12.5157,0.9568,0.9568,192695.8448,109347.6397,90078.0553,13292159.3743,7542800.1865
1646,603028.SH,20200123,11.41,1.2467,2.7804,1.09,148.973,203.1165,3.5835,4.6027,4.5837,0.2016,0.2016,22080.0,22080.0,9900.8663,251932.8,251932.8
1647,601007.SH,20200123,8.51,0.4773,0.8159,1.8,32.9779,33.0079,1.7344,2.4648,2.1731,2.3502,2.3502,30000.0,30000.0,17548.6145,255300.0,255300.0
1648,002841.SZ,20200123,83.37,0.5119,0.7051,0.87,54.4299,33.6531,12.0957,3.2185,3.1939,0.6491,0.6491,65566.1477,36596.2807,26569.5607,5466249.7337,3051031.922
1649,688138.SH,20200123,20.33,19.861,19.861,0.86,86.5703,73.6045,4.8938,13.315,11.8187,,,26680.0,6078.7477,6078.7477,542404.4,123580.9407
1650,300706.SZ,20200123,27.27,15.3451,15.3451,1.01,138.77,250.8174,8.7166,15.0343,12.0171,0.11,0.11,14112.0,6177.8574,6177.8574,384834.24,168470.1713
1651,000513.SZ,20200123,37.95,1.8902,3.1502,1.18,32.7805,30.0144,3.2664,4.0036,3.8087,2.4324,2.4324,93476.2675,59558.9142,35738.1518,3547424.3516,2260260.7939
1652,300496.SZ,20200123,58.1,5.8913,6.5634,1.11,142.3343,107.986,13.7666,15.9678,12.7138,0.1551,0.1551,40251.5097,28319.1797,25419.2103,2338612.7136,1645344.3406
1653,600085.SH,20200123,27.35,0.6455,1.3575,1.0,33.0691,33.0584,4.1184,2.6399,2.7398,2.7788,2.7788,137147.0262,137147.0262,65216.1722,3750971.1666,3750971.1666
1654,002953.SZ,20200123,20.55,7.4456,7.4456,0.79,30.5965,32.0897,3.8529,2.2759,2.3605,0.5839,0.5839,17207.9292,4302.0,4302.0,353622.9451,88406.1
1655,300370.SZ,20200123,3.75,10.3173,10.3173,2.08,,,4.1888,2.6179,2.7214,0.0,,95714.6344,72244.207,72244.1996,358929.879,270915.7763
1656,600088.SH,20200123,14.78,3.3006,7.6555,0.52,51.328,52.0737,4.8115,7.249,6.8939,0.5886,0.5886,39770.64,39770.64,17146.9217,587810.0592,587810.0592
1657,300380.SZ,20200123,20.51,2.1157,3.951,1.24,96.4817,86.3089,6.5009,5.1521,4.7284,0.4876,0.4876,13744.0,12120.1177,6490.0081,281889.44,248583.614
1658,002409.SZ,20200123,33.38,9.5414,14.363,1.97,116.2558,76.1854,3.5633,9.9845,8.5172,0.2696,0.2696,46285.3503,23284.7334,15468.2344,1545004.993,777244.4009
1659,600558.SH,20200123,3.09,1.0344,1.5484,1.16,44.653,83.3938,1.4316,1.0775,0.984,0.8091,0.8091,89760.4831,89760.4831,59965.0432,277359.8928,277359.8928
1660,002254.SZ,20200123,11.73,1.1646,1.8056,0.74,45.8243,43.1267,3.1438,3.2981,2.8965,0.4263,0.4263,61083.36,61082.7019,39395.9019,716507.8128,716500.0933
1661,300120.SZ,20200123,6.77,5.0221,5.422,2.57,23.3745,24.4905,1.314,1.5254,1.4078,1.2465,1.2465,46475.6611,23422.9161,21695.5758,314640.2256,158573.142
1662,603595.SH,20200123,28.41,8.7153,8.7198,1.1,52.718,,6.0001,6.9726,10.0334,0.1902,0.1902,21411.0651,7087.5952,7083.9636,608288.3595,201358.5796
1663,300218.SZ,20200123,7.69,1.6421,3.8611,1.09,72.4181,23.542,1.614,0.9936,0.9953,0.9753,0.9753,21698.7,21627.6394,9198.2394,166863.003,166316.547
1664,300338.SZ,20200123,9.22,3.8434,3.9653,1.83,32.1011,72.5848,1.4848,2.177,1.8829,0.1636,0.1636,34328.9092,19871.5873,19260.4766,316512.5428,183216.0349
1665,002222.SZ,20200123,12.46,3.7514,5.0267,1.18,35.415,41.0113,5.6341,10.8415,10.8102,0.8026,0.8026,42750.0,42292.4999,31562.9525,532665.0,526964.5488
1666,002240.SZ,20200123,8.57,3.49,4.8361,0.95,35.1985,48.7559,1.7796,2.2317,2.3644,0.0,,65720.6069,49063.1775,35405.8967,563225.6011,420471.4312
1667,603055.SH,20200123,6.55,1.4529,1.4529,1.17,14.5718,25.2489,1.944,1.6883,1.8677,2.181,2.181,76664.1971,14108.7783,14108.7783,502150.491,92412.4979
1668,600285.SH,20200123,9.96,1.8217,2.4481,0.84,23.2479,19.3475,2.739,2.7545,2.6313,1.538,1.538,56780.8992,56780.8992,42252.3579,565537.756,565537.756
1669,603042.SH,20200123,15.85,7.6545,9.8238,2.16,,,2.758,2.0925,2.3334,0.0,,13600.0,10102.8572,7871.9899,215560.0,160130.2866
1670,002017.SZ,20200123,13.9,3.0283,5.4431,1.1,158.2926,162.4236,4.4792,5.384,5.3363,0.2158,0.2158,44648.6084,44494.4856,24754.3972,620615.6568,618473.3498
1671,600171.SH,20200123,19.21,14.3061,19.45,2.15,132.5084,73.2142,4.5962,17.2383,16.023,0.2328,0.2328,70384.0714,67380.7773,49560.7773,1352078.0116,1294384.7319
1672,601579.SH,20200123,8.39,0.2027,0.5007,1.15,23.4639,26.4276,1.3196,3.495,3.5518,1.3087,1.3087,49736.0,49736.0,20136.0,417285.04,417285.04
1673,600476.SH,20200123,14.01,2.7596,4.549,0.64,1380.4811,,10.8585,7.2708,6.1974,0.0,,16107.0,16107.0,9771.228,225659.07,225659.07
1674,300492.SZ,20200123,48.83,1.3887,3.4545,1.29,151.9046,133.5561,14.1082,18.8132,17.6852,1.024,1.024,8320.0,6016.7914,2418.7802,406265.6,293799.9241
1675,300260.SZ,20200123,12.33,3.4917,8.3659,0.92,64.4617,46.7126,3.2901,2.1197,1.8456,0.811,0.811,20194.0,12668.0522,5287.3107,248992.02,156197.0836
1676,300101.SZ,20200123,11.07,5.8291,8.3414,0.91,382.2438,,6.6612,13.9346,14.0433,0.181,0.181,55834.5,55069.9535,38483.9535,618087.915,609624.3852
1677,002662.SZ,20200123,2.45,1.4069,4.0135,2.37,40.2842,,0.7429,0.6792,0.9575,0.8163,0.8163,150000.0,145897.11,51144.11,367500.0,357447.9195
1678,300798.SZ,20200123,14.79,9.3687,9.3687,1.04,59.2272,57.5923,5.1359,5.1388,5.1586,,,41774.8945,4178.0,4178.0,617850.6897,61792.62
1679,002888.SZ,20200123,20.2,7.1115,7.1115,0.6,89.2246,105.0032,6.1193,9.4459,9.3322,1.9802,1.9802,12467.64,3557.61,3557.61,251846.328,71863.722
1680,002625.SZ,20200123,8.44,2.3105,3.4638,1.07,257.819,158.7758,2.3706,39.2119,39.0684,0.0,,215458.7862,51084.8232,34075.3683,1818472.1555,431155.9078
1681,300507.SZ,20200123,13.17,4.3325,6.9816,0.77,33.3712,55.4837,2.9444,4.345,4.4268,0.6753,0.6753,22008.6,12883.9779,7995.2616,289853.262,169681.9889
1682,603489.SH,20200123,101.0,8.8143,8.8143,1.41,52.1618,39.0979,6.3863,12.8649,10.2491,,,12000.0,3000.0,3000.0,1212000.0,303000.0
1683,002158.SZ,20200123,8.7,1.6353,4.2912,1.15,22.9713,21.7931,2.3825,2.6881,2.7029,1.7249,1.7249,53502.8782,52991.5044,20193.7554,465475.0403,461026.0883
1684,601005.SH,20200123,1.75,0.3528,0.4705,1.73,8.7295,15.1855,0.8129,0.6894,0.6941,0.0,,891860.2267,838047.5067,628349.3467,1560755.3967,1466583.1367
1685,600209.SH,20200123,3.26,1.5924,2.1073,1.81,172.9644,100.6279,2.4597,8.9537,8.5928,0.1748,0.1748,43901.1169,43901.1169,33175.0731,143117.6411,143117.6411
1686,002910.SZ,20200123,10.9,2.5405,2.5405,1.25,32.7139,32.1229,1.7148,3.16,2.6027,0.6129,0.6129,19068.06,7411.79,7411.79,207841.854,80788.511
1687,600787.SH,20200123,5.01,0.4768,1.2286,1.27,23.0678,16.5013,0.9878,0.2891,0.2507,0.4529,0.4529,219980.1033,219980.1033,85364.2668,1102100.3175,1102100.3175
1688,600985.SH,20200123,9.26,0.7925,1.2715,1.31,5.6677,5.1326,1.0982,0.3678,0.3585,5.3996,5.3996,217241.2235,55274.7504,34449.597,2011653.7296,511844.1887
1689,002581.SZ,20200123,8.13,11.2959,17.7207,1.63,,,1.9078,8.0706,8.849,0.0,,65973.5586,40079.1161,25548.0694,536365.0314,325843.2139
1690,000919.SZ,20200123,7.25,1.7078,3.1242,1.42,15.1125,10.1829,1.2318,1.2604,1.443,2.3448,2.3448,50400.0,50278.9277,27484.5438,365400.0,364522.2258
1691,300581.SZ,20200123,16.4,2.4456,7.0408,1.35,43.6118,46.2783,4.3855,16.1885,12.2402,0.4634,0.4634,17176.0,17176.0,5966.0,281686.4,281686.4
1692,603733.SH,20200123,14.28,3.2261,3.2261,0.74,29.8877,28.1665,2.5404,2.1327,1.9568,0.7003,0.7003,61200.0,6200.0,6200.0,873936.0,88536.0
1693,300616.SZ,20200123,73.05,1.0186,1.0867,1.56,30.4218,27.9387,4.3721,2.184,2.0544,0.8214,0.8214,19867.86,6911.0449,6478.0403,1451347.173,504851.8299
1694,300561.SZ,20200123,15.09,9.4456,14.703,1.58,147.0528,138.2526,5.7119,15.6549,15.0952,0.8886,0.8886,25373.6848,13445.4546,8637.7247,382888.9036,202891.9099
1695,002282.SZ,20200123,8.07,0.8196,1.0385,1.92,40.9941,47.4757,1.6,3.3514,3.2603,0.3717,0.3717,43773.8511,23517.5226,18559.8525,353254.9784,189786.4074
1696,300460.SZ,20200123,22.53,7.5035,12.3258,1.69,,,5.7489,11.8852,12.948,0.0,,16827.42,16827.42,10243.9822,379121.7726,379121.7726
1697,600279.SH,20200123,4.19,0.7282,1.2304,1.77,36.599,32.4653,0.8978,0.7811,1.0878,0.8361,0.8361,118686.6283,69295.8572,41013.9003,497296.9726,290349.6417
1698,002682.SZ,20200123,4.54,1.2302,1.8118,0.91,15.2573,19.0399,0.8997,0.3733,0.3789,1.5419,1.5419,56236.8594,44408.3638,30153.498,255315.3417,201613.9717
1699,300520.SZ,20200123,21.23,6.3649,10.6186,1.29,108.7922,66.912,3.5349,5.4123,3.5006,0.1125,0.1125,25038.4762,19739.4548,11831.9478,531566.8497,419068.6254
1700,002453.SZ,20200123,4.98,3.3748,4.7285,1.55,116.2615,132.0754,3.0869,1.3806,1.1113,0.0,,57130.0,55471.5172,39590.6321,284507.4,276248.1557
1701,002493.SZ,20200123,11.5,0.0963,0.3624,1.2,45.0055,42.9449,3.2581,0.7913,0.8093,0.8696,0.8696,629110.775,581621.9475,154597.7335,7234773.9125,6688652.3963
1702,300400.SZ,20200123,13.36,2.8559,3.2313,0.72,35.83,88.9044,6.046,5.5166,6.4502,0.0,,24399.38,17156.5353,15163.3099,325975.7168,229211.3116
1703,002472.SZ,20200123,5.49,0.8263,1.2362,1.06,19.309,35.8281,2.4787,1.1963,1.2209,1.0929,1.0929,68654.9741,55592.4326,37156.4948,376915.8078,305202.455
1704,300751.SZ,20200123,179.98,4.9023,9.6865,1.36,54.754,43.7764,7.2644,11.8789,7.613,0.3889,0.3889,5200.0,2891.8888,1463.5764,935896.0,520482.1462
1705,000611.SZ,20200123,3.84,0.6422,0.7341,1.25,,,3.3933,69.4821,40.4388,0.0,,33782.2022,31934.7925,27934.7925,129723.6564,122629.6032
1706,002128.SZ,20200123,7.96,0.6946,1.9822,1.3,7.5459,6.1709,0.9685,1.8586,0.9255,5.0251,5.0251,192157.3493,163437.8473,57273.193,1529572.5004,1300965.2645
1707,603486.SH,20200123,22.1,2.4738,2.4805,1.54,25.717,41.7574,4.9541,2.191,2.3158,1.2829,1.2829,56447.76,17964.8728,17915.8628,1247495.496,397023.6889
1708,600122.SH,20200123,2.19,5.164,7.2758,4.52,,,0.4367,0.1809,0.5365,0.0,,115825.835,115825.835,82207.0279,253658.5787,253658.5787
1709,600083.SH,20200123,21.92,1.0251,1.8026,0.45,,,247.4376,3.2191,12.6672,0.0,,23000.0,22799.3326,12965.5088,504160.0,499761.3706
1710,300597.SZ,20200123,11.43,2.3359,2.3359,0.91,62.513,71.7285,3.4933,6.3826,6.7744,0.1662,0.1662,24000.0,14061.1086,14061.1086,274320.0,160718.4713
1711,002161.SZ,20200123,10.61,8.1229,10.8409,1.6,,11.5468,3.793,17.9241,13.4069,0.0,,73975.74,69858.5463,52344.1868,784882.6014,741199.1762
1712,603638.SH,20200123,28.86,0.4552,1.3951,0.81,52.9296,38.7071,6.2172,11.6772,8.9021,0.4371,0.4371,41297.2149,38551.04,12577.279,1191837.622,1112583.0144
1713,300773.SZ,20200123,77.39,11.0518,11.0518,0.95,51.6384,42.3962,6.4987,5.4507,6.0039,0.0,,40001.0,4001.0,4001.0,3095677.39,309637.39
1714,002726.SZ,20200123,6.51,1.1653,3.3906,1.5,36.724,31.9605,2.8405,0.7407,0.4725,0.5461,0.5461,99880.17,98034.4674,33691.7084,650219.9067,638204.3828
1715,600143.SH,20200123,9.19,4.5136,6.2893,1.15,37.9005,25.8724,2.4888,0.9342,0.8714,1.1124,1.1124,257362.2343,257362.2343,184700.0591,2365158.9332,2365158.9332
1716,600569.SH,20200123,2.32,0.6389,1.6028,1.84,3.5892,10.0658,0.666,0.2009,0.2155,3.592,3.592,287242.1386,239368.4489,95411.29,666401.7616,555334.8014
1717,600809.SH,20200123,91.68,0.5692,1.9395,1.19,54.4759,42.0793,11.0164,8.5165,6.8922,0.8181,0.8181,87152.8266,86584.8266,25408.5824,7990171.1427,7938096.9027
1718,002700.SZ,20200123,6.77,1.086,2.0001,1.18,40.9966,35.1599,2.6918,6.9408,5.5232,0.4431,0.4431,42242.688,31313.088,17001.888,285982.9978,211989.6058
1719,002110.SZ,20200123,8.46,0.7353,1.6627,1.02,3.1874,4.9942,1.1604,0.5722,0.5029,15.7604,15.7604,245157.6238,220358.3557,97450.6125,2074033.4973,1864231.6892
1720,300739.SZ,20200123,20.31,12.5792,12.5792,1.46,46.4295,43.7988,4.3525,4.9761,5.0169,1.1489,1.1489,27720.0,7020.0,7020.0,562993.2,142576.2
1721,600894.SH,20200123,7.3,1.2074,2.7792,1.54,46.8257,26.6979,0.8225,1.1491,1.056,0.6849,0.6849,85994.6895,85994.6895,37358.4966,627761.2334,627761.2334
1722,002623.SZ,20200123,32.59,3.2403,6.7042,0.89,65.8119,311.7851,2.3467,3.4073,4.9781,0.0,,16000.0,15957.3625,7712.4625,521440.0,520050.4439
1723,603970.SH,20200123,12.48,2.2782,3.3934,1.9,20.7533,19.8066,2.567,0.6416,0.5711,1.6693,1.6693,19200.0096,9552.0096,6412.8096,239616.1198,119209.0798
1724,603351.SH,20200123,32.91,3.085,3.085,0.95,27.4705,22.2437,2.5105,3.8325,3.5622,1.3023,1.3023,9333.338,2333.338,2333.338,307160.1536,76790.1536
1725,600636.SH,20200123,10.57,1.4437,2.4827,0.98,8.6984,401.8311,1.6161,2.8397,3.9712,3.5005,3.5005,44693.6885,44693.6885,25988.7775,472412.2874,472412.2874
1726,000530.SZ,20200123,3.74,1.0531,1.4748,1.73,28.5387,22.3005,0.9235,1.604,1.653,1.3369,1.3369,84321.2507,59774.7977,42683.1043,315361.4776,223557.7434
1727,000990.SZ,20200123,13.63,0.6023,1.4881,1.09,20.1084,31.574,1.0634,2.9103,2.944,2.0635,2.0635,125301.1919,83402.5091,33755.293,1707855.2456,1136776.199
1728,600676.SH,20200123,4.28,0.9285,1.7528,0.34,13.4987,20.3011,0.7578,0.4552,0.5032,2.3364,2.3364,102849.2944,102849.2944,54484.7903,440194.98,440194.98
1729,300686.SZ,20200123,21.91,16.0929,18.229,1.11,656.0179,47.3783,6.0812,6.8822,2.9644,0.0462,0.0462,20446.4,8807.2242,7775.1723,447980.624,192966.2822
1730,002119.SZ,20200123,15.36,13.7156,19.7517,1.49,71.842,61.512,6.5564,3.8872,4.226,0.1252,0.1252,37528.4,36750.35,25519.584,576436.224,564485.376
1731,000652.SZ,20200123,5.08,11.8618,17.7063,2.73,24.224,22.2692,1.6637,0.3898,0.3895,0.7874,0.7874,147557.3852,147412.5684,98754.5173,749591.5168,748855.8475
1732,300412.SZ,20200123,6.75,2.804,4.5209,0.79,51.8443,43.1387,2.21,3.0128,2.8075,1.639,1.639,25831.95,22206.5025,13773.2027,174365.6625,149893.8919
1733,300026.SZ,20200123,4.02,3.9887,6.5942,1.63,57.3207,45.7993,1.7473,2.8606,2.5192,0.4926,0.4926,300570.4837,243363.1065,147205.5261,1208293.3445,978319.6881
1734,002973.SZ,20200123,17.3,25.9005,25.9005,1.2,68.8675,55.5696,6.9027,4.4862,3.4898,,,40866.0,4089.0,4089.0,706981.8,70739.7
1735,300586.SZ,20200123,19.48,14.3239,18.3389,1.09,73.8626,44.6227,6.79,8.0093,4.4042,0.0,,24000.0,8302.75,6485.0,467520.0,161737.57
1736,002767.SZ,20200123,13.6,0.6766,1.8401,1.56,79.007,88.6415,2.8041,7.0583,7.0383,0.2279,0.2279,15000.0,12364.1875,4546.5718,204000.0,168152.95
1737,002139.SZ,20200123,5.82,6.096,6.3693,1.64,26.686,19.6454,2.5234,1.7405,1.6249,1.71,1.71,101877.5769,79831.3244,76406.1065,592927.4976,464618.308
1738,300503.SZ,20200123,11.85,2.0933,3.1232,0.7,66.3432,181.7438,3.1786,7.291,8.3558,0.3038,0.3038,28398.9089,15499.3179,10388.3581,336527.0705,183666.9171
1739,002877.SZ,20200123,8.21,2.8522,5.0977,1.05,43.2995,33.1345,3.9863,7.259,5.9363,0.4568,0.4568,33249.28,16659.32,9320.918,272976.5888,136773.0172
1740,002250.SZ,20200123,16.77,2.3473,3.2778,3.38,412.8148,45.0843,2.5865,3.7659,3.222,0.1194,0.1194,92387.8056,89664.9776,64211.3923,1549343.4999,1503681.6744
1741,000503.SZ,20200123,16.36,1.5816,2.1437,1.02,,,13.8616,154.0085,143.4361,0.0,,89882.2204,89882.2204,66311.9611,1470473.1257,1470473.1257
1742,000537.SZ,20200123,7.23,2.3135,3.1391,1.42,5.3813,5.0709,1.0437,0.4977,0.5242,1.7981,1.7981,186252.072,40594.5814,29917.4047,1346602.4806,293498.8235
1743,002786.SZ,20200123,8.06,1.6072,4.1868,1.16,73.7537,,3.1271,1.0209,1.0702,0.2605,0.2605,38124.0,37974.0,14577.4,307279.44,306070.44
1744,000421.SZ,20200123,4.36,0.4647,1.0154,1.97,17.4348,22.4351,0.965,0.7117,0.6753,2.2936,2.2936,57264.6934,57264.6934,26205.6287,249674.0632,249674.0632
1745,600433.SH,20200123,3.25,0.904,1.3744,1.29,37.8313,36.039,1.5717,1.6202,1.597,0.8,0.8,127131.5443,127131.5443,83619.4399,413177.519,413177.519
1746,600990.SH,20200123,42.9,1.9821,3.3716,1.03,26.5405,36.0075,2.9816,1.3016,1.4509,0.3963,0.3963,15917.911,13670.204,8036.4838,682878.3819,586451.7516
1747,600115.SH,20200123,5.1,0.7561,1.7335,1.36,30.8363,32.303,1.2291,0.7268,0.6935,0.0,,1637950.9203,980848.5682,427824.5682,8353549.6935,5002327.6978
1748,300733.SZ,20200123,10.89,2.9299,2.9422,1.3,26.1278,74.9381,1.5359,3.344,3.6834,1.1478,1.1478,16000.0,6783.7512,6755.3912,174240.0,73875.0506
1749,002333.SZ,20200123,4.52,0.8179,2.543,1.3,,,1.8092,2.0597,2.6711,4.4248,4.4248,50260.36,48496.972,15598.156,227176.8272,219206.3134
1750,000534.SZ,20200123,9.45,0.3789,0.7948,1.23,75.9028,36.7329,4.4777,17.9822,7.4966,0.5291,0.5291,49178.5096,49137.5657,23426.312,464736.9157,464349.9959
1751,600361.SH,20200123,3.61,0.8429,1.8723,1.68,28.8202,31.2253,0.88,0.2073,0.2065,1.9391,1.9391,66580.7918,66580.7918,29975.1147,240356.6584,240356.6584
1752,603100.SH,20200123,8.99,0.6187,1.4316,1.49,9.1864,16.1192,1.4752,0.9983,0.899,2.2247,2.2247,39500.0,39500.0,17070.0611,355105.0,355105.0
1753,300096.SZ,20200123,10.06,5.7257,7.7517,1.31,294.9789,131.1427,5.8164,5.9273,5.3561,0.0497,0.0497,43000.0,37652.2079,27811.7449,432580.0,378781.2115
1754,002284.SZ,20200123,5.09,1.2029,2.1477,0.89,471.2682,,1.4869,0.9616,1.1564,0.0,,73760.7197,68602.2839,38422.4397,375442.0633,349185.6251
1755,002537.SZ,20200123,6.69,1.8174,3.9285,0.93,62.4385,,1.3294,1.6601,1.5267,0.7268,0.7268,124353.5239,123783.5239,57264.2265,831925.0749,828111.7749
1756,600593.SH,20200123,40.6,0.9486,1.434,1.69,90.6978,132.8016,8.9931,15.0415,16.1577,0.0,,12880.0,12880.0,8519.9163,522928.0,522928.0
1757,000809.SZ,20200123,2.2,0.8338,1.269,1.72,18.7728,52.6699,0.5759,1.1688,1.1889,0.0,,82479.1293,82479.1293,54193.3793,181454.0845,181454.0845
1758,000564.SZ,20200123,2.15,1.6777,2.222,2.06,16.9413,,0.4153,0.7997,1.9197,0.0,,600782.8231,200589.5931,151453.1699,1291683.0697,431267.6252
1759,600261.SH,20200123,4.4,1.4486,2.5065,1.51,16.6154,10.3371,1.6759,1.1376,1.1712,3.4091,3.4091,145210.293,145210.293,83921.9098,638925.2892,638925.2892
1760,000629.SZ,20200123,2.62,0.7214,0.9692,1.31,7.2828,9.1755,2.3811,1.4844,1.513,0.0,,858974.6202,476713.9025,354849.335,2250513.5049,1248990.4246
1761,600448.SH,20200123,5.0,1.739,2.0959,0.85,124.883,338.9854,1.7682,0.804,0.8272,0.0,,52484.9718,51469.7434,42704.5993,262424.859,257348.717
1762,603377.SH,20200123,17.22,1.0111,2.9288,0.89,45.3504,45.3438,5.9179,9.6348,9.2172,1.1444,1.1444,58800.0,58800.0,20298.875,1012536.0,1012536.0
1763,002487.SZ,20200123,5.08,1.9474,3.6473,1.16,44.936,22.219,1.4535,2.9074,1.9853,0.1969,0.1969,55503.0,53690.5625,28666.8719,281955.24,272748.0575
1764,300263.SZ,20200123,5.29,3.6396,4.6996,1.28,35.6275,26.9359,1.7674,3.0037,2.5212,0.3782,0.3782,91486.9304,67385.8851,52187.6078,483965.8618,356471.3322
1765,603421.SH,20200123,17.4,1.248,2.9124,1.63,40.0265,51.3687,2.7399,4.6799,4.892,0.7531,0.7531,46910.7265,46431.2465,19895.7911,816246.6411,807903.6891
1766,603258.SH,20200123,28.96,7.6772,25.0297,3.13,54.5328,38.7685,3.8861,15.7709,11.5276,0.577,0.577,24418.1,24000.0,7361.39,707148.176,695040.0
1767,300146.SZ,20200123,16.8,1.6794,2.103,1.05,26.5279,23.422,3.6013,6.1106,5.0065,2.7624,2.7624,158249.2554,88188.0833,70422.7897,2658587.4907,1481559.7994
1768,601991.SH,20200123,2.33,0.1448,0.716,1.45,34.9237,45.6095,1.0098,0.4617,0.462,4.2918,4.2918,1850671.0504,999436.0,202054.8987,4312063.5474,2328685.88
1769,300645.SZ,20200123,14.21,2.5294,2.9477,1.14,35.7457,34.6697,3.0944,3.1754,2.7512,0.5556,0.5556,12666.6667,8629.6288,7404.9245,179993.3338,122627.0252
1770,300386.SZ,20200123,16.88,6.1761,8.319,0.94,52.9481,82.3377,4.0021,6.584,7.2174,0.2962,0.2962,41804.4,21925.06,16277.2642,705658.272,370095.0128
1771,600233.SH,20200123,13.96,0.5747,3.1661,1.41,20.8417,19.5837,3.3153,1.4448,1.3029,1.0692,1.0692,284257.1478,283575.9286,51473.2824,3968229.7833,3958719.9633
1772,600667.SH,20200123,9.6,5.46,9.2316,1.07,35.2916,30.7477,3.0317,1.2918,1.1968,1.4271,1.4271,210619.0178,210619.0178,124569.3736,2021942.5709,2021942.5709
1773,002218.SZ,20200123,3.14,1.6543,2.9483,0.92,43.6622,43.4665,1.3147,3.4639,3.5354,0.0,,123634.2104,121571.7329,68215.7951,388211.4207,381735.2413
1774,002771.SZ,20200123,11.1,2.9617,3.6646,1.32,55.3522,78.5521,3.4432,2.6648,2.9372,0.5198,0.5198,20986.55,12891.7459,10419.0182,232950.705,143098.3795
1775,600060.SH,20200123,12.48,2.1627,4.0445,1.03,41.6149,50.7712,1.1458,0.4649,0.4744,0.7212,0.7212,130848.1222,130848.1222,69968.202,1632984.5651,1632984.5651
1776,603156.SH,20200123,28.65,0.487,0.7255,1.19,10.6499,10.6886,2.6369,3.7098,4.1566,7.4794,7.4794,105457.8,63944.5325,42927.3755,3021365.97,1832010.8561
1777,600577.SH,20200123,2.66,0.8953,1.186,1.52,11.6849,13.8245,1.4931,0.4296,0.4403,1.5038,1.5038,192140.5191,192140.5191,145044.0275,511093.7808,511093.7808
1778,601003.SH,20200123,5.15,0.3411,1.9499,1.32,2.8632,4.649,1.2596,0.2787,0.2749,11.6505,11.6505,256279.32,256279.32,44836.0065,1319838.498,1319838.498
1779,600400.SH,20200123,3.56,1.2965,2.7097,0.93,43.5536,50.7514,2.1746,3.6327,3.5033,1.3512,1.3512,253325.6912,253325.6912,121209.435,901839.4607,901839.4607
1780,600111.SH,20200123,10.14,0.9326,1.759,1.4,63.1035,55.3498,3.8621,2.6399,1.9676,0.4931,0.4931,363306.6,363306.6,192622.5761,3683928.924,3683928.924
1781,000627.SZ,20200123,6.48,0.3583,0.9254,1.69,24.1348,24.0613,1.5749,1.0344,0.6506,0.463,0.463,494062.9165,430312.9165,166586.6288,3201527.6989,2788427.6989
1782,300621.SZ,20200123,10.6,2.216,2.216,0.82,32.0913,31.059,2.3563,0.9217,0.8785,0.7547,0.7547,20824.3,6574.342,6574.342,220737.58,69688.0252
1783,600231.SH,20200123,2.53,0.301,1.0953,1.07,5.8552,20.4812,0.9068,0.3374,0.3325,1.7391,1.7391,277108.2743,277108.2743,76157.7827,701083.934,701083.934
1784,300328.SZ,20200123,14.57,6.1595,12.6605,1.83,123.7262,121.6264,5.3021,6.8029,6.1915,0.3432,0.3432,46028.24,46028.24,22393.24,670631.4568,670631.4568
1785,603768.SH,20200123,10.6,0.9881,1.2638,1.12,27.6277,53.6258,1.2687,1.1537,1.2014,1.1321,1.1321,20400.0,7012.5,5482.5,216240.0,74332.5
1786,002155.SZ,20200123,7.65,1.6217,2.699,1.04,34.006,47.7355,1.871,0.738,0.6501,0.5229,0.5229,120203.9474,120192.7655,72218.6689,919560.1976,919474.6561
1787,600800.SH,20200123,5.23,1.0366,1.4419,0.77,72.3285,82.8537,2.6154,36.0831,48.5206,0.0,,100240.6266,61095.6047,43922.47,524258.4771,319530.0126
1788,600489.SH,20200123,8.11,0.9529,1.9187,1.02,142.8375,207.9054,2.0444,0.8124,0.7748,0.2466,0.2466,345113.7189,345113.7189,171397.1769,2798872.2603,2798872.2603
1789,002276.SZ,20200123,9.08,5.2448,8.3924,1.34,84.163,43.733,2.2564,1.0758,0.9809,0.2203,0.2203,103548.9098,103388.1936,64612.3982,940224.101,938764.7979
1790,002517.SZ,20200123,2.62,2.7973,3.8412,1.03,32.3399,,1.1461,2.4694,2.7472,0.0,,215251.7634,160004.2152,116521.0736,563959.6201,419211.0438
1791,300042.SZ,20200123,15.62,2.6136,4.0988,0.94,48.5335,43.016,3.1891,3.2374,2.842,0.8536,0.8536,20040.0,16780.5631,10699.9144,313024.8,262112.3956
1792,002773.SZ,20200123,38.25,0.499,1.2437,0.79,48.1933,45.2127,7.5171,11.4798,10.6504,0.5631,0.5631,87559.7684,62126.0356,24928.4937,3349161.1413,2376320.8617
1793,600336.SH,20200123,4.45,1.3429,2.6159,1.78,50.8773,32.9427,1.8605,0.63,0.5745,0.6742,0.6742,79918.3269,77675.3269,39876.6824,355636.5547,345655.2047
1794,600337.SH,20200123,4.27,0.7818,0.9247,2.12,16.759,16.1395,1.6728,1.4373,1.3826,4.4151,4.4151,177091.2736,172831.1198,146126.6492,756179.7383,737988.8815
1795,002309.SZ,20200123,6.14,0.9035,1.2266,1.22,,,0.6194,0.32,0.3976,0.0,,87178.7068,69649.9514,51302.3995,535277.2598,427650.7016
1796,002800.SZ,20200123,26.8,3.6721,7.0867,0.8,344.5108,62.6322,4.2848,2.11,1.6049,0.0597,0.0597,7468.0,7139.875,3699.625,200142.4,191348.65
1797,600105.SH,20200123,4.16,1.6408,2.9128,0.83,26.7728,49.872,1.8686,1.6084,1.4416,3.6064,3.6064,124544.74,123831.235,69755.4408,518106.1184,515137.9376
1798,600547.SH,20200123,32.47,1.6859,3.0978,1.0,114.9262,95.6108,4.5288,1.837,1.2221,0.22,0.22,309961.1632,219649.6472,119535.9642,10064438.9691,7132024.0446
1799,002522.SZ,20200123,6.0,1.519,2.6718,1.41,151.3163,83.3096,2.9725,5.1819,4.6325,0.5,0.5,90577.9387,85518.6034,48621.6778,543467.6322,513111.6204
1800,603199.SH,20200123,21.93,0.6929,1.8128,1.52,26.3581,20.3881,2.0406,5.0013,4.4981,0.7752,0.7752,11068.0,11068.0,4230.3286,242721.24,242721.24
1801,000869.SZ,20200123,27.37,0.4306,1.8081,1.47,17.994,18.7267,1.8949,3.6484,3.902,2.1922,2.1922,68546.4,45346.08,10798.6944,1876114.968,1241122.2096
1802,603166.SH,20200123,5.75,0.3556,1.5351,1.27,30.5275,28.6418,1.6233,2.4364,2.4225,2.6195,2.6195,59525.871,59201.871,13713.6299,342273.7583,340410.7583
1803,002549.SZ,20200123,6.96,1.8224,4.4746,0.8,46.2521,38.3572,4.4672,8.6034,8.4049,1.4368,1.4368,62370.0,62023.4925,25260.6827,434095.2,431683.5078
1804,300024.SZ,20200123,15.13,3.1594,4.2723,1.99,52.5345,57.9875,3.6726,7.628,8.1876,0.0,,156023.9617,151362.6845,111935.4674,2360642.5405,2290117.4165
1805,300772.SZ,20200123,17.0,8.1338,8.1338,1.65,41.515,23.5385,3.4606,1.509,1.1035,0.0,,29396.0,7349.0,7349.0,499732.0,124933.0
1806,600475.SH,20200123,9.86,1.2969,1.2969,1.62,13.1533,12.8351,1.107,0.74,0.794,2.3327,2.3327,55939.2211,14049.5478,14049.5478,551560.72,138528.5413
1807,603268.SH,20200123,16.5,0.8455,2.1023,0.46,54.4516,65.8013,3.1886,3.4665,3.4627,0.5802,0.5802,12416.88,12416.88,4994.08,204878.52,204878.52
1808,603739.SH,20200123,25.57,4.401,4.984,1.19,47.4287,50.1296,4.2322,4.8587,4.7064,0.7822,0.7822,15466.7,7437.6,6567.6,395483.519,190179.432
1809,600515.SH,20200123,4.95,3.4727,3.7701,1.09,10.2588,15.8966,0.6238,1.6594,1.5921,0.0,,390759.246,165829.5366,152748.3196,1934258.2677,820856.2062
1810,300149.SZ,20200123,13.38,1.1184,1.7475,0.84,41.5143,51.4863,2.9893,6.7077,5.0265,0.5232,0.5232,49977.6892,40514.5879,25929.1505,668701.4815,542085.1861
1811,000606.SZ,20200123,4.74,4.1787,6.2205,2.21,38.9129,,1.2519,4.9377,2.5579,0.0,,76579.9353,70720.1606,47507.4574,362988.8933,335213.5612
1812,300093.SZ,20200123,10.9,3.0999,3.9619,0.98,186.0687,270.425,3.2215,3.1916,3.3946,0.0,,21600.0,21564.675,16872.685,235440.0,235054.9575
1813,600338.SH,20200123,10.89,1.2177,2.8935,1.35,11.0538,15.2665,3.7177,4.8652,5.4695,0.2624,0.2624,91421.0168,91421.0168,38474.2146,995574.873,995574.873
1814,300255.SZ,20200123,5.78,2.2893,3.2735,0.73,38.6043,31.194,2.0149,3.27,2.7998,0.4844,0.4844,93496.6878,59828.3868,41839.856,540410.8555,345808.0757
1815,000959.SZ,20200123,3.35,0.1609,1.1658,1.47,7.3716,11.8183,0.6547,0.2694,0.2621,0.0,,528938.96,505709.9619,69794.9602,1771945.516,1694128.3724
1816,603976.SH,20200123,16.5,8.538,8.538,1.02,30.1426,39.3649,2.4411,4.1874,4.7329,0.4848,0.4848,15120.0,3829.9938,3829.9938,249480.0,63194.8977
1817,002217.SZ,20200123,6.1,4.4233,6.4978,0.93,13.9949,22.6568,1.5949,1.1246,1.2417,0.7213,0.7213,311641.622,269996.4957,183795.1134,1901013.8942,1646978.6238
1818,000532.SZ,20200123,11.06,1.9307,3.8125,0.93,69.7371,64.5274,4.7464,7.1875,7.5398,0.2712,0.2712,34470.834,34348.3446,17395.0697,381247.424,379892.6913
1819,002740.SZ,20200123,8.03,6.2467,6.8485,0.59,129.5289,88.8062,1.2884,1.9428,1.8418,0.1245,0.1245,45406.1077,23539.55,21470.8808,364611.0448,189022.5865
1820,300086.SZ,20200123,5.19,4.8436,8.3264,1.01,174.7315,,1.5118,2.6457,2.3161,2.8902,2.8902,45000.0,43566.3111,25343.006,233550.0,226109.1546
1821,600298.SH,20200123,27.97,0.9237,1.6991,1.69,26.906,27.1644,4.8018,3.4476,3.1374,1.2513,1.2513,82408.0943,82408.0943,44800.7622,2304954.3976,2304954.3976
1822,600509.SH,20200123,3.38,0.7814,1.2603,1.13,78.5529,,0.6183,0.7853,0.8017,0.4734,0.4734,115141.5017,90569.6586,56157.8973,389178.2757,306125.4461
1823,002224.SZ,20200123,6.85,5.3723,6.0827,0.93,59.7485,54.7086,2.2417,5.3659,5.084,0.2189,0.2189,71995.7123,53305.7168,47080.5183,493170.6293,365144.1601
1824,300243.SZ,20200123,7.27,1.0041,1.4549,1.78,18.7273,25.2314,2.5726,1.1685,1.3393,1.2505,1.2505,23232.2851,18681.698,12893.6846,168898.7127,135815.9445
1825,000426.SZ,20200123,5.07,2.3895,5.3684,2.04,,,1.806,3.819,7.6453,0.0,,183719.2219,146108.4117,65034.2983,931456.455,740769.6473
1826,002085.SZ,20200123,7.25,0.6461,1.2652,1.05,16.5379,20.429,2.6127,1.4407,1.4895,4.1379,4.1379,218687.9678,211373.5508,107943.1189,1585487.7666,1532458.2433
1827,000568.SZ,20200123,82.65,1.2866,2.6346,2.06,34.7316,26.7251,6.5228,9.2729,7.9284,1.8754,1.8754,146475.2476,146010.5295,71304.5764,12106179.2141,12067770.2632
1828,603618.SH,20200123,5.22,1.0416,2.4104,1.49,35.8315,29.0897,1.4634,0.8241,0.7682,0.9527,0.9527,69102.5863,69102.5863,29860.3604,360715.5005,360715.5005
1829,300721.SZ,20200123,21.18,18.7038,19.3372,1.25,47.7666,154.8324,1.9998,1.5141,1.7915,0.7108,0.7108,8058.5,4200.7956,4063.2048,170679.03,88972.8508
1830,300169.SZ,20200123,5.43,2.8874,3.3104,1.02,109.307,88.4725,1.4689,1.9569,1.9303,0.0,,32598.434,26260.1015,22904.6549,177009.4966,142592.3511
1831,603721.SH,20200123,24.72,6.9331,8.3553,0.88,117.3546,,6.2678,10.2547,11.7203,0.4045,0.4045,13000.0,6154.9927,5107.3399,321360.0,152151.4195
1832,600166.SH,20200123,2.0,0.7989,1.1743,1.28,,,0.8684,0.3203,0.2897,0.0,,657519.2047,657519.2047,447327.6713,1315038.4094,1315038.4094
1833,000673.SZ,20200123,4.13,0.6345,0.9751,0.17,,,6.1196,4.2116,5.7966,0.0,,79155.0442,78951.0358,51373.999,326910.3325,326067.7779
1834,601838.SH,20200123,8.68,1.2904,1.3408,1.77,6.7441,5.6484,0.882,2.7053,2.4628,4.0323,4.0323,361225.1334,189416.8568,182301.3668,3135434.1579,1644138.317
1835,002456.SZ,20200123,17.92,8.1998,11.9683,1.09,,,5.5623,1.1294,0.9764,0.0,,271286.7125,266803.0164,182792.7573,4861457.888,4781110.0539
1836,002207.SZ,20200123,5.95,0.6324,0.8265,0.68,,,113.9248,5.4648,4.9954,0.0,,23917.7378,23738.7884,18164.9606,142310.5399,141245.791
1837,601996.SH,20200123,2.73,0.9725,1.6961,2.45,22.561,19.4026,1.1595,1.9583,1.6168,2.1978,2.1978,114573.68,107572.69,61678.09,312786.1464,293673.4437
1838,603926.SH,20200123,11.59,1.3902,1.5337,1.34,22.286,18.9603,1.7096,1.9239,1.336,1.6601,1.6601,16036.41,8595.4079,7791.6412,185861.9919,99620.7776
1839,300347.SZ,20200123,73.26,1.2508,1.3887,0.94,116.2948,80.4713,14.217,23.8682,20.0615,0.3181,0.3181,74955.7126,52877.0451,47624.4523,5491255.5051,3873772.324
1840,600370.SH,20200123,2.82,0.7918,1.7485,1.66,41.9244,41.298,1.6833,1.9019,2.0985,0.8865,0.8865,79724.423,79724.423,36101.4327,224822.8729,224822.8729
1841,002464.SZ,20200123,6.18,3.5223,5.8929,1.1,32.1097,50.4157,2.0867,4.0735,4.8997,0.0,,52179.4388,52174.9964,31185.7994,322468.9318,322441.4778
1842,600783.SH,20200123,14.35,1.2414,4.0798,1.17,57.1445,271.7536,3.0385,51.6322,50.4401,0.6969,0.6969,74435.9294,74435.9294,22649.7417,1068155.5869,1068155.5869
1843,002660.SZ,20200123,8.82,5.292,6.2922,1.12,,,3.9908,1.8087,1.9281,0.0,,27432.7707,20540.9345,17275.7805,241957.0376,181171.0423
1844,600288.SH,20200123,12.64,2.3203,3.303,1.29,109.0173,108.7211,3.4871,1.6519,1.7,0.0949,0.0949,43680.0,43680.0,30684.0,552115.2,552115.2
1845,600079.SH,20200123,14.67,1.3371,1.7956,1.39,,,2.0337,1.0657,0.9368,0.0,,135370.4302,128604.9062,95762.5188,1985884.211,1886633.974
1846,603776.SH,20200123,19.92,6.0968,7.0548,0.76,31.3073,27.1284,1.5414,4.422,4.2301,0.9607,0.9607,18758.0,12001.1737,10371.6137,373659.36,239063.3801
1847,002302.SZ,20200123,10.88,1.1547,2.8898,0.97,45.2691,19.846,1.9303,0.7287,0.6215,0.6434,0.6434,126235.4304,123905.885,49510.6378,1373441.4828,1348096.0288
1848,002685.SZ,20200123,6.29,0.8287,1.5429,1.24,20.5895,48.5786,1.3344,0.6372,0.5124,0.7949,0.7949,100769.0641,77068.6627,41395.2922,633837.4132,484761.8884
1849,002006.SZ,20200123,4.49,1.1653,1.8773,1.01,356.5279,,2.1271,2.0348,2.2253,0.0,,45516.0,45516.0,28253.463,204366.84,204366.84
1850,002958.SZ,20200123,5.91,3.5166,3.5166,1.54,13.5731,11.6224,1.3448,4.4,3.7601,2.5381,2.5381,555555.5556,55555.5556,55555.5556,3283333.3336,328333.3336
1851,002300.SZ,20200123,6.65,0.7599,1.8522,1.29,35.1796,24.5041,2.8229,0.7777,0.6349,1.6405,1.6405,59697.0,59692.4139,24491.0276,396985.05,396954.5524
1852,600657.SH,20200123,3.68,0.5128,1.0571,1.67,4.8792,5.5898,0.5204,0.5596,0.538,3.2609,3.2609,285187.8595,152426.0442,73937.3051,1049491.323,560927.8427
1853,002867.SZ,20200123,20.43,2.9993,4.1352,0.65,18.5239,15.9063,3.3694,3.0662,2.9059,2.1212,2.1212,73090.5188,24740.5797,17944.6542,1493239.2991,505450.0433
1854,300369.SZ,20200123,19.88,1.3933,1.8715,0.77,94.4045,75.3455,5.1251,11.7964,10.2687,0.3027,0.3027,79811.7661,72615.9902,54062.1846,1586657.9101,1443605.8852
1855,600858.SH,20200123,4.97,0.671,1.4037,1.44,55.8646,44.3766,0.8387,0.1952,0.2018,0.6036,0.6036,52006.6589,51754.8029,24740.0863,258473.0947,257221.3704
1856,300536.SZ,20200123,8.03,2.5075,5.0292,0.87,45.0765,43.2759,3.8972,5.1168,4.9755,0.4483,0.4483,29328.8133,21933.7158,10935.8058,235510.3708,176127.7379
1857,600175.SH,20200123,1.54,1.0844,1.8598,0.57,,,0.5716,1.0443,1.6853,0.0,,357648.8773,357648.8773,208530.658,550779.271,550779.271
1858,300595.SZ,20200123,52.18,1.795,3.1103,1.44,97.6404,75.3762,16.6862,46.0583,34.4297,0.1488,0.1488,40463.868,28788.5929,16613.7516,2111404.6322,1502188.7775
1859,600428.SH,20200123,3.56,0.4758,0.9698,1.52,88.7926,73.5588,0.7781,1.0087,0.9385,0.0,,214665.0771,214665.0771,105324.7126,764207.6745,764207.6745
1860,600531.SH,20200123,4.43,1.615,2.5433,1.4,36.7135,26.878,1.4555,0.2498,0.255,0.8578,0.8578,109024.2634,109024.2634,69229.0765,482977.4869,482977.4869
1861,000599.SZ,20200123,4.25,2.1211,2.8431,4.11,127.9931,1364.138,0.9518,0.9401,0.8814,0.2373,0.2373,82850.3191,76769.1542,57272.7376,352113.8562,326268.9054
1862,002863.SZ,20200123,5.38,1.4564,2.0184,1.12,31.3234,36.4222,2.0363,0.7039,0.6915,0.3346,0.3346,37655.428,18578.708,13405.7598,202586.2026,99953.449
1863,002743.SZ,20200123,6.25,1.3717,2.2182,1.41,25.4951,23.1494,0.9953,0.5952,0.5219,0.8,0.8,33632.588,33539.963,20739.963,210203.675,209624.7688
1864,002919.SZ,20200123,14.75,5.2021,5.4234,0.93,60.7369,72.2761,3.1969,3.2978,3.3988,0.452,0.452,12213.5745,4228.0995,4055.5995,180150.2239,62364.4676
1865,600730.SH,20200123,4.62,1.4379,1.7979,1.18,1478.2749,,1.3804,25.1608,24.2119,0.9524,0.9524,58665.6002,58665.6002,46917.3018,271035.0729,271035.0729
1866,601298.SH,20200123,6.56,0.586,1.6543,1.49,11.8497,11.5274,1.4415,3.6266,3.5291,5.7881,5.7881,649110.0,186989.6,66237.6,4258161.6,1226651.776
1867,000722.SZ,20200123,6.58,0.9555,2.0867,1.7,32.2799,19.538,1.0286,11.4512,10.5121,0.7599,0.7599,46415.8282,46415.8282,21255.1184,305416.1496,305416.1496
1868,600362.SH,20200123,15.13,1.2314,2.9381,1.31,21.4062,21.2303,1.0207,0.2434,0.234,1.3219,1.3219,346272.9405,207524.7405,86976.8295,5239109.5898,3139849.3238
1869,603041.SH,20200123,17.39,2.4905,3.6077,0.97,42.8717,26.8932,2.2479,5.7352,5.3248,0.7498,0.7498,10064.26,4652.5,3211.75,175017.4814,80906.975
1870,002835.SZ,20200123,12.6,4.9196,8.7215,1.4,701.3409,93.9529,4.0939,4.5651,4.3124,0.0237,0.0237,22093.7059,11718.7562,6610.2242,278380.6943,147656.3281
1871,002531.SZ,20200123,6.18,1.8552,3.8995,1.48,23.4102,16.7105,1.9448,2.9699,2.2007,0.9647,0.9647,177901.9047,176900.6513,84163.6513,1099433.771,1093246.025
1872,603533.SH,20200123,16.93,3.4944,4.3684,0.47,48.7306,51.2323,5.7157,3.5672,3.629,0.6497,0.6497,40100.0,16315.1535,13051.0124,678893.0,276215.5488
1873,300298.SZ,20200123,14.81,0.8642,1.3665,0.66,26.9685,29.3092,3.1439,5.3997,5.0725,2.0257,2.0257,56531.4734,43976.119,27811.3731,837231.1211,651286.3224
1874,600452.SH,20200123,16.8,1.2291,2.5417,0.69,15.108,11.6551,3.0425,2.1523,2.0273,0.9354,0.9354,31360.0,31360.0,15164.5113,526848.0,526848.0
1875,300557.SZ,20200123,26.26,2.7711,4.5625,2.18,81.4706,72.765,3.2476,7.127,6.4061,0.3808,0.3808,5566.854,5538.3465,3363.7735,146185.586,145436.9791
1876,603790.SH,20200123,15.82,4.0037,4.0037,0.72,23.4336,23.3433,2.7191,3.2172,3.1534,1.4587,1.4587,19136.0,6158.204,6158.204,302731.52,97422.7873
1877,002596.SZ,20200123,6.66,6.1298,9.209,0.98,62.7506,113.0604,2.1239,2.4555,2.7906,0.1205,0.1205,115066.2718,98185.4688,65354.9271,766341.3702,653915.2222
1878,600622.SH,20200123,3.71,1.167,2.1712,2.18,6.3121,7.4156,0.8917,1.1694,1.0896,3.3174,3.3174,149968.5402,149968.5402,80605.9747,556383.2841,556383.2841
1879,603588.SH,20200123,10.36,1.3414,1.9245,1.19,21.5217,17.5899,2.3844,1.857,1.4871,0.48,0.48,67436.1049,66868.4449,46608.8828,698638.0468,692757.0892
1880,300408.SZ,20200123,23.21,0.9635,1.6,1.28,30.6802,38.3774,5.5413,10.7888,13.8978,1.0771,1.0771,174316.3022,165587.5606,99711.975,4045881.3741,3843287.2815
1881,603086.SH,20200123,22.78,1.8709,2.8132,1.45,10.1628,11.479,1.6894,1.5596,1.555,0.0,,11200.0,7251.3743,4822.509,255136.0,165186.3066
1882,300009.SZ,20200123,16.46,7.4971,8.5997,2.17,65.692,59.9204,6.2542,11.8287,10.7612,0.9113,0.9113,105031.9818,68678.5184,59872.9394,1728826.4204,1130448.4129
1883,603079.SH,20200123,36.54,2.5584,2.5584,1.01,91.8741,109.1735,4.9759,8.3061,7.993,0.3284,0.3284,11200.0,3651.156,3651.156,409248.0,133413.2402
1884,300681.SZ,20200123,35.48,3.7104,3.7104,1.15,50.5367,,4.5322,4.0971,6.04,0.2818,0.2818,7560.0,1890.0,1890.0,268228.8,67057.2
1885,002560.SZ,20200123,5.74,2.3861,2.8717,1.24,,64.329,1.5642,1.0623,1.2402,1.7422,1.7422,44385.6103,27033.2025,22461.6068,254773.4031,155170.5824
1886,300299.SZ,20200123,4.22,3.3916,4.6247,1.08,51.7223,63.6913,2.7459,5.4022,5.6307,0.237,0.237,71080.0925,62031.0206,45490.8228,299957.9904,261770.9069
1887,002879.SZ,20200123,15.93,1.5391,1.5391,1.6,23.9738,22.4843,2.1017,4.4278,3.8829,1.2555,1.2555,19310.764,11171.5648,11171.5648,307620.4705,177963.0273
1888,603387.SH,20200123,24.7,5.7096,6.823,0.84,25.7655,23.9756,4.3344,9.3719,7.451,1.1858,1.1858,26038.0071,12926.7704,10817.3385,643138.7754,319291.2289
1889,300758.SZ,20200123,32.58,4.226,4.226,1.23,32.9829,29.0224,3.1134,5.6889,5.2578,1.2277,1.2277,10668.0,2668.0,2668.0,347563.44,86923.44
1890,300193.SZ,20200123,8.57,1.2812,1.7972,1.16,22.7702,19.5697,1.9008,4.863,4.732,2.2952,2.2952,50690.131,45802.8175,32652.2558,434414.4227,392530.146
1891,300700.SZ,20200123,18.06,5.5547,5.5547,1.95,43.7591,,2.8652,4.5099,6.0561,0.4983,0.4983,8240.4396,4460.5521,4460.5521,148822.3392,80557.5709
1892,600873.SH,20200123,4.29,0.6495,1.0286,1.57,13.2968,11.8148,1.4992,1.0529,0.9411,7.6918,7.6918,310428.9638,308074.6328,194540.7922,1331740.2547,1321640.1747
1893,002932.SZ,20200123,40.99,12.0069,14.2783,2.47,44.4372,46.9004,4.4527,15.474,14.8592,0.7319,0.7319,6658.5147,3002.2197,2524.6306,272932.5176,123060.9855
1894,601869.SH,20200123,32.88,3.8964,3.8964,1.29,16.7339,27.5274,2.8817,2.1937,3.095,0.7603,0.7603,75790.5108,10657.351,10657.351,2491991.9951,350413.7009
1895,600555.SH,20200123,2.02,2.134,3.0708,1.75,,,1.9761,200.9796,184.0343,0.0,,130350.0,97350.0,67650.6557,263307.0,196647.0
1896,600777.SH,20200123,2.04,2.0813,2.3959,1.65,23.093,14.5953,0.8511,2.902,2.4774,0.0,,680049.5825,405123.657,351924.5051,1387301.1483,826452.2603
1897,600759.SH,20200123,2.67,1.6266,2.8027,2.2,86.8015,,1.1259,1.8169,2.2513,0.0,,226350.7518,225818.4018,131056.4109,604356.5073,602935.1328
1898,600096.SH,20200123,5.18,0.7671,2.0066,1.03,60.4407,42.5752,1.54,0.1401,0.1294,0.0,,143243.4738,132137.9138,50510.7929,742001.1943,684474.3935
1899,601811.SH,20200123,12.58,0.3289,1.3083,0.98,16.6509,14.379,1.7768,1.896,1.8184,2.3847,2.3847,123384.1,79190.39,19909.4375,1552171.978,996215.1062
1900,600355.SH,20200123,3.18,2.1949,2.6156,0.87,142.1084,,4.5851,3.9341,4.7072,0.0,,49208.92,49208.92,41293.92,156484.3656,156484.3656
1901,603357.SH,20200123,10.3,1.4536,1.4536,1.43,10.7185,12.6256,2.0342,2.8394,3.0507,2.8433,2.8433,45454.2698,22214.2698,22214.2698,468178.9789,228806.9789
1902,600242.SH,20200123,7.65,5.4738,9.5331,0.89,28.7829,66.6266,1.6389,1.1574,1.085,0.0,,45666.5122,41264.0699,23693.2471,349348.8183,315670.1347
1903,688016.SH,20200123,163.67,6.708,6.708,0.89,129.9607,92.6912,11.3639,50.9704,38.5187,,,7197.8147,1472.7383,1472.7383,1178066.3319,241043.0776
1904,300709.SZ,20200123,109.6,4.3488,4.3488,1.15,261.59,80.3874,7.0555,11.0249,7.3266,0.0995,0.0995,8875.37,5658.136,5658.136,972740.552,620131.7056
1905,600981.SH,20200123,3.54,1.2928,1.7613,1.43,6.6065,19.1692,1.5409,0.2036,0.2224,4.661,4.661,224243.3192,73085.2181,53646.2675,793821.35,258721.6721
1906,600176.SH,20200123,10.0,1.4165,2.4663,1.69,14.7529,17.4222,2.3179,3.491,3.4535,2.25,2.25,350230.6849,350230.6849,201152.4115,3502306.849,3502306.849
1907,600637.SH,20200123,10.62,1.0012,1.8334,0.65,17.9922,19.9785,1.2774,2.6597,2.8132,2.5559,2.5559,341450.0201,341450.0201,186458.8672,3626199.2135,3626199.2135
1908,300138.SZ,20200123,7.45,1.3152,1.4139,0.7,26.2482,23.1134,2.0737,1.2448,1.1819,1.0738,1.0738,51186.7534,40527.2977,37697.3123,381341.3128,301928.3679
1909,688078.SH,20200123,55.74,26.0585,26.0585,0.82,126.6113,78.5744,7.7552,31.4288,26.97,,,7075.0,1609.9056,1609.9056,394360.5,89736.1381
1910,002387.SZ,20200123,15.5,0.7745,1.0389,1.68,611.9835,167.6501,1.4277,11.9218,7.761,0.0,,136766.3046,106781.2149,79608.1611,2119877.7213,1655108.831
1911,603918.SH,20200123,11.0,1.9805,3.4886,1.16,50.1007,47.405,4.2787,3.0813,2.8367,0.6294,0.6294,23332.53,23111.686,13120.6915,256657.83,254228.546
1912,002540.SZ,20200123,4.54,0.6208,0.8726,1.05,15.3786,18.2575,1.2847,1.6067,1.7207,10.4274,10.4274,127052.95,89493.2863,63668.3331,576820.393,406299.5198
1913,600186.SH,20200123,2.76,2.0917,2.371,2.15,,,,2.203,2.1849,0.0,,137992.3955,137992.3955,121735.2327,380859.0116,380859.0116
1914,600520.SH,20200123,10.69,1.3042,2.4714,0.97,335.7801,,4.1448,5.5054,6.0477,0.0,,15843.0,15843.0,8360.5965,169361.67,169361.67
1915,600528.SH,20200123,10.35,0.4097,0.7299,1.4,15.5277,13.7879,1.3713,1.2847,1.087,1.1111,1.1111,222155.1588,183774.8895,103159.2888,2299305.8936,1902070.1063
1916,600903.SH,20200123,13.88,1.4885,4.2236,1.17,92.0041,70.9356,5.9109,4.3812,3.8944,0.3294,0.3294,113818.5027,63172.3187,22262.8596,1579800.8175,876831.7836
1917,300284.SZ,20200123,8.13,1.0228,1.1556,1.64,12.6709,11.605,1.7461,1.1234,1.3507,1.435,1.435,97140.598,66336.7984,58711.4838,789753.0617,539318.171
1918,603555.SH,20200123,3.9,0.3242,1.4663,0.22,,,1.5994,0.8717,1.4594,0.0,,62860.2143,62860.2143,13898.7143,245154.8358,245154.8358
1919,603677.SH,20200123,12.16,1.9968,2.2783,0.77,30.3088,28.9311,2.3981,1.7048,1.4877,1.646,1.646,19364.9466,5709.6378,5004.2058,235477.7507,69429.1956
1920,002567.SZ,20200123,7.4,5.0859,8.6738,2.59,45.2091,44.3092,1.7923,0.4018,0.3955,1.3386,1.3386,83657.0799,77583.163,45491.149,619062.3913,574115.4062
1921,601618.SH,20200123,2.69,0.2554,0.7185,1.3,8.7492,8.3945,0.7929,0.1925,0.1657,2.6022,2.6022,2072361.917,1785261.917,634558.277,5574653.5567,4802354.5567
1922,002203.SZ,20200123,9.77,0.2244,0.2985,0.73,20.9862,18.3912,2.253,0.4698,0.4697,0.7165,0.7165,195210.7432,182555.6187,137262.886,1907208.9611,1783568.3947
1923,002147.SZ,20200123,2.1,2.033,2.033,1.65,,,0.5084,1.7738,1.9116,0.0,,182807.6415,53698.7008,53698.7008,383896.0472,112767.2717
1924,300398.SZ,20200123,15.81,5.3126,11.7309,1.19,28.7724,38.2038,3.514,5.6608,5.6172,0.5214,0.5214,51764.2028,42948.9214,19450.1674,818392.0463,679022.4473
1925,000807.SZ,20200123,4.72,2.4394,4.2481,1.03,,,1.3813,0.6808,0.6223,0.0,,312820.6556,260669.1975,149687.3805,1476513.4944,1230358.6122
1926,600438.SH,20200123,13.54,1.0683,2.2013,1.08,26.0411,20.2037,3.2147,1.9092,1.5383,1.1816,1.1816,388259.4596,388259.4596,188417.2081,5257033.083,5257033.083
1927,603012.SH,20200123,8.12,4.2966,5.8953,1.45,24.9118,19.0044,2.0572,3.2153,2.3891,0.6158,0.6158,63656.0,63656.0,46393.0864,516886.72,516886.72
1928,300188.SZ,20200123,20.82,3.9982,5.2329,1.19,55.2056,75.5054,6.5993,10.4581,9.6207,0.3799,0.3799,80399.3717,53236.2259,40675.5477,1673914.9188,1108378.2232
1929,000936.SZ,20200123,7.61,3.0332,5.1082,1.05,21.0063,13.3783,1.3357,2.2995,2.0266,0.657,0.657,88601.2887,88533.7139,52570.7656,674255.807,673741.5628
1930,002593.SZ,20200123,3.63,1.9607,3.132,1.1,31.1838,30.4491,1.3424,0.8769,0.9837,1.3774,1.3774,70111.0,46712.188,29242.498,254502.93,169565.2424
1931,300356.SZ,20200123,7.41,4.0284,6.0967,0.61,130.1681,609.4758,2.8818,6.9882,7.7592,0.0,,41111.837,36862.7935,24357.0635,304638.7122,273153.2998
1932,002474.SZ,20200123,8.3,3.0394,3.3335,1.29,148.1253,181.8603,3.4955,6.3561,6.6427,0.1205,0.1205,62220.0,46927.827,42787.8233,516426.0,389500.9641
1933,300238.SZ,20200123,17.86,2.4201,3.065,1.25,103.52,137.1914,4.0707,10.3295,10.0725,0.0,,26515.5701,26163.908,20659.4258,473568.082,467287.3969
1934,002554.SZ,20200123,3.0,1.8393,2.1575,1.08,,,1.8491,1.9331,1.6607,0.0,,107081.0,76985.5201,65630.445,321243.0,230956.5603
1935,300619.SZ,20200123,23.07,3.336,3.336,1.17,37.1589,38.6152,3.5138,2.6843,2.5418,0.2818,0.2818,7468.0,3008.6961,3008.6961,172286.76,69410.619
1936,300562.SZ,20200123,20.39,26.4059,40.7475,2.91,161.1421,122.6128,6.9714,4.9928,4.509,0.0834,0.0834,18979.7349,11506.8281,7456.8535,386996.7946,234624.225
1937,688036.SH,20200123,73.0,11.9446,11.9446,1.25,88.8378,32.4144,7.5421,2.5788,2.4633,,,80000.0,7156.285,7156.285,5840000.0,522408.805
1938,000576.SZ,20200123,6.92,1.7128,3.0242,1.74,31.2487,13.8166,2.7597,7.4895,6.24,0.0,,44286.1324,42798.4418,24239.6918,306460.0362,296165.2173
1939,000786.SZ,20200123,25.75,0.6491,1.3134,1.46,17.642,105.5692,3.2225,3.4624,3.3804,1.7864,1.7864,168950.7842,168950.7842,83503.5139,4350482.6932,4350482.6932
1940,600467.SH,20200123,2.35,1.1594,1.9731,1.5,55.3438,53.719,1.1157,2.9859,2.9466,0.5532,0.5532,146099.4304,146099.4304,85846.9114,343333.6614,343333.6614
1941,300617.SZ,20200123,33.52,11.1254,12.6153,0.82,52.6934,52.6934,4.0584,10.5406,10.5406,1.4587,1.4587,10000.5,3670.5,3236.99,335216.76,123035.16
1942,600863.SH,20200123,2.54,0.314,0.7286,1.07,18.8506,11.7521,1.2721,1.0735,1.0313,3.7795,3.7795,580849.2784,580849.2784,250301.8981,1475357.1671,1475357.1671
1943,300568.SZ,20200123,34.45,6.383,7.0033,0.96,35.8925,33.3561,3.2409,13.6653,11.8052,0.4816,0.4816,23145.3134,14624.6639,13329.3694,797356.0466,503819.6714
1944,000882.SZ,20200123,2.18,1.3293,2.0156,1.39,181.9384,,0.7382,4.7614,4.7436,0.1835,0.1835,273735.1947,248215.5138,163693.0075,596742.7244,541109.8201
1945,600493.SH,20200123,5.3,0.9843,1.4695,1.69,47.106,97.6453,1.9488,1.4347,1.3597,0.7547,0.7547,27200.0,27200.0,18218.6406,144160.0,144160.0
1946,688368.SH,20200123,116.03,11.5107,11.5107,0.84,87.8808,85.4758,6.4433,9.3237,8.8571,,,6160.0,1407.5277,1407.5277,714744.8,163315.439
1947,002372.SZ,20200123,12.4,0.557,1.6972,1.14,19.9386,19.1866,5.4245,4.2688,4.1307,4.0323,4.0323,157311.2988,141468.7687,46425.497,1950660.1051,1754212.7319
1948,002063.SZ,20200123,11.09,4.0194,4.9862,0.91,48.3064,47.5005,4.0226,7.357,6.8993,0.4516,0.4516,84806.624,78031.4325,62901.6083,940505.4602,865368.5864
1949,300311.SZ,20200123,8.35,12.9873,14.3216,1.76,40.7997,69.38,3.8085,4.7209,5.7175,0.3593,0.3593,67998.8821,51040.8932,46285.8012,567790.6655,426191.4582
1950,002689.SZ,20200123,3.33,0.5249,1.2582,1.16,371.4142,,2.628,2.8136,3.0571,0.0,,104331.0725,104083.2092,43422.5532,347422.4714,346597.0866
1951,600621.SH,20200123,13.97,4.9798,6.7354,1.12,678.4095,216.4719,2.378,129.2373,106.6536,0.0501,0.0501,106089.9292,53525.0026,39573.2504,1482076.3109,747744.2863
1952,300404.SZ,20200123,17.14,1.8002,2.093,0.63,401.5024,432.0348,7.0977,17.2694,14.7584,0.0676,0.0676,17334.2,11055.356,9508.897,297108.188,189488.8018
1953,603616.SH,20200123,7.92,0.8809,1.7557,1.45,180.0681,335.3266,2.9571,2.2157,2.2271,0.1667,0.1667,29336.0,29336.0,14719.16,232341.12,232341.12
1954,300452.SZ,20200123,15.2,2.5061,3.7565,1.27,30.1791,25.7597,4.1695,4.9371,4.7427,1.3158,1.3158,13920.0,10986.2181,7329.3325,211584.0,166990.5151
1955,600581.SH,20200123,3.21,1.3138,2.6288,1.05,7.0242,13.5453,1.1485,0.2447,0.2434,0.0,,153289.787,153289.787,76610.8606,492060.2163,492060.2163
1956,000721.SZ,20200123,3.98,2.8971,3.8664,1.52,209.7441,,3.099,4.0042,3.8555,0.0,,49905.592,43584.0445,32658.1195,198624.2562,173464.4971
1957,002165.SZ,20200123,4.4,1.1345,1.5915,0.56,91.1005,30.1054,1.6924,1.0737,1.1043,0.9091,0.9091,60205.811,59296.4269,42270.9201,264905.5684,260904.2784
1958,002263.SZ,20200123,2.0,1.775,2.4621,2.32,93.7127,57.0729,1.6968,2.5637,2.3874,0.0,,187836.01,187834.57,135418.768,375672.02,375669.14
1959,300676.SZ,20200123,79.5,8.8101,13.6559,1.77,82.2664,94.5084,7.1306,12.5406,11.381,0.1258,0.1258,40010.0,24450.1679,15774.0879,3180795.0,1943788.3481
1960,000607.SZ,20200123,4.73,1.1736,2.6795,1.2,45.7663,41.9802,2.7892,2.7514,2.6103,0.2326,0.2326,101769.841,88484.0694,38754.7912,481371.3479,418529.6483
1961,002870.SZ,20200123,20.93,10.0451,14.5649,1.69,60.1718,48.14,2.7184,2.4695,2.6769,0.86,0.86,11067.0,4012.0,2767.0,231632.31,83971.16
1962,600501.SH,20200123,8.58,3.1791,5.9819,1.52,,,1.8492,1.3732,1.4061,0.0,,42128.36,42128.36,22388.9828,361461.3288,361461.3288
1963,300080.SZ,20200123,5.02,1.2661,1.5837,1.37,,16.9393,2.0347,3.6467,1.7826,0.0,,202406.1798,50200.2465,40133.137,1016079.0226,252005.2374
1964,600387.SH,20200123,8.03,1.5092,1.9653,1.11,12.3346,7.9088,1.2492,0.1769,0.2781,0.7477,0.7477,47177.4464,38752.2,29758.7913,378834.8946,311180.166
1965,002945.SZ,20200123,14.6,5.1003,14.258,0.83,114.3694,100.2398,7.5773,39.3868,41.65,0.2671,0.2671,270000.0,75478.9089,27000.0,3942000.0,1101992.0699
1966,002589.SZ,20200123,6.96,3.3969,4.048,1.13,13.4498,19.9887,1.1804,0.3088,0.2885,0.743,0.743,150471.0471,116263.279,97564.5276,1047278.4878,809192.4218
1967,000400.SZ,20200123,11.58,2.1432,3.7774,1.14,58.4814,37.5825,1.4652,1.4211,1.2562,0.4145,0.4145,100832.7309,100818.0305,57201.7041,1167643.0238,1167472.7932
1968,002148.SZ,20200123,4.98,2.1651,2.3216,1.28,67.5537,252.4111,2.4596,12.1067,14.1541,0.4933,0.4933,56577.3727,44361.1676,41370.8279,281755.316,220918.6146
1969,300220.SZ,20200123,44.99,1.3735,2.5919,0.92,793.7142,420.7387,21.3158,26.6404,25.4243,0.0133,0.0133,12600.0,12515.1549,6632.186,566874.0,563056.819
1970,002481.SZ,20200123,8.0,3.4949,6.211,1.32,108.2552,52.55,3.6418,4.1807,4.5343,0.0,,124339.0,110712.765,62296.966,994712.0,885702.12
1971,603866.SH,20200123,38.33,0.8686,2.8852,1.62,39.3284,36.9735,6.7496,5.2252,4.4749,1.8635,1.8635,65887.64,65829.897,19818.4458,2525473.2412,2523259.952
1972,002678.SZ,20200123,8.04,0.0808,0.4892,1.16,61.9617,58.9768,3.2566,5.5308,5.4007,0.8085,0.8085,135832.0323,135698.116,22421.6037,1092089.5397,1091012.8526
1973,600829.SH,20200123,7.14,0.7884,3.1316,0.97,16.0568,15.6118,2.3139,0.5869,0.525,0.0,,57988.8597,57988.8597,14599.4243,414040.4583,414040.4583
1974,300343.SZ,20200123,2.98,3.7586,4.0115,0.56,,,1.4281,0.9734,0.9156,,,117570.8024,79474.7692,74464.8193,350360.9912,236834.8122
1975,300354.SZ,20200123,11.98,3.0299,3.974,1.1,94.0202,80.9715,4.6166,12.3481,11.1374,0.2504,0.2504,13832.0201,7693.2237,5865.6954,165707.6008,92164.8199
1976,600525.SH,20200123,5.58,1.4122,2.0213,1.61,65.2497,,1.6175,1.0209,1.2246,0.0,,130577.5152,130577.5152,91232.6653,728622.5348,728622.5348
1977,600380.SH,20200123,10.38,1.3392,2.7104,1.01,28.7625,24.0422,1.9509,1.7955,1.6964,1.5414,1.5414,193803.3338,193803.3338,95757.4556,2011678.6048,2011678.6048
1978,601330.SH,20200123,10.31,3.2092,3.2092,0.93,43.8898,33.7591,3.738,11.3472,7.8325,0.9699,0.9699,116120.0,25565.059,25565.059,1197197.2,263575.7583
1979,603365.SH,20200123,14.75,2.4373,2.4373,0.94,13.7979,12.3304,1.8336,1.4467,1.3409,4.7366,4.7366,26667.0,8858.4,8858.4,393338.25,130661.4
1980,300005.SZ,20200123,4.41,2.2929,2.6239,0.95,,,1.6214,1.9735,2.2636,0.0,,89129.3904,70739.3823,61815.5886,393060.6117,311960.6759
1981,002938.SZ,20200123,49.98,3.3351,3.3351,1.15,41.6875,39.6805,6.2251,4.4682,4.4562,1.0004,1.0004,231143.0816,23114.3082,23114.3082,11552531.2184,1155253.1238
1982,300713.SZ,20200123,13.99,4.2911,6.7783,1.02,167.0641,,2.7762,6.5324,6.9105,,,14343.75,6422.3753,4065.7761,200669.0625,89849.0304
1983,688139.SH,20200123,32.2,8.1084,8.1084,0.78,89.5921,59.1253,4.2805,12.1303,10.728,,,31707.1758,7277.9282,7277.9282,1020971.0608,234349.288
1984,603358.SH,20200123,16.01,3.5498,4.9779,2.8,24.3932,34.3734,1.9216,1.2389,1.2654,1.8738,1.8738,31360.0,13770.1564,9819.7224,502073.6,220460.204
1985,300731.SZ,20200123,35.52,4.0031,6.1912,0.59,100.1068,78.989,8.0324,15.5146,14.3034,0.2012,0.2012,12486.6547,8222.438,5316.394,443525.9749,292060.9978
1986,000910.SZ,20200123,13.1,2.9529,5.5152,2.24,10.007,9.6646,1.5314,0.9989,0.9984,0.9929,0.9929,55366.95,54715.2425,29295.1625,725307.045,716769.6768
1987,002172.SZ,20200123,3.62,1.8281,3.1352,1.23,271.3244,,1.8206,0.5967,0.8373,0.0,,77648.1362,77311.8646,45079.786,281086.253,279868.9499
1988,688005.SH,20200123,34.04,12.746,12.746,0.9,70.8792,69.5724,3.4425,4.9616,3.7085,,,44328.57,4320.0,4320.0,1508944.5228,147052.8
1989,300341.SZ,20200123,13.5,3.3759,9.6842,1.08,46.6074,43.7313,7.2564,7.0364,6.3733,0.4296,0.4296,51016.3336,50964.2686,17766.0342,688720.5036,688017.6261
1990,600481.SH,20200123,3.17,0.377,0.7885,1.34,20.6103,22.6404,2.3533,2.0719,2.0936,3.7856,3.7856,163733.5808,162725.5808,77792.8156,519035.4511,515840.0911
1991,002056.SZ,20200123,9.76,3.904,8.1138,0.88,23.2838,23.4057,3.1297,2.4723,2.3915,1.5061,1.5061,164360.0,162437.2835,78157.6619,1604153.6,1585387.887
1992,688188.SH,20200123,165.07,5.8706,5.8706,0.84,118.5198,77.7744,7.8873,67.303,49.0532,,,10000.0,2290.9369,2290.9369,1650700.0,378164.9541
1993,300325.SZ,20200123,2.99,2.8334,3.67,0.89,,,2.2226,1.3706,2.5142,0.0,,100574.3085,99643.3025,76927.9658,300717.1824,297933.4745
1994,600580.SH,20200123,11.8,2.7168,5.1349,1.22,24.1112,15.3248,2.2765,1.3863,1.2687,1.2633,1.2633,130121.1586,129865.5586,68708.4589,1535429.6715,1532413.5915
1995,600853.SH,20200123,3.21,1.3608,2.0414,1.53,18.3758,16.5399,1.6312,0.2559,0.2623,0.4793,0.4793,83741.7955,69784.9955,46517.6263,268811.1636,224009.8356
1996,603658.SH,20200123,113.5,0.4406,1.8148,1.02,84.736,69.1406,22.375,24.7036,19.3537,0.7048,0.7048,42000.0,42000.0,10195.93,4767000.0,4767000.0
1997,002912.SZ,20200123,135.13,3.9757,3.9757,1.32,70.4309,64.2157,10.2956,20.8636,17.4457,0.481,0.481,10672.0,5182.0,5182.0,1442107.36,700243.66
1998,601188.SH,20200123,2.91,0.334,1.0667,1.33,12.6834,11.1869,0.8676,5.4783,5.7053,2.3711,2.3711,131587.8571,131587.8571,41200.0,382920.6642,382920.6642
1999,002508.SZ,20200123,32.82,1.4009,3.0055,1.85,21.1369,20.1263,4.8855,4.1949,4.0683,2.4375,2.4375,94902.405,93490.0781,43577.5646,3114696.9321,3068344.3632
2000,603020.SH,20200123,8.15,1.4258,2.6673,1.27,23.6757,19.1722,1.2565,1.0433,1.0437,1.3497,1.3497,32000.0,32000.0,17106.0,260800.0,260800.0
2001,300515.SZ,20200123,9.41,2.7088,5.2805,1.7,54.202,46.8857,3.8659,7.4799,7.0014,1.0632,1.0632,20197.0,17167.9275,8806.9475,190053.77,161550.1978
2002,000911.SZ,20200123,6.33,1.252,2.1662,1.09,,,,0.5701,0.623,0.0,,32408.0937,32408.0937,18731.2137,205143.2331,205143.2331
2003,600425.SH,20200123,3.75,1.7403,2.3584,0.59,14.157,35.8095,1.1071,2.1423,1.7231,0.0,,137879.0086,137879.0086,101742.244,517046.2823,517046.2823
2004,002606.SZ,20200123,5.73,1.2655,1.8368,1.08,,73.4363,2.5392,3.8665,3.4785,0.0,,40749.6,40659.6,28014.2246,233495.208,232979.508
2005,002543.SZ,20200123,9.15,0.3334,1.1391,1.02,13.9162,12.02,1.9554,0.9841,1.0605,3.615,3.615,74360.0,63083.9397,18463.8582,680394.0,577218.0483
2006,688123.SH,20200123,80.0,17.0093,17.0093,0.95,127.0092,110.8921,7.391,22.3682,20.5845,,,12084.1867,2756.8824,2756.8824,966734.936,220550.592
2007,603808.SH,20200123,14.21,2.6968,6.7789,0.86,12.9452,12.7004,2.0248,1.9396,1.828,3.6946,3.6946,33252.2111,33251.5611,13228.1811,472513.9197,472504.6832
2008,000881.SZ,20200123,6.97,1.426,1.8069,0.97,20.6116,31.8773,1.1581,0.9713,0.9897,0.4978,0.4978,94542.5815,30805.44,24311.1921,658961.7931,214713.9168
2009,600936.SH,20200123,3.72,0.2724,0.4491,1.39,50.0285,,1.6802,2.5573,2.9425,0.0,,167102.6239,167102.6239,101364.6807,621621.7609,621621.7609
2010,002142.SZ,20200123,26.93,0.4102,0.8176,1.35,13.5496,11.6823,1.836,5.2392,4.5578,1.4175,1.4175,562832.9528,562157.2789,282057.0937,15157091.4189,15138895.5208
2011,002098.SZ,20200123,6.52,2.2497,5.0546,1.09,,,3.7017,1.0271,1.1917,0.0,,35800.0,35800.0,15933.8693,233416.0,233416.0
2012,600080.SH,20200123,6.06,2.2545,3.0281,1.04,59.0266,50.3421,1.2579,3.0356,3.0424,0.6601,0.6601,37327.0285,30529.5872,22729.5872,226201.7927,185009.2984
2013,601908.SH,20200123,2.97,0.4559,1.0289,1.83,13.0944,42.4309,0.856,2.9101,3.2143,2.3596,2.3596,199301.7701,199301.7701,88301.9033,591926.2572,591926.2572
2014,300074.SZ,20200123,4.11,1.9321,2.4401,1.26,148.5872,90.6458,1.8593,4.9105,4.7501,0.0,,53619.89,49364.1011,39087.5653,220377.7479,202886.4555
2015,600179.SH,20200123,4.52,2.5801,2.9851,2.46,13.6744,,2.7394,0.6683,0.9935,0.0,,148697.9915,67363.9431,58224.4202,672114.9216,304485.0228
2016,603689.SH,20200123,11.4,1.2244,3.8885,1.67,21.7156,17.0771,1.7393,1.1819,0.9199,1.4035,1.4035,33600.0,33600.0,10580.3566,383040.0,383040.0
2017,603002.SH,20200123,4.39,3.0716,5.2319,1.39,53.9372,57.5211,2.3869,1.4952,1.6075,0.9339,0.9339,61441.17,61441.17,36070.97,269726.7363,269726.7363
2018,600535.SH,20200123,15.66,1.8591,3.5711,1.2,15.3306,18.1077,2.1301,1.3168,1.243,1.9097,1.9097,151266.6229,151266.6229,78750.5633,2368835.3146,2368835.3146
2019,002962.SZ,20200123,35.23,11.7416,11.7416,1.25,51.5225,44.5831,4.3504,12.3138,9.7719,,,20160.0,5040.0,5040.0,710236.8,177559.2
2020,300770.SZ,20200123,162.77,3.9385,3.9385,1.46,101.8235,64.0728,10.1227,32.4864,22.4785,0.0,,12836.5637,3210.0,3210.0,2089407.4734,522491.7
2021,002564.SZ,20200123,4.46,1.1051,1.5874,1.78,51.9741,133.8114,1.0387,0.5035,0.4355,0.0,,86937.5282,86815.0976,60440.2088,387741.3758,387195.3353
2022,600889.SH,20200123,4.58,0.7728,1.3818,1.37,270.3113,25.1994,1.126,1.6939,2.1739,0.2183,0.2183,36634.601,33804.4124,18905.1337,167786.4726,154824.2088
2023,300533.SZ,20200123,50.1,7.5634,10.3101,2.63,50.5479,36.8869,3.0667,17.3529,13.4372,0.7984,0.7984,10078.12,6048.1745,4436.9239,504913.812,303013.5425
2024,601888.SH,20200123,82.0,1.2707,2.7208,1.77,51.7338,34.4024,8.044,3.4059,3.3346,0.6707,0.6707,195247.5544,195247.5544,91183.2854,16010299.4608,16010299.4608
2025,002402.SZ,20200123,12.75,5.5456,6.4774,1.25,50.1376,40.0841,5.6444,4.1659,3.26,0.3075,0.3075,87274.7028,75584.0654,64710.2684,1112752.4607,963696.8339
2026,002317.SZ,20200123,14.34,3.3659,3.9512,0.83,26.8092,25.7399,2.8506,4.9457,4.6016,1.3757,1.3757,81446.1076,78174.828,66594.7655,1167937.183,1121027.0335
2027,600666.SH,20200123,2.28,3.5655,4.3276,2.21,,,4.3146,2.4992,3.1172,0.0,,122732.624,80365.5532,66214.2852,279830.3827,183233.4613
2028,002220.SZ,20200123,1.33,1.5898,2.7892,0.89,,,0.4758,0.9812,1.8285,0.0,,76648.0153,66112.8653,37684.3695,101941.8603,87930.1108
2029,600714.SH,20200123,5.52,0.6901,1.83,1.56,69.9589,187.6469,2.5389,10.1217,8.3702,0.0,,28817.6273,28817.6273,10866.7985,159073.3027,159073.3027
2030,300358.SZ,20200123,7.35,2.5878,5.2834,2.48,83.2381,,1.4549,2.1075,1.9054,0.303,0.303,46788.7363,44169.014,21634.2799,343897.2118,324642.2529
2031,600369.SH,20200123,5.07,1.1258,2.3616,1.19,126.1699,47.5579,1.4929,10.4297,8.8139,0.5917,0.5917,564510.9124,564510.9124,269105.2837,2862070.3259,2862070.3259
2032,300450.SZ,20200123,43.99,2.6914,4.6185,1.11,52.2261,46.6765,10.0807,9.9677,8.7915,0.6367,0.6367,88144.627,84789.328,49410.0925,3877482.1417,3729882.5387
2033,601949.SH,20200123,6.22,3.1609,3.1609,0.99,18.8464,15.6366,1.7933,2.1263,1.8753,1.6077,1.6077,182250.0,40100.5541,40100.5541,1133595.0,249425.4465
2034,603899.SH,20200123,50.1,0.3927,1.3019,1.22,57.1261,46.8412,11.7082,5.4004,4.4496,0.5988,0.5988,92000.0,92000.0,27750.0,4609200.0,4609200.0
2035,300030.SZ,20200123,8.57,15.2385,18.1956,2.78,,,3.1729,4.8119,4.6591,0.0,,30879.5815,25793.9049,21601.953,264638.0135,221053.765
2036,300387.SZ,20200123,10.38,1.1225,2.3938,0.65,46.3079,43.7759,2.5478,5.2525,5.2337,0.4772,0.4772,29179.7018,28905.7018,13554.2215,302885.3047,300041.1847
2037,300352.SZ,20200123,7.56,22.2396,22.3819,2.12,116.4912,90.0466,4.6913,19.1486,13.8974,0.1323,0.1323,144982.4087,109746.44,109049.1004,1096067.0098,829683.0864
2038,600248.SH,20200123,4.11,0.895,1.9691,0.5,13.409,9.4246,1.3147,0.4983,0.3858,2.4331,2.4331,91795.2672,65668.4064,29849.9305,377278.5482,269897.1503
2039,002727.SZ,20200123,22.92,2.8504,3.6768,1.42,24.9742,22.1834,2.9816,1.4181,1.2735,1.3089,1.3089,56777.0067,30015.4647,23269.6274,1301328.9936,687954.4509
2040,002959.SZ,20200123,60.12,7.6906,7.6906,1.2,38.8913,30.8529,4.6124,3.5347,2.952,,,12000.0,3000.0,3000.0,721440.0,180360.0
2041,002159.SZ,20200123,11.23,1.2848,1.9136,1.41,11.5584,,1.3964,2.4024,2.3342,0.0,,13866.6666,13854.9311,9302.4711,155722.6659,155590.8763
2042,603192.SH,20200123,26.95,3.63,3.63,0.84,24.8988,22.8583,2.4393,1.8051,2.0647,1.2987,1.2987,10666.6667,2666.6667,2666.6667,287466.6676,71866.6676
2043,000779.SZ,20200123,9.85,0.7888,1.1824,1.33,15.7842,7.7501,2.138,1.7716,1.1335,0.0,,38033.0518,17564.0547,11716.912,374625.5602,173005.9388
2044,603983.SH,20200123,67.5,6.7763,6.7763,1.31,65.1792,50.2616,10.7668,17.1774,15.6306,,,40100.0,4100.0,4100.0,2706750.0,276750.0
2045,600790.SH,20200123,3.35,0.733,1.1775,0.83,9.5536,10.6006,0.9138,5.0087,4.962,5.3731,5.3731,146579.0928,146579.0928,91242.828,491039.9609,491039.9609
2046,603817.SH,20200123,6.43,1.1758,1.3438,1.04,24.8082,21.9483,1.8178,5.997,4.5951,0.8087,0.8087,45000.3612,18000.3612,15750.3712,289352.3225,115742.3225
2047,603228.SH,20200123,49.2,0.6118,2.5932,0.98,36.9231,36.822,5.7001,5.9445,5.0414,1.0889,1.0889,60237.161,59901.161,14133.4813,2963668.3212,2947137.1212
2048,600162.SH,20200123,2.22,0.2973,0.724,1.41,14.815,14.519,1.4826,1.823,1.8863,3.3784,3.3784,339578.1424,298120.8559,122410.3982,753863.4761,661828.3001
2049,002889.SZ,20200123,24.8,3.5801,3.5802,1.11,25.4198,23.2431,2.2207,0.2656,0.2328,0.0,,13810.1429,3720.2554,3720.1929,342491.5439,92262.3339
2050,600278.SH,20200123,10.9,2.2105,6.0332,1.95,37.5322,40.0998,1.4319,0.34,0.337,0.8257,0.8257,52224.1739,52224.1739,19134.4957,569243.4955,569243.4955
2051,300813.SZ,20200123,51.5,1.0109,1.0109,4.25,55.5113,58.9807,6.4035,16.8227,15.5272,,,5197.0,1300.0,1300.0,267645.5,66950.0
2052,601975.SH,20200123,2.68,1.1893,1.3301,1.66,37.3702,20.0261,3.0905,3.9851,3.4921,0.0,,502340.0024,366597.4263,327803.9448,1346271.2064,982481.1025
2053,300618.SZ,20200123,81.75,4.3,5.0883,1.12,31.0588,,13.6596,7.8988,11.7738,0.8737,0.8737,26884.5247,15962.2847,13489.2561,2197809.8942,1304916.7742
2054,000923.SZ,20200123,14.13,2.3778,3.8081,2.46,68.753,19.6446,1.3431,1.855,1.6646,0.0708,0.0708,65272.8961,19800.0,12363.4034,922306.0219,279774.0
2055,601799.SH,20200123,98.5,0.4303,1.0033,0.99,44.5531,38.7149,5.8785,5.3608,4.9867,1.0051,1.0051,27615.5232,27615.5232,11842.3532,2720129.0352,2720129.0352
2056,300357.SZ,20200123,48.38,1.4007,2.5763,0.87,108.7708,87.3099,20.7775,50.5866,41.1852,0.2871,0.2871,52358.4,45739.3493,24867.545,2533099.392,2212869.7191
2057,002947.SZ,20200123,59.45,5.8581,5.8581,0.79,57.3284,46.748,6.1997,14.429,13.1907,0.3364,0.3364,12151.201,3037.8003,3037.8003,722388.8995,180597.2278
2058,300051.SZ,20200123,7.69,3.9402,4.2701,1.31,,,4.7471,11.9768,10.1131,0.0,,36569.869,22489.6706,20751.7914,281222.2926,172945.5669
2059,002028.SZ,20200123,14.82,2.7781,3.5371,1.59,38.2395,19.6426,2.2188,2.3439,1.7663,0.6748,0.6748,76020.9282,58723.3961,46123.4367,1126630.1559,870280.7302
2060,300207.SZ,20200123,24.3,2.3304,3.4899,1.17,54.3593,49.2421,6.7147,1.8748,1.5269,0.5277,0.5277,156913.5331,138585.7017,92542.8846,3812998.8543,3367632.5513
2061,300376.SZ,20200123,4.86,0.6387,1.7962,1.42,19.9677,27.6136,2.1919,2.4235,3.4936,0.5162,0.5162,231982.5036,230819.6846,82073.3929,1127434.9675,1121783.6672
2062,300045.SZ,20200123,9.78,9.6926,11.0448,1.97,50.9418,54.1711,3.1767,8.8572,7.9471,0.2047,0.2047,61500.1387,41321.0012,36261.8742,601471.3565,404119.3917
2063,000518.SZ,20200123,5.49,14.7816,19.099,3.68,,,9.2862,14.2909,14.1345,0.0,,102955.6222,102953.5693,79680.411,565226.3659,565215.0955
2064,603299.SH,20200123,6.85,1.6058,3.1893,1.52,36.6805,20.216,1.3637,1.9228,1.3714,0.8759,0.8759,77573.0854,55944.0,28167.6029,531375.635,383216.4
2065,300079.SZ,20200123,6.68,6.8181,7.127,1.2,113.2657,159.6162,2.4889,6.0981,7.5173,0.1501,0.1501,142980.8862,123758.5166,118395.0536,955112.3198,826706.8909
2066,600247.SH,20200123,3.87,0.6153,0.6664,1.47,175.5354,,,41.161,93.1347,0.0,,33644.16,33644.16,31064.16,130202.8992,130202.8992
2067,000912.SZ,20200123,4.59,0.3971,0.8413,1.28,20.4697,40.5596,1.4507,1.6337,1.3437,0.0,,156800.0,156800.0,74002.8261,719712.0,719712.0
2068,600094.SH,20200123,6.21,2.1502,3.1226,0.89,27.9149,16.0641,1.2186,1.1486,1.1148,0.3221,0.3221,247532.5057,227660.4962,156764.2523,1537176.8604,1413771.6814
2069,002778.SZ,20200123,21.82,2.4182,3.4308,1.44,107.2412,173.4721,3.0389,2.8223,2.8103,0.2062,0.2062,8910.95,5790.9165,4081.7391,194436.929,126357.798
2070,002918.SZ,20200123,19.64,2.4053,2.6355,0.7,21.7971,19.8281,2.8462,2.462,2.1906,1.0415,1.0415,40218.6,13531.575,12349.65,789893.304,265760.133
2071,002396.SZ,20200123,34.41,4.1952,5.8234,1.91,34.5271,30.4484,4.9002,2.1979,2.2453,0.3197,0.3197,58328.0278,56074.0315,40395.8365,2007067.4366,1929507.4239
2072,603277.SH,20200123,10.18,1.2455,2.8408,1.18,16.809,14.854,2.1536,2.8101,2.5023,1.9641,1.9641,41007.0,16097.1,7057.5,417451.26,163868.478
2073,600603.SH,20200123,5.56,2.8146,3.7039,1.43,12.6666,12.2714,1.1547,3.3527,3.099,5.4002,5.4002,125476.6752,51042.6189,38786.4163,697650.3141,283796.9611
2074,000505.SZ,20200123,5.47,2.1942,3.1536,0.66,22.3348,24.8356,1.5908,0.5063,0.5376,0.0,,68579.0364,40612.7806,28256.5843,375127.3291,222151.9099
2075,000983.SZ,20200123,5.58,0.8598,1.8855,1.93,9.7556,8.4297,0.8312,0.5449,0.524,5.3763,5.3763,315120.0,315119.766,143698.2552,1758369.6,1758368.2943
2076,300359.SZ,20200123,5.62,1.6927,2.2981,1.58,,,2.6677,4.2448,4.3282,0.0,,63420.3422,52882.2087,38951.8405,356422.3232,297198.0129
2077,688088.SH,20200123,76.0,12.0965,12.0965,0.62,195.8467,170.6554,12.689,67.3607,57.5975,,,40600.0,4026.5522,4026.5522,3085600.0,306017.9672
2078,002853.SZ,20200123,17.34,2.4668,2.4668,0.67,18.9603,16.4527,2.3999,2.4261,2.0088,1.1534,1.1534,15534.15,4988.0186,4988.0186,269362.161,86492.2425
2079,601319.SH,20200123,7.26,1.1449,3.5628,1.42,23.8711,14.1439,1.7907,0.6373,0.6022,0.6294,0.6294,4422399.0583,560156.7019,180000.0,32106617.1633,4066737.6558
2080,002215.SZ,20200123,6.4,1.4129,2.5342,1.51,17.7725,19.7748,2.5534,1.4605,1.4274,0.0,,91407.6384,71815.7148,40040.6087,585008.8858,459620.5747
2081,600694.SH,20200123,26.37,0.9423,1.5141,1.53,7.8411,7.4533,0.8687,0.3245,0.3482,0.0,,29371.8653,29371.8653,18278.7348,774536.088,774536.088
2082,000752.SZ,20200123,4.63,1.061,1.5308,2.1,,,3.8195,3.7794,4.1401,0.0,,26375.8491,26375.8491,18280.2895,122120.1813,122120.1813
2083,600850.SH,20200123,27.35,2.0686,3.5758,1.07,38.5815,37.4557,4.6721,1.5985,1.5488,1.3155,1.3155,42685.2228,42685.2228,24693.7062,1167440.8436,1167440.8436
2084,603703.SH,20200123,15.25,1.4104,1.5979,1.1,,,7.963,5.8813,4.3962,0.0,,22970.0,10895.0,9616.7402,350292.5,166148.75
2085,300677.SZ,20200123,23.61,3.8685,4.9757,0.66,26.1061,26.5507,3.4023,2.4738,2.2918,0.6357,0.6357,19829.9014,11333.3254,8811.5294,468183.9721,267579.8127
2086,300058.SZ,20200123,6.21,3.2318,4.1096,0.83,39.7716,25.6059,1.7716,0.6696,0.5998,0.5172,0.5172,249103.7834,217759.2614,171245.2898,1546934.4949,1352285.0133
2087,002614.SZ,20200123,10.43,2.3175,2.9728,1.19,13.3308,18.2647,1.7985,1.0747,1.1021,0.9533,0.9533,56125.25,33595.0682,26189.0659,585386.3575,350396.5613
2088,000713.SZ,20200123,8.29,4.8724,7.273,0.84,68.3564,45.2851,2.2094,1.8866,1.4775,0.181,0.181,43858.2129,38853.8758,26029.3828,363584.5849,322098.6304
2089,600423.SH,20200123,3.02,0.211,0.3209,0.98,6.18,,1.4157,1.2009,2.9379,0.0,,79869.5026,79869.5026,52515.9896,241205.8979,241205.8979
2090,600491.SH,20200123,7.9,1.4115,2.421,1.53,13.1048,12.1874,1.1791,0.5979,0.5698,0.7595,0.7595,152975.7955,152975.7955,89189.5105,1208508.7845,1208508.7845
2091,300746.SZ,20200123,12.74,2.606,2.606,1.26,38.0139,36.5485,2.501,3.0446,2.8136,0.5267,0.5267,22573.8328,6302.5,6302.5,287590.6299,80293.85
2092,002504.SZ,20200123,2.87,2.9299,3.12,0.35,388.878,,3.4278,2.0392,2.2532,0.0,,102580.0523,41454.8971,38929.2549,294404.7501,118975.5547
2093,002278.SZ,20200123,6.5,1.616,2.2969,0.71,79.4776,50.2888,2.111,3.3692,3.0412,0.7692,0.7692,36390.9648,34398.4823,24200.8516,236541.2712,223590.135
2094,601633.SH,20200123,8.35,0.294,1.9417,1.11,14.6357,18.1536,1.4382,0.7793,0.8126,3.4731,3.4731,912726.9,602772.9,91272.9,7621269.615,5033153.715
2095,600767.SH,20200123,4.13,0.551,0.7283,0.66,69.0096,131.3054,5.47,6.7932,6.853,0.0,,34101.0182,34091.0182,25793.0254,140837.2052,140795.9052
2096,002115.SZ,20200123,11.87,13.9749,16.5175,0.91,39.7603,42.4617,3.4322,2.4023,1.8275,0.6484,0.6484,71919.0079,53167.7874,44983.6029,853678.6238,631101.6364
2097,002408.SZ,20200123,6.96,0.8166,1.9433,1.48,14.6581,18.4602,1.6264,0.4425,0.3399,1.2931,1.2931,177520.9253,173912.0321,73082.0739,1235545.6401,1210427.7434
2098,603208.SH,20200123,67.07,5.4352,5.4352,0.89,35.4963,20.52,4.1223,4.2251,2.6741,0.8648,0.8648,8081.6061,3081.6061,3081.6061,542033.3211,206683.3211
2099,002401.SZ,20200123,11.12,1.9132,3.841,1.25,40.534,39.1229,3.6194,3.4407,3.1717,0.4496,0.4496,30324.0,30216.7026,15051.3359,337202.88,336009.7329
2100,600644.SH,20200123,5.42,0.3822,1.041,1.06,36.0732,32.7017,2.0104,1.3446,1.3126,0.0,,53840.0659,53840.0659,19770.2085,291813.1572,291813.1572
2101,600160.SH,20200123,6.97,1.0409,1.9255,0.82,8.8889,13.7626,1.4735,1.2221,1.2762,2.1521,2.1521,274516.6103,274516.6103,148394.3112,1913380.7738,1913380.7738
2102,600617.SH,20200123,4.64,0.2897,0.8771,1.08,110.0306,108.6797,1.3309,0.4518,0.4223,0.431,0.431,108466.3692,97491.4344,32198.1812,503283.9531,452360.2556
2103,600382.SH,20200123,6.77,0.654,1.1997,1.36,10.5851,9.744,0.7132,5.7181,3.3605,0.6817,0.6817,60687.2165,60687.2165,33084.8035,410852.4557,410852.4557
2104,603725.SH,20200123,6.76,2.7484,2.9921,2.18,28.3325,115.4305,1.7286,1.4532,1.6386,1.268,1.268,20535.2,13156.2654,12084.6899,138817.952,88936.3541
2105,300689.SZ,20200123,43.19,12.9436,12.9436,1.48,53.5759,58.3291,5.0266,8.27,8.1725,0.382,0.382,6800.0,1904.0,1904.0,293692.0,82233.76
2106,002046.SZ,20200123,6.36,1.377,2.2003,2.31,145.5848,191.4128,1.2397,1.6142,1.6349,0.2201,0.2201,52434.9078,40869.9325,25577.5327,333486.0136,259932.7707
2107,603608.SH,20200123,10.3,6.679,13.0978,0.86,18.2893,19.4712,2.0979,2.1584,2.1146,2.3826,2.3826,43006.5867,32361.7465,16502.1938,442967.843,333325.989
2108,603223.SH,20200123,6.21,0.6707,1.5135,1.17,37.2366,,1.7119,0.2901,0.2421,0.5406,0.5406,28224.0,28224.0,12506.8598,175271.04,175271.04
2109,600267.SH,20200123,11.52,7.3193,12.6598,1.4,,14.7245,1.4953,1.0918,1.0401,0.0,,96553.1842,96553.1842,55822.3345,1112292.682,1112292.682
2110,001914.SZ,20200123,19.8,1.2087,2.4816,1.73,24.5091,127.8011,2.7032,3.1544,3.1982,0.953,0.953,106034.606,66679.3416,32476.4536,2099485.1988,1320250.9637
2111,603303.SH,20200123,9.87,3.0903,3.0903,1.53,19.4549,17.3225,1.8623,1.2048,1.1346,1.7636,1.7636,48771.5366,12051.5366,12051.5366,481375.0662,118948.6662
2112,600381.SH,20200123,5.28,1.0957,2.5782,1.64,45.2859,,1.3165,9.3078,12.5157,0.0,,58706.0741,58706.0741,24948.2701,309968.0712,309968.0712
2113,002707.SZ,20200123,5.5,5.2389,6.1431,1.51,205.1736,,2.1127,0.3973,0.3922,0.4182,0.4182,87911.5016,54858.662,46784.4825,483513.2588,301722.641
2114,000603.SZ,20200123,12.84,1.8689,3.4413,1.07,21.5157,17.7513,4.108,3.6885,3.0813,0.0,,68996.9346,58651.2974,31851.9836,885920.6403,753082.6586
2115,300763.SZ,20200123,50.25,11.489,11.489,1.69,34.0493,36.6169,4.9306,4.8353,3.9485,1.99,1.99,7999.9952,2000.0,2000.0,401999.7588,100500.0
2116,002072.SZ,20200123,5.56,1.0397,1.1745,0.54,,,,39.0868,23.9553,0.0,,17600.0,16614.8433,14708.9866,97856.0,92378.5287
2117,000155.SZ,20200123,4.73,2.9594,5.2321,0.91,19.9603,11.1237,1.7007,1.4061,2.2444,0.0,,127000.0,127000.0,71835.1849,600710.0,600710.0
2118,600859.SH,20200123,13.52,1.1215,2.1505,1.69,8.7354,9.903,0.9301,0.3929,0.3899,3.4763,3.4763,77625.035,56877.7123,29661.6852,1049490.4732,768986.6703
2119,002311.SZ,20200123,34.05,0.6312,1.5251,1.45,37.4395,34.0858,6.0723,1.2765,1.1489,0.8813,0.8813,158035.7494,155349.2505,64290.3146,5381117.2671,5289641.9795
2120,688001.SH,20200123,49.3,16.7188,16.7188,0.76,81.2595,87.5654,10.3943,19.6693,15.7473,,,40100.0,3845.1196,3845.1196,1976930.0,189564.3963
2121,603655.SH,20200123,22.0,5.3034,5.3034,0.34,77.1979,114.444,4.8199,13.3783,15.2359,0.4545,0.4545,10600.0,3400.0,3400.0,233200.0,74800.0
2122,002555.SZ,20200123,32.41,3.2527,4.1575,1.46,67.8809,50.8607,10.4959,8.9691,5.8723,0.9191,0.9191,211225.1697,141841.0743,110973.0402,6845807.75,4597069.2181
2123,002811.SZ,20200123,15.07,0.6993,2.5229,1.04,23.7451,20.5163,1.8697,1.1791,1.1299,1.3271,1.3271,18000.2965,16234.8428,4500.1365,271264.4683,244659.081
2124,002523.SZ,20200123,2.94,0.7525,1.083,1.78,38.9618,49.764,2.0034,2.9621,3.0764,1.0204,1.0204,141664.08,134851.6653,93703.2015,416492.3952,396463.896
2125,603363.SH,20200123,13.81,3.1481,3.2752,1.23,199.0457,154.1808,7.1586,1.0407,1.0349,0.181,0.181,43420.575,18399.2944,17685.155,599638.1408,254094.2557
2126,000595.SZ,20200123,3.08,1.8443,3.9238,1.22,,,4.3685,5.445,6.6976,0.0,,76427.925,75176.185,35334.5926,235398.009,231542.6498
2127,603283.SH,20200123,44.81,15.2934,15.2934,0.95,65.1911,58.0851,7.6951,8.7248,7.8305,0.6386,0.6386,17609.0417,4101.73,4101.73,789061.1586,183798.5213
2128,002851.SZ,20200123,22.44,4.5377,4.5383,1.02,52.1259,29.6393,5.5801,4.4011,3.0667,0.3862,0.3862,46945.7706,25847.0846,25843.8446,1053463.0923,580008.5784
2129,300447.SZ,20200123,9.78,2.1583,3.0413,0.92,,,2.73,4.393,4.5133,0.0,,29106.9255,17453.492,12386.022,284665.7314,170695.1518
2130,002343.SZ,20200123,10.94,5.2033,6.8164,1.23,,,3.3186,3.6208,5.4359,0.0,,47494.9686,40239.021,30716.2831,519594.9565,440214.8897
2131,300208.SZ,20200123,6.36,0.7358,1.5253,1.21,25.3509,,2.3042,3.6673,5.2207,0.4717,0.4717,74947.5,63979.2576,30862.468,476666.1,406908.0783
2132,600740.SH,20200123,6.33,1.6141,1.864,0.91,6.2614,8.3845,0.9078,1.3275,1.319,3.1596,3.1596,151604.802,65683.2758,56878.7267,959658.3967,415775.1358
2133,300191.SZ,20200123,21.58,2.1102,3.3659,1.54,238.1368,257.5504,5.8342,63.262,70.8116,0.0927,0.0927,32000.0,20702.0,12978.7,690560.0,446749.16
2134,002946.SZ,20200123,11.8,3.69,3.69,1.45,41.5015,40.9467,5.3201,2.0261,1.8423,0.5085,0.5085,85371.0666,8537.1067,8537.1067,1007378.5859,100737.8591
2135,300465.SZ,20200123,13.87,7.7033,11.3467,0.61,59.2711,45.4115,5.0261,3.8925,3.7854,0.2596,0.2596,44676.2257,44676.2257,30330.6501,619659.2505,619659.2505
2136,600112.SH,20200123,1.91,1.2979,1.5894,1.19,56.6585,,0.8759,1.9083,3.7851,0.0,,50920.4846,50920.4846,41580.1046,97258.1256,97258.1256
2137,603615.SH,20200123,9.13,2.7396,2.7396,1.45,32.6657,31.8431,1.6392,2.9293,2.845,2.1489,2.1489,24466.0,7486.2385,7486.2385,223374.58,68349.3575
2138,601857.SH,20200123,5.64,0.0503,0.5415,1.51,19.6299,24.7266,0.8423,0.4386,0.4199,2.9725,2.9725,18302097.7818,16192207.7818,1503973.8682,103223831.4894,91324051.8894
2139,601500.SH,20200123,6.19,0.2308,0.959,1.43,36.4408,43.1802,1.4814,1.4036,1.5679,1.2924,1.2924,87229.009,72691.9085,17491.9085,539947.5657,449962.9136
2140,300486.SZ,20200123,22.87,1.1956,1.7419,1.16,64.8012,56.6607,3.0398,5.9188,5.4234,0.153,0.153,18067.0836,14817.3984,10169.7179,413194.2019,338873.9014
2141,688389.SH,20200123,18.65,14.0859,14.0859,0.77,97.0377,76.9026,7.7561,24.3454,19.7086,,,42220.0,3475.1805,3475.1805,787403.0,64812.1163
2142,600977.SH,20200123,13.81,1.4209,4.3538,1.09,17.2488,24.0831,2.184,2.8529,2.9159,2.0348,2.0348,186700.0,186700.0,60931.75,2578327.0,2578327.0
2143,601218.SH,20200123,2.92,1.3111,2.082,1.95,,46.1579,1.1733,2.2827,2.1537,0.0,,99176.0,97736.0,61547.5412,289593.92,285389.12
2144,300046.SZ,20200123,16.51,10.6653,15.2404,0.79,41.023,41.9961,3.8898,8.4155,8.5381,1.8171,1.8171,21312.0,21312.0,14914.2,351861.12,351861.12
2145,300282.SZ,20200123,7.51,3.3537,5.1167,1.39,24.885,29.144,1.1083,3.5732,3.6194,0.2203,0.2203,37709.8455,36506.4737,23927.8633,283200.9397,274163.6175
2146,600053.SH,20200123,26.09,1.6927,6.3944,0.99,39.7987,33.1593,5.4835,13.8764,14.3176,2.8363,2.8363,43354.08,43354.08,11476.495,1131107.9472,1131107.9472
2147,300483.SZ,20200123,39.31,1.1144,1.5914,1.05,862.9808,78.279,2.2952,14.3043,3.9154,0.0,,12321.9968,5044.35,3532.35,484377.6942,198293.3985
2148,600367.SH,20200123,7.64,1.3468,2.1071,1.24,19.6409,30.6379,1.7131,1.4294,1.4338,0.5236,0.5236,29804.5,29120.0,18613.2664,227706.38,222476.8
2149,600251.SH,20200123,5.32,0.6808,1.1519,1.34,44.7196,35.2188,1.958,1.9199,1.4547,0.2419,0.2419,78484.2008,78484.2008,46390.93,417535.9483,417535.9483
2150,002002.SZ,20200123,4.03,1.2145,2.391,0.95,17.0769,24.0859,1.5916,1.7259,1.8053,1.4817,1.4817,258871.3789,254985.7401,129512.8548,1043251.657,1027592.5326
2151,000502.SZ,20200123,7.01,2.3523,3.0484,3.67,16.7299,38.5012,6.3302,74.3979,80.1991,0.0,,18481.9607,18334.6957,14148.2491,129558.5445,128526.2169
2152,600191.SH,20200123,4.81,1.1207,2.4537,1.51,,719.8215,1.2358,35.6634,17.6073,0.0,,48493.2,48493.2,22147.6387,233252.292,233252.292
2153,300476.SZ,20200123,21.67,1.8313,3.0268,1.32,44.3746,40.2973,5.2715,5.1103,4.721,0.775,0.775,77914.9975,75962.4011,45959.043,1688417.9958,1646105.2318
2154,000059.SZ,20200123,5.83,0.7574,1.4524,1.5,8.8355,10.1412,0.6798,0.2542,0.2373,4.2882,4.2882,159944.2537,159943.9081,83401.9906,932474.9991,932472.9842
2155,600830.SH,20200123,5.25,1.0292,1.5021,1.52,77.5599,105.7885,1.1464,3.4011,7.8149,1.1429,1.1429,45432.2747,45432.2747,31131.0133,238519.4422,238519.4422
2156,600868.SH,20200123,3.37,1.3372,1.522,1.67,292.181,112.3573,2.7398,28.71,21.1691,0.1187,0.1187,189814.8679,189814.8679,166774.0974,639676.1048,639676.1048
2157,600052.SH,20200123,5.05,4.2048,8.2112,1.9,37.3677,3.6319,1.2286,5.4449,11.3735,1.5248,1.5248,87178.9092,87178.9092,44642.6704,440253.4915,440253.4915
2158,002535.SZ,20200123,2.7,1.8707,2.2133,1.54,,,0.7796,1.0494,1.6149,0.0,,80168.3074,56930.3753,48118.1449,216454.43,153712.0133
2159,600308.SH,20200123,4.5,1.2196,1.895,0.83,7.3067,9.5156,0.6587,0.3559,0.384,4.1111,4.1111,116756.1419,116756.1419,75140.6117,525402.6386,525402.6386
2160,002699.SZ,20200123,6.39,2.162,4.7427,0.94,,,1.8592,7.4725,4.9837,0.0,,90957.2725,79423.8125,36206.7213,581216.9713,507518.1619
2161,000656.SZ,20200123,7.14,0.632,1.5955,0.87,9.8112,6.718,1.5504,0.9246,0.6625,5.042,5.042,533971.5816,524723.8049,207848.2662,3812557.0926,3746527.967
2162,002931.SZ,20200123,27.88,5.8605,5.8605,1.23,54.1542,42.7253,4.7288,7.8624,6.7042,0.7174,0.7174,8888.0,2645.2385,2645.2385,247797.44,73749.2494
2163,600391.SH,20200123,14.51,1.7795,2.7813,1.32,,,3.3696,2.0261,1.8289,0.0,,33012.9367,33012.9367,21122.2062,479017.7115,479017.7115
2164,300065.SZ,20200123,11.87,1.6589,1.898,1.58,44.7279,42.1746,2.6648,6.1412,6.1386,0.2508,0.2508,39817.4035,33342.9336,29142.9011,472632.5795,395780.6218
2165,300673.SZ,20200123,26.0,3.3974,3.3974,1.0,27.1675,55.9652,3.8722,4.3848,3.9753,1.5998,1.5998,14660.7,4669.704,4669.704,381178.2,121412.304
2166,603009.SH,20200123,6.38,2.8378,5.7841,1.08,40.7909,74.1611,1.3169,1.8346,1.8252,0.7367,0.7367,35900.2153,32804.1393,16094.7515,229043.3736,209290.4087
2167,600662.SH,20200123,4.43,0.8161,1.4839,1.26,72.0787,26.335,1.3864,1.1399,1.185,0.9029,0.9029,105336.2191,105336.2191,57931.863,466639.4506,466639.4506
2168,002562.SZ,20200123,4.63,2.6253,3.3601,1.19,191.4266,,1.9202,2.9515,3.3718,2.1435,2.1435,90203.1312,53909.2814,42119.8354,417640.4975,249599.9729
2169,300459.SZ,20200123,3.32,3.1196,4.5379,0.77,13.971,16.174,1.6514,4.317,4.6345,1.1026,1.1026,354354.4059,226872.3295,155964.083,1176456.6276,753216.1339
2170,002180.SZ,20200123,39.0,1.7608,4.2228,1.19,43.6237,35.8062,7.4271,1.8915,1.8144,0.2051,0.2051,106341.3323,100229.008,41793.9512,4147311.9597,3908931.312
2171,600218.SH,20200123,10.35,3.1583,4.8083,1.02,96.1773,52.7276,1.9001,1.0976,0.9978,0.0,,36875.5,36875.5,24221.25,381661.425,381661.425
2172,601106.SH,20200123,2.88,0.3264,0.8615,1.63,153.4483,254.2722,1.7976,1.879,1.5913,0.0,,685778.2927,653800.0,247721.9039,1975041.483,1882944.0
2173,002598.SZ,20200123,6.31,1.0456,1.6751,1.74,23.4323,21.6408,2.3232,2.0878,1.882,3.1696,3.1696,31200.0,27010.7663,16860.4213,196872.0,170437.9354
2174,600633.SH,20200123,9.2,0.9725,2.0826,0.97,25.0396,24.3026,1.5112,6.2713,4.6071,0.8454,0.8454,130192.3953,130192.3953,60793.1638,1197770.0368,1197770.0368
2175,002901.SZ,20200123,63.78,5.5924,5.5924,1.24,69.0705,59.5662,16.0317,33.2136,23.3817,0.7833,0.7833,40226.51,4009.85,4009.85,2565646.8078,255748.233
2176,603330.SH,20200123,15.07,3.4677,3.4677,0.93,46.7846,86.0309,2.7085,2.9343,2.6052,1.0712,1.0712,10920.0,4413.2907,4413.2907,164564.4,66508.2908
2177,601375.SH,20200123,5.36,1.3623,2.7669,1.35,315.2301,94.0994,2.0911,12.5712,8.7679,0.3731,0.3731,386907.07,267370.57,131641.2086,2073821.8952,1433106.2552
2178,002462.SZ,20200123,16.09,1.8595,2.3781,1.11,14.3257,12.9266,1.405,0.2613,0.2278,0.8006,0.8006,29170.712,25052.6315,19588.9084,469356.7561,403096.8408
2179,688026.SH,20200123,58.52,58.6586,58.6586,,110.7602,92.2852,8.2995,28.2052,23.976,,,10000.0,2267.6252,2267.6252,585200.0,132701.4267
2180,002605.SZ,20200123,38.2,7.2613,12.0695,0.81,117.6275,48.0695,10.5985,16.1676,9.3216,0.2607,0.2607,39941.3589,26969.281,16225.2679,1525759.91,1030226.5342
2181,300366.SZ,20200123,10.31,5.433,6.2486,0.74,,,2.2206,3.3759,3.0795,0.0,,52557.615,34193.1584,29729.8914,541869.0107,352531.4631
2182,300551.SZ,20200123,28.23,16.8392,43.8422,2.04,251.2836,91.2792,5.7817,12.102,8.4263,0.0692,0.0692,11264.0,6900.3075,2650.3075,317982.72,194795.6807
2183,688028.SH,20200123,70.53,12.0265,12.0265,0.66,85.1068,91.6293,6.6419,21.5154,21.6067,,,8000.0,1900.0,1900.0,564240.0,134007.0
2184,600549.SH,20200123,12.5,0.8066,1.5632,1.22,35.218,111.301,2.4486,0.8987,0.9688,1.2062,1.2062,140604.62,140604.62,72553.6294,1757557.75,1757557.75
2185,600874.SH,20200123,7.33,0.7333,2.1451,1.28,20.8744,22.1793,1.7279,4.2744,3.9363,1.4461,1.4461,142722.843,108722.843,37166.3244,1046158.4392,796938.4392
2186,600485.SH,20200123,2.44,0.2454,0.2454,0.09,,,,14.2975,14.0234,0.0,,292374.2782,189500.0042,189500.0042,713393.2388,462380.0102
2187,600019.SH,20200123,5.43,0.3291,0.8722,1.14,5.6086,8.2323,0.6926,0.3968,0.4082,9.2088,9.2088,2227446.0375,2215598.2625,836041.4798,12095031.9836,12030698.5654
2188,600886.SH,20200123,8.16,0.3378,0.8401,1.5,12.6885,10.8546,1.5348,1.3502,1.2887,2.7574,2.7574,678602.3347,678602.3347,272889.8401,5537395.0512,5537395.0512
2189,300535.SZ,20200123,13.23,2.1132,3.8834,1.45,33.2096,39.2236,1.8602,3.8612,3.8898,0.761,0.761,10393.7993,6460.8952,3515.8416,137509.9647,85477.6435
2190,000533.SZ,20200123,2.73,1.699,2.7871,1.51,,,3.1025,0.1973,1.3476,0.0,,69081.6,68490.24,41752.8232,188592.768,186978.3552
2191,002009.SZ,20200123,8.37,2.5319,3.7128,0.66,22.4017,42.0573,1.5308,0.8854,0.9575,0.681,0.681,37054.9434,31167.9022,21254.8438,310149.8763,260875.3414
2192,600106.SH,20200123,2.96,0.7596,1.0676,1.88,15.9012,14.9016,0.9688,14.913,15.0864,2.0577,2.0577,120820.4602,120820.4602,85961.2495,357628.5622,357628.5622
2193,000586.SZ,20200123,10.03,3.5584,5.5103,1.28,,375.2514,8.0053,4.5469,4.2721,0.0,,19344.0,19344.0,12491.6369,194020.32,194020.32
2194,002273.SZ,20200123,16.63,8.4758,10.4057,1.17,41.0404,45.4284,4.4053,8.2657,6.9712,0.45,0.45,115600.1063,111693.8124,90978.011,1922429.7678,1857468.1002
2195,600487.SH,20200123,16.58,2.7001,3.8022,1.47,12.4678,19.5813,2.4092,0.932,0.9186,0.9047,0.9047,190369.3659,186033.3226,132110.4414,3156324.0866,3084432.4887
2196,002881.SZ,20200123,25.5,6.3392,6.3392,1.28,99.1124,138.0465,8.5624,4.6717,4.5898,0.1059,0.1059,18133.9,4533.9,4533.9,462414.45,115614.45
2197,300292.SZ,20200123,5.16,4.4118,4.8215,1.32,,,4.0908,2.1662,1.8038,0.0,,127485.0476,102961.6865,94212.9767,657822.8456,531282.3023
2198,002839.SZ,20200123,5.48,2.238,2.238,1.53,11.8611,10.7074,1.0033,3.3032,2.7145,2.7372,2.7372,180756.3724,86562.3368,86562.3368,990544.9208,474361.6057
2199,601916.SH,20200123,4.56,3.9432,3.9432,1.76,8.4405,7.5351,0.8823,2.4904,2.1161,,,2126869.6778,206756.7287,206756.7287,9698525.7308,942810.6829
2200,002380.SZ,20200123,13.65,2.2756,2.9462,1.67,29.1988,26.3312,1.5115,5.3802,4.6959,1.4316,1.4316,23999.1649,14335.3629,11072.7327,327588.6009,195677.7036
2201,603013.SH,20200123,14.41,4.2767,4.2767,1.0,22.0347,18.8341,2.3352,0.9363,0.8755,2.7759,2.7759,51000.0,6000.0,6000.0,734910.0,86460.0
2202,002446.SZ,20200123,8.77,6.6036,6.6037,1.43,64.9503,60.4262,2.1429,5.5507,5.4974,0.3417,0.3417,89709.602,62049.5937,62048.4661,786753.2095,544174.9367
2203,300148.SZ,20200123,4.35,6.0916,8.4652,1.0,,,1.0959,3.2647,3.0829,0.0,,84493.4446,78042.8,56160.3745,367546.484,339486.18
2204,603878.SH,20200123,11.9,1.7773,3.634,1.1,17.1064,11.2863,1.483,1.7032,1.4848,3.6014,3.6014,28625.632,28452.816,13915.8815,340645.0208,338588.5104
2205,002443.SZ,20200123,6.45,1.3681,1.7461,1.76,17.5773,13.8517,1.4445,0.6984,0.6603,3.1008,3.1008,52053.552,51069.3003,40013.3724,335745.4104,329396.9869
2206,600050.SH,20200123,5.65,0.9451,2.5368,1.56,42.9675,35.5888,1.2276,0.6028,0.6082,0.9436,0.9436,3103370.5687,2119659.6395,789710.7974,17534043.7132,11976076.9632
2207,002197.SZ,20200123,8.29,4.0889,5.034,1.16,,,1.7839,3.2052,3.6358,0.0,,51515.6948,43456.1814,35297.6464,427065.1099,360251.7438
2208,600026.SH,20200123,5.92,0.6776,1.5462,1.11,227.0459,24.9617,0.8424,1.9428,1.6434,0.3378,0.3378,403203.2861,273603.2861,119910.8266,2386963.4537,1619731.4537
2209,300064.SZ,20200123,3.1,1.5774,2.5895,1.67,38.7895,,0.5348,3.0133,4.1221,0.4516,0.4516,120547.6595,60565.5065,36894.1765,373697.7445,187753.0702
2210,002145.SZ,20200123,4.26,1.0204,1.621,1.23,16.8188,16.2152,2.0026,2.1945,2.0454,0.4675,0.4675,159124.5576,159113.3076,100157.3292,677870.6154,677822.6904
2211,300310.SZ,20200123,4.97,3.1349,3.642,1.27,,,2.752,1.6993,1.7716,0.0,,88165.8531,68002.4755,58533.0077,438184.2899,337972.3032
2212,002116.SZ,20200123,8.18,0.6077,1.4354,0.33,16.0991,15.1255,2.2912,0.6538,0.6235,3.0562,3.0562,41762.8938,41559.4834,17593.5539,341620.4713,339956.5742
2213,000027.SZ,20200123,5.91,0.2541,0.9698,1.21,33.9235,13.0194,0.9779,1.2646,1.0684,0.846,0.846,396449.1597,396449.1597,103890.679,2343014.5338,2343014.5338
2214,002326.SZ,20200123,11.56,9.3107,10.865,1.3,23.0068,28.1372,3.1668,3.0836,2.64,1.2106,1.2106,87899.6469,66576.4348,57052.2148,1016119.9182,769623.5863
2215,002808.SZ,20200123,9.38,2.2987,2.79,1.26,72.7456,96.25,4.4039,7.9085,8.2649,0.3807,0.3807,26880.0,26795.139,22076.5342,252134.4,251338.4038
2216,603903.SH,20200123,13.45,1.6532,2.0631,0.99,20.9964,21.1292,2.2294,1.881,1.8843,0.478,0.478,14461.44,10380.0026,8317.7158,194506.368,139611.035
2217,002613.SZ,20200123,2.73,1.3831,2.0395,1.1,68.6894,,1.7168,2.5198,3.1316,0.0,,93717.0,50910.2342,34524.9951,255847.41,138984.9394
2218,300711.SZ,20200123,16.45,8.7428,8.7428,1.21,182.2354,,5.3446,14.1815,16.3609,0.1418,0.1418,17303.5144,5576.04,5576.04,284642.8119,91725.858
2219,603337.SH,20200123,22.65,0.3127,1.2114,0.76,22.2362,30.0502,3.8883,2.433,2.6299,1.5833,1.5833,44594.982,44448.822,11475.5467,1010076.3423,1006765.8183
2220,600600.SH,20200123,48.33,0.922,2.2065,0.91,45.9099,34.217,3.2804,2.4569,2.346,0.9932,0.9932,135098.2795,69591.3617,29078.1562,6529299.8482,3363350.511
2221,002620.SZ,20200123,6.14,1.2622,1.8181,1.48,15.7385,14.015,1.0107,0.6433,0.6285,0.9772,0.9772,37863.0,30363.2488,21078.5932,232478.82,186430.3476
2222,300335.SZ,20200123,5.51,1.7378,1.9807,1.55,12.3714,19.2886,1.4577,1.1262,1.3726,3.6298,3.6298,36291.8035,27239.5047,23899.7166,199967.8373,150089.6709
2223,300811.SZ,20200123,80.7,19.8532,19.8532,0.54,67.3803,55.5179,6.1697,14.3392,12.1818,,,5760.0,1440.0,1440.0,464832.0,116208.0
2224,000838.SZ,20200123,3.1,0.6158,1.2371,1.64,29.9977,28.2727,1.8124,1.1193,1.0904,0.6774,0.6774,110046.217,84610.9019,42117.7113,341143.2727,262293.7959
2225,300748.SZ,20200123,36.21,2.9613,5.9799,1.17,101.7019,107.6289,12.8008,11.6107,10.1448,0.3038,0.3038,41342.4188,26221.3188,12985.1531,1497008.9847,949473.9537
2226,600601.SH,20200123,3.43,0.8122,0.9917,1.01,136.6758,,2.6565,1.3205,1.3173,0.2915,0.2915,219489.1204,219489.1204,179752.6279,752847.683,752847.683
2227,603778.SH,20200123,3.88,1.31,2.9639,1.93,,,1.9075,5.502,5.4476,0.0,,50000.0,50000.0,22099.8093,194000.0,194000.0
2228,603927.SH,20200123,69.6,8.6384,8.6384,0.88,92.0657,86.7681,16.3914,6.0841,5.6107,,,42400.0,4240.0,4240.0,2951040.0,295104.0
2229,600635.SH,20200123,4.72,1.1702,1.5993,1.72,29.124,29.6245,1.7637,2.82,2.5671,1.2712,1.2712,295243.4675,241879.1675,176981.5081,1393549.1666,1141669.6706
2230,000797.SZ,20200123,3.54,0.5015,1.0789,1.52,18.2306,18.1563,1.0897,1.1429,0.9931,1.4129,1.4129,157151.4753,156245.3872,72630.6725,556316.2226,553108.6707
2231,002251.SZ,20200123,8.77,0.7326,1.5263,2.07,48.7043,38.9783,0.9948,0.4118,0.3915,1.1403,1.1403,86390.3951,86390.3951,41467.5061,757643.765,757643.765
2232,603369.SH,20200123,30.86,0.8902,1.7992,1.55,33.6434,27.3483,5.5508,10.3623,8.2547,1.0693,1.0693,125450.0,125450.0,62071.7162,3871387.0,3871387.0
2233,300657.SZ,20200123,34.9,5.9649,6.9054,1.08,61.2857,42.1612,5.1137,3.2142,2.8853,0.3597,0.3597,20711.3428,11163.0657,9642.8113,722825.8637,389590.9929
2234,300261.SZ,20200123,4.12,1.1092,1.8722,1.67,24.7088,43.5674,2.0577,2.198,2.4937,2.4272,2.4272,96330.9471,92827.3678,54994.9608,396883.5021,382448.7553
2235,002886.SZ,20200123,23.83,15.9779,15.9779,1.37,80.8011,82.7031,4.2154,3.5041,3.1882,0.2493,0.2493,11883.725,4960.9013,4960.9013,283189.1668,118218.278
2236,603356.SH,20200123,13.03,2.6257,3.2696,1.7,28.445,23.4617,2.3911,1.7804,1.3222,1.3814,1.3814,13334.0,9024.0,7246.74,173742.02,117582.72
2237,300003.SZ,20200123,31.91,1.3876,1.9815,0.65,46.6504,33.6916,7.6189,8.9443,7.4302,0.5135,0.5135,178165.2921,151167.7719,105858.0845,5685254.4709,4823763.6013
2238,000812.SZ,20200123,3.15,2.164,2.5957,1.8,108.3707,106.0283,1.7471,2.4814,2.4383,0.0,,76869.2614,67030.3988,55881.713,242138.1734,211145.7562
2239,002612.SZ,20200123,8.53,1.9573,2.8467,1.42,17.6341,20.2894,1.2085,1.3944,1.3281,3.9614,3.9614,43507.0744,22394.155,15397.85,371115.3446,191022.1422
2240,600870.SH,20200123,2.99,0.4115,0.6777,1.85,343.5268,128.4256,198.2748,50.5206,69.8558,0.0,,52319.9665,52319.9665,31765.5094,156436.6998,156436.6998
2241,603825.SH,20200123,27.02,16.9805,19.5682,1.66,48.6309,43.851,4.0346,0.5808,0.5706,0.9255,0.9255,23102.1796,9478.5053,8225.0344,624220.8928,256109.2132
2242,603877.SH,20200123,15.31,0.3699,2.7986,0.81,12.8279,14.7837,2.3314,0.9507,0.9367,6.4574,6.4574,47887.915,47672.779,6301.429,733163.9787,729870.2465
2243,000909.SZ,20200123,7.87,2.325,4.2532,0.66,66.5836,83.8665,2.3084,1.5989,2.3708,0.0,,31235.2464,31235.2464,17074.9523,245821.3892,245821.3892
2244,600331.SH,20200123,2.49,1.0259,1.6284,1.51,,,2.2171,1.8809,5.1157,0.0,,203200.0,203200.0,128019.4985,505968.0,505968.0
2245,002675.SZ,20200123,15.51,1.5997,2.1768,0.84,44.3693,34.0319,2.7975,5.3336,4.3246,0.3095,0.3095,80221.4326,66201.5542,48651.5061,1244234.4196,1026786.1056
2246,603818.SH,20200123,7.67,0.4974,1.8335,1.98,,,2.5015,1.2962,0.89,0.0,,48867.7,48412.0,13132.48,374815.259,371320.04
2247,002556.SZ,20200123,5.83,2.3895,4.1709,1.39,30.1973,46.6811,1.7596,0.2486,0.2384,1.1677,1.1677,71760.0,71558.7023,40994.8247,418360.8,417187.2344
2248,002281.SZ,20200123,29.55,3.355,6.1516,1.54,60.1304,59.7188,4.5431,4.0589,3.873,0.5753,0.5753,67703.1918,62856.1752,34281.3441,2000629.3177,1857399.9772
2249,300245.SZ,20200123,9.55,1.9829,2.2839,1.07,51.0576,79.4685,2.1073,7.7237,7.67,0.4188,0.4188,31345.7493,30796.0307,26736.5685,299351.9058,294102.0932
2250,002274.SZ,20200123,5.97,4.1297,7.2386,0.81,40.0315,28.1653,2.0805,0.9792,0.9004,1.675,1.675,95236.4646,93799.913,53514.5929,568561.6937,559985.4806
2251,601326.SH,20200123,3.05,0.568,0.9101,1.5,21.0322,23.3625,1.1858,2.4782,2.5529,2.5246,2.5246,558741.2,165324.4796,103178.9311,1704160.66,504239.6628
2252,300587.SZ,20200123,16.42,3.4284,5.9849,0.87,38.2661,34.6727,3.0746,6.083,4.0279,0.5374,0.5374,18171.3,14196.4183,8132.3641,298372.746,233105.1885
2253,600086.SH,20200123,2.3,1.5268,1.8669,0.6,,,1.8702,1.0486,3.063,0.0,,135000.0,105684.5016,86429.5016,310500.0,243074.3537
2254,000820.SZ,20200123,1.45,2.4446,2.4451,0.71,,,19.7798,71.6531,39.8599,0.0,,63724.5222,28765.692,28760.292,92400.5572,41710.2534
2255,300264.SZ,20200123,6.6,9.42,9.9352,0.59,257.2897,,5.2623,8.5042,11.4548,0.0,,41310.0,32243.2245,30571.3403,272646.0,212805.2817
2256,002235.SZ,20200123,9.85,16.2279,19.6651,0.88,75.7201,59.8003,2.7362,7.9997,10.8111,0.0,,58058.6284,53334.3191,44012.1434,571877.4897,525343.0431
2257,002688.SZ,20200123,7.38,3.9537,7.1097,0.8,28.6529,26.342,2.81,2.8783,2.6541,3.3875,3.3875,63528.9655,62327.7733,34660.6668,468843.7654,459978.967
2258,300010.SZ,20200123,12.74,4.6606,5.3721,0.97,,,3.2917,5.6661,5.0792,0.0,,86832.4647,71060.4919,61649.7455,1106245.6003,905310.6668
2259,603179.SH,20200123,21.21,1.629,1.7398,0.95,17.1177,26.1369,3.1788,1.4179,1.6572,2.3215,2.3215,22762.6477,9635.7377,9021.8677,482795.7577,204373.9966
2260,002414.SZ,20200123,31.07,3.1044,7.392,1.31,220.2858,107.8225,8.209,26.8482,17.8242,0.0644,0.0644,93638.4046,73375.875,30815.7192,2909345.2309,2279788.4363
2261,002021.SZ,20200123,2.22,0.517,0.8513,0.55,,,2.3433,1.3379,1.898,0.0,,68781.504,68737.254,41741.8543,152694.9389,152596.7039
2262,002755.SZ,20200123,15.58,2.755,2.755,0.9,21.5808,11.602,6.2355,3.6778,2.0265,0.7702,0.7702,92816.0351,14302.7537,14302.7537,1446073.8269,222836.9026
2263,603315.SH,20200123,12.97,1.6531,3.7087,1.67,424.6174,50.2558,3.1023,11.8742,6.0008,0.0829,0.0829,30702.6264,21995.0901,9803.8401,398213.0644,285276.3186
2264,600426.SH,20200123,18.21,1.7763,2.6244,2.41,9.8096,12.3554,2.1661,2.0632,2.098,1.0983,1.0983,162665.975,162032.975,109668.5263,2962147.4048,2950620.4748
2265,002040.SZ,20200123,6.76,0.6774,2.0968,1.51,19.9478,23.7217,1.2334,4.5584,4.5574,0.5234,0.5234,48396.68,48396.68,15636.2129,327161.5568,327161.5568
2266,300006.SZ,20200123,5.45,5.5451,7.105,1.16,45.169,59.7983,2.5576,2.8333,2.4578,0.9174,0.9174,81224.1205,67134.9659,52394.9986,442671.4567,365885.5642
2267,600703.SH,20200123,22.56,3.2141,6.0685,1.14,32.5103,66.2423,4.2591,11.0001,12.5984,0.8812,0.8812,407842.4928,407842.4928,216005.5695,9200926.6376,9200926.6376
2268,002607.SZ,20200123,16.76,2.6164,3.3928,1.59,89.658,49.9017,40.7768,16.573,12.8733,1.6818,1.3723,616739.9389,66724.3986,51454.7425,10336561.376,1118300.9205
2269,600281.SH,20200123,3.96,0.7015,1.2574,0.77,,,5.0375,2.8865,4.1572,0.0,,51440.2025,51440.2025,28699.9819,203703.2019,203703.2019
2270,002661.SZ,20200123,11.55,2.1364,3.544,2.74,20.4279,24.5281,1.7055,1.3296,1.2222,2.1748,2.1748,32880.845,32445.7746,19558.9859,379773.7598,374748.6966
2271,000001.SZ,20200123,15.54,0.5671,1.2796,1.38,12.1512,10.6958,1.1045,2.5838,2.1859,0.8256,0.8256,1940591.8198,1940575.268,860111.1956,30156796.8797,30156539.6647
2272,002130.SZ,20200123,4.96,1.8948,2.0543,1.21,304.4022,84.349,2.2029,1.7715,1.5626,0.0,,125898.3062,99404.713,91685.0265,624455.5988,493047.3765
2273,603789.SH,20200123,14.2,0.8468,2.4287,0.81,,,3.5238,6.1966,6.0026,0.0,,26000.0,26000.0,9065.615,369200.0,369200.0
2274,600696.SH,20200123,11.3,0.44,0.894,2.11,196.6415,349.1263,14.8415,3.4336,4.8138,0.0,,33446.9431,33446.9431,16459.0224,377950.457,377950.457
2275,603727.SH,20200123,21.28,1.4579,4.1047,0.7,696.5985,83.1887,2.1453,12.5625,5.0877,0.1379,0.1379,23414.5,23414.5,8316.28,498260.56,498260.56
2276,002066.SZ,20200123,7.57,0.9779,1.6334,1.07,101.165,89.9576,4.0087,0.4618,0.4572,0.0,,23100.0,23100.0,13830.2535,174867.0,174867.0
2277,002939.SZ,20200123,13.65,3.8398,7.2061,1.09,72.3263,49.8135,2.5407,15.3857,12.6184,1.4652,1.4652,310340.5351,166418.0931,88677.0778,4236148.3041,2271606.9708
2278,000815.SZ,20200123,6.81,1.8203,3.9915,0.74,107.0135,155.6422,2.305,4.515,4.7182,0.0,,69526.3035,69526.3035,31707.3192,473474.1268,473474.1268
2279,601128.SH,20200123,8.34,1.4167,1.5669,1.14,15.3831,12.7489,1.3705,3.9252,3.5423,2.1583,2.1583,274085.5925,257508.7223,232819.0531,2285873.8415,2147622.744
2280,603187.SH,20200123,31.03,2.4327,2.6815,1.12,25.2165,17.9934,2.4395,2.8987,2.4282,1.3665,1.3665,11320.0,8400.77,7621.47,351259.6,260675.8931
2281,002702.SZ,20200123,4.11,2.6619,3.2043,0.88,56.6256,96.458,2.4949,1.7264,1.5276,1.2165,1.2165,48076.0,31883.5,26486.0,197592.36,131041.185
2282,603168.SH,20200123,9.05,2.3385,4.5082,1.56,,,1.9203,4.8062,5.6646,0.0,,32259.2499,31759.25,16474.0666,291946.2116,287421.2125
2283,002287.SZ,20200123,22.39,0.4857,3.9891,0.96,37.2396,34.0791,5.5158,9.7846,8.9412,1.4023,1.4023,53018.0979,52712.3969,6418.2281,1187075.212,1180230.5666
2284,300455.SZ,20200123,13.26,5.3714,11.0913,1.36,125.7989,124.3576,4.3521,30.4713,30.0297,0.2677,0.2677,71776.7936,50043.2075,24235.29,951760.2831,663572.9315
2285,002797.SZ,20200123,7.7,3.3476,4.9141,1.35,216.8672,78.089,3.0401,15.2373,11.7717,0.1299,0.1299,350240.0,350240.0,238591.9307,2696848.0,2696848.0
2286,002476.SZ,20200123,6.27,1.3331,1.7233,1.32,,,5.3429,8.5293,7.8322,0.0,,61200.0,57775.6912,44691.3706,383724.0,362253.5838
2287,300578.SZ,20200123,29.9,18.1324,18.1324,1.96,322.8932,101.3066,4.8481,23.3036,12.7454,0.3211,0.3211,17419.6955,6058.098,6058.098,520848.8955,181137.1302
2288,002495.SZ,20200123,2.78,0.7555,1.0158,1.49,73.9058,93.1823,2.1943,8.1547,8.4869,0.0,,93562.56,71393.4903,53097.4815,260103.9168,198473.903
2289,603023.SH,20200123,4.51,2.2964,5.4952,1.63,31.3745,41.5622,2.9287,10.1216,11.1136,1.7916,1.7916,45333.5227,45333.5227,18944.3227,204454.1874,204454.1874
2290,002327.SZ,20200123,6.92,1.0143,1.2974,1.54,10.8258,11.8003,1.9251,2.0156,2.0768,7.3138,7.3138,85006.7251,49864.2468,38983.373,588246.5377,345060.5879
2291,600664.SH,20200123,4.05,2.6874,5.0513,1.4,29.3333,94.4643,1.9476,0.9389,0.9086,0.0,,250701.9076,250695.5076,133371.8053,1015342.7258,1015316.8058
2292,603085.SH,20200123,7.23,4.1054,10.8778,3.16,57.5667,99.3055,2.0845,2.1961,1.4828,0.5533,0.5533,29098.6132,29098.6132,10982.1319,210382.9734,210382.9734
2293,688098.SH,20200123,19.39,12.9015,12.9015,0.63,90.7062,108.46,6.1941,28.8731,31.2994,,,40970.0,4515.1691,4515.1691,794408.3,87549.1288
2294,000042.SZ,20200123,9.92,0.2644,0.785,1.19,14.7644,10.7191,0.8668,0.8304,1.4142,1.0081,1.0081,66483.1139,66220.2464,22301.9487,659512.4899,656904.8443
2295,002205.SZ,20200123,13.22,3.4524,4.9467,1.75,458.9305,158.0235,1.6386,1.9458,1.8934,0.0,,11615.2018,11615.2018,8106.5068,153552.9678,153552.9678
2296,002113.SZ,20200123,1.82,0.8561,1.0487,0.31,,173.3369,1.1571,5.3124,4.45,0.0,,153269.293,94080.7095,76808.7096,278950.1133,171226.8913
2297,600980.SH,20200123,13.1,1.9555,3.2592,1.06,60.0222,59.555,3.3511,4.3045,4.1501,0.229,0.229,15520.988,15220.988,9132.5928,203324.9428,199394.9428
2298,300199.SZ,20200123,5.72,3.5117,4.3967,1.06,,,1.7156,4.1479,5.7246,0.0,,91692.704,59871.7742,47820.1959,524482.2669,342466.5484
2299,603506.SH,20200123,19.6,6.5216,6.5216,0.95,28.6335,23.3655,3.7834,2.4833,2.1498,1.1774,1.1774,13412.6985,3353.1746,3353.1746,262888.8906,65722.2222
2300,688358.SH,20200123,53.54,7.4748,7.4748,0.65,45.0564,42.4375,3.8014,13.0998,12.1049,,,8000.0,1837.5812,1837.5812,428320.0,98384.0974
2301,600203.SH,20200123,6.74,2.6797,3.8399,0.73,73.8543,55.6298,1.4736,0.28,0.2527,0.0,,45644.712,45644.712,31853.591,307645.3589,307645.3589
2302,000852.SZ,20200123,6.1,2.0917,5.0694,2.18,350.4445,55.9954,2.6127,0.9643,0.7107,0.0,,77760.4997,77760.4997,32084.8697,474339.0482,474339.0482
2303,002390.SZ,20200123,5.56,1.1724,1.7132,0.84,,,1.8991,1.4087,1.4102,0.0,,166722.8611,159573.1746,109200.8817,926979.1077,887226.8508
2304,300708.SZ,20200123,14.0,12.5452,12.9679,1.18,446.7816,446.7816,4.9845,3.1829,3.1829,0.1426,0.1426,25991.0,8805.5975,8518.62,363874.0,123278.365
2305,601877.SH,20200123,26.66,0.4208,0.9435,1.42,15.9686,15.6459,2.4586,2.0916,1.8628,2.2506,2.2506,215123.9916,215096.3266,95938.9175,5735205.6161,5734468.0672
2306,600126.SH,20200123,4.91,0.4665,1.4198,1.52,8.5577,14.3729,0.8735,0.6269,0.6329,2.444,2.444,337718.9083,337718.9083,110968.8651,1658199.8398,1658199.8398
2307,601228.SH,20200123,3.74,0.6941,0.6941,1.92,32.2281,31.3945,1.7666,2.68,2.4167,0.9358,0.9358,619318.0,144318.0,144318.0,2316249.32,539749.32
2308,002170.SZ,20200123,3.71,4.1159,5.4591,1.84,356.1717,234.9535,1.7341,1.4363,1.4569,0.0,,88686.2627,69322.0702,52265.3825,329026.0346,257184.8804
2309,300075.SZ,20200123,12.09,4.632,5.1101,0.73,44.0069,42.2614,2.2239,4.0014,3.6244,0.2481,0.2481,42655.2605,32173.0312,29162.7608,515702.0994,388971.9472
2310,000901.SZ,20200123,11.77,3.3352,4.7898,1.58,46.034,44.9821,1.8011,1.2461,1.2597,0.5956,0.5956,61419.0718,56700.634,39481.3734,722902.4751,667366.4622
2311,300796.SZ,20200123,22.45,12.1991,12.1991,1.96,34.8909,33.9805,2.7571,5.8463,5.1377,,,12115.0,3030.0,3030.0,271981.75,68023.5
2312,601678.SH,20200123,4.9,1.553,1.9217,1.7,10.7831,16.2804,1.1882,1.1209,1.2283,3.0612,3.0612,154440.0,154440.0,124809.0531,756756.0,756756.0
2313,601858.SH,20200123,11.29,2.7896,4.0722,0.82,21.0232,19.3714,2.429,4.0115,3.634,0.9566,0.9566,79050.0,19050.0,13050.0,892474.5,215074.5
2314,300622.SZ,20200123,19.98,11.0999,11.8878,6.58,41.1268,43.2655,4.7444,4.3095,3.8682,1.7834,1.7834,12209.3998,5438.2814,5077.8547,243943.808,108656.8624
2315,300360.SZ,20200123,11.68,1.9008,2.873,0.89,33.365,28.6223,2.3421,5.1975,5.5774,0.8918,0.8918,38799.0097,31092.2477,20570.8727,453172.4333,363157.4531
2316,601789.SH,20200123,3.85,1.9608,3.371,0.68,17.1164,16.7615,1.3353,0.2418,0.2183,1.8182,1.8182,97608.0,97608.0,56774.471,375790.8,375790.8
2317,300392.SZ,20200123,7.48,2.85,4.4807,1.42,141.6589,30.4799,5.7153,2.1563,2.3227,0.0,,38400.0,25900.3594,16474.0974,287232.0,193734.6883
2318,601615.SH,20200123,12.63,3.2469,5.6763,2.45,40.9091,25.5906,2.8427,2.5247,1.8201,0.4592,0.4592,137972.2378,92474.2323,52896.8732,1742589.3634,1167949.5539
2319,000727.SZ,20200123,1.97,1.5674,2.0159,1.66,,,1.1162,1.5647,1.5454,0.0,,452956.698,293065.5908,227861.9684,892324.6951,577339.2139
2320,002285.SZ,20200123,3.24,0.661,1.3239,1.14,15.8815,62.2311,1.2381,0.8764,0.9669,0.6481,0.6481,203775.6672,200976.1878,100347.6353,660233.1617,651162.8485
2321,002882.SZ,20200123,10.35,1.9976,1.9976,1.09,18.4466,16.0092,2.4958,1.3502,1.1846,1.4493,1.4493,43290.0,8625.0,8625.0,448051.5,89268.75
2322,002109.SZ,20200123,3.28,0.6687,2.1832,2.53,14.5093,21.9226,0.9348,1.6826,1.7372,0.0,,105294.4789,105294.4789,32251.4745,345365.8908,345365.8908
2323,300035.SZ,20200123,9.33,8.6552,9.2558,1.52,45.8498,33.2296,3.1585,9.6506,7.2813,0.2689,0.2689,64060.4424,40669.8386,38030.6561,597683.9276,379449.5941
2324,688128.SH,20200123,21.44,12.0899,12.0899,0.86,41.9142,33.7728,4.3002,3.3384,3.1146,,,40450.0,4547.7849,4547.7849,867248.0,97504.5083
2325,603890.SH,20200123,10.63,8.0854,9.2456,1.29,26.8135,28.8427,1.972,1.6412,1.5703,1.6464,1.6464,27398.5,13549.48,11849.268,291246.055,144030.9724
2326,600825.SH,20200123,5.27,1.177,2.4263,1.48,173.9511,195.8441,2.1675,3.958,3.7677,0.1898,0.1898,104488.785,104488.785,50686.785,550655.897,550655.897
2327,688202.SH,20200123,65.3,13.3751,13.3751,1.32,66.6189,63.2181,4.1602,12.4596,9.9532,,,6200.0,1262.1172,1262.1172,404860.0,82416.2532
2328,002621.SZ,20200123,11.05,0.9021,2.2076,0.94,206.9389,64.256,5.0645,24.6056,11.0961,0.1065,0.1065,59088.1492,54431.5562,22242.647,652924.0487,601468.696
2329,002007.SZ,20200123,36.09,2.855,4.6104,1.47,44.4369,37.6832,8.1372,15.7408,13.2576,0.7389,0.7389,140305.902,120361.1055,74533.9144,5063640.0032,4343832.2975
2330,002591.SZ,20200123,9.36,4.1578,5.9684,1.04,82.2272,30.2721,2.2574,8.5656,6.5467,0.0,,30667.1584,19002.8656,13238.1281,287044.6026,177866.822
2331,600820.SH,20200123,5.82,0.6147,1.0909,2.38,9.2475,8.7632,0.8539,0.491,0.4405,3.2646,3.2646,314409.6094,314409.6094,177149.5563,1829863.9267,1829863.9267
2332,000733.SZ,20200123,19.0,3.7466,5.5869,1.54,37.7719,28.2916,1.8199,1.8325,2.422,0.2632,0.2632,51480.5618,51480.5618,34523.2274,978130.6742,978130.6742
2333,300757.SZ,20200123,32.79,1.5976,3.0281,1.28,35.7737,38.0687,4.8333,5.178,4.0848,0.5865,0.5865,10400.0,5486.78,2894.84,341016.0,179911.5162
2334,603011.SH,20200123,4.84,0.8666,1.999,0.44,42.6197,74.8858,1.3253,2.7452,2.9895,2.2207,2.2207,45307.4794,44894.9194,19462.0772,219288.2003,217291.4099
2335,300166.SZ,20200123,15.04,4.0721,4.4954,1.14,30.6651,30.5695,3.0579,7.9614,7.3931,0.0665,0.0665,105668.0094,81803.3875,74100.2071,1589246.8614,1230322.948
2336,002861.SZ,20200123,31.0,4.1842,4.5218,0.81,58.9803,61.8972,3.6837,4.243,3.6126,0.6408,0.6408,12269.84,5024.4525,4649.3238,380365.04,155758.0275
2337,688158.SH,20200123,63.2,21.615,21.615,,345.8521,345.8521,7.479,22.4889,22.4889,,,42253.2164,4373.893,4373.893,2670403.2765,276430.0376
2338,000671.SZ,20200123,7.17,0.9801,2.5742,1.34,9.7001,7.2787,1.4632,0.5184,0.4761,0.7747,0.7747,408279.6365,400461.1168,152469.9112,2927364.9937,2871306.2075
2339,601766.SH,20200123,6.76,0.3251,0.7991,1.21,17.1609,15.9204,1.4644,0.8855,0.8143,2.2189,2.2189,2869886.4088,2432779.8048,989828.0025,19400432.1235,16445591.4804
2340,601169.SH,20200123,5.42,0.5106,0.7049,2.22,5.7292,5.3399,0.6172,2.0652,1.8338,5.2768,5.2768,2114298.4272,1824801.0822,1321947.5031,11459497.4754,9890421.8655
2341,001896.SZ,20200123,3.36,1.5455,3.4878,1.82,,,0.656,0.4784,0.4746,0.0,,115058.7847,92951.9373,41188.7163,386597.5166,312318.5093
2342,603787.SH,20200123,12.71,10.525,14.6297,1.17,29.2466,28.3871,2.6363,0.85,0.8291,1.967,1.967,20400.0,7089.0,5100.0,259284.0,90101.19
2343,300513.SZ,20200123,17.35,18.0163,19.7241,1.96,47.5207,44.0416,2.274,4.9889,4.4171,0.4803,0.4803,31369.1155,22917.6198,20933.2152,544254.1539,397620.7035
2344,600446.SH,20200123,20.53,3.9558,6.4245,1.11,,,10.0348,3.612,3.9096,0.0,,86044.0484,85321.0484,52535.5377,1766484.3137,1751641.1237
2345,300197.SZ,20200123,2.89,1.8329,2.3758,1.84,22.284,,1.0496,0.8751,1.1336,0.519,0.519,234632.5939,166675.2069,128586.8336,678088.1964,481691.3479
2346,300401.SZ,20200123,12.5,3.5404,5.7714,1.37,19.4891,15.2981,3.5071,9.0744,7.8541,1.04,1.04,47928.8315,45900.9675,28157.3789,599110.3938,573762.0938
2347,002532.SZ,20200123,6.21,1.2243,2.5811,0.66,23.8778,24.8099,2.2581,2.0845,1.9588,3.2206,3.2206,50308.0023,43085.8429,20437.2987,312412.6943,267563.0844
2348,601688.SH,20200123,18.94,1.1846,2.0111,1.33,34.1587,24.5811,1.4332,10.6723,8.0563,1.5839,1.5839,907665.0,735760.432,433396.0197,17191175.1,13935302.5821
2349,300251.SZ,20200123,10.57,2.0853,6.3942,1.08,22.5794,157.1868,3.3116,20.7895,11.6266,0.473,0.473,293360.8432,278384.1404,90788.07,3100824.1126,2942520.364
2350,300454.SZ,20200123,154.0,1.4517,2.1269,0.76,104.3881,104.4015,15.5913,19.5304,15.9297,0.096,0.096,40892.714,21030.344,14354.7335,6297477.956,3238672.976
2351,600309.SH,20200123,51.91,1.6925,1.6925,2.17,15.3608,17.1767,4.0401,2.6886,2.5774,3.8528,3.8528,313974.6626,142375.642,142375.642,16298424.7356,7390719.5762
2352,600095.SH,20200123,9.55,7.0333,8.381,1.18,227.9284,170.8613,4.0824,11.5231,6.63,0.1361,0.1361,36126.3565,36126.3565,30316.9257,345006.7046,345006.7046
2353,002033.SZ,20200123,5.8,1.1373,2.0678,1.29,16.6311,18.3689,1.2565,4.6977,4.7089,2.5862,2.5862,54949.0711,54948.0181,30220.5046,318704.6124,318698.505
2354,002856.SZ,20200123,18.16,5.3343,5.3343,0.59,83.2645,123.8047,3.2383,2.3088,2.4271,0.0,,12160.8,3040.8,3040.8,220840.128,55220.928
2355,600456.SH,20200123,25.11,3.2568,6.9358,2.33,76.5738,50.4024,2.9425,3.1681,2.6753,0.3982,0.3982,43026.57,43026.57,20203.8402,1080397.1727,1080397.1727
2356,300680.SZ,20200123,21.99,7.8848,7.8848,1.63,426.9822,97.4312,3.0409,7.2128,4.2607,0.4548,0.4548,7431.2721,4144.6823,4144.6823,163413.6735,91141.5638
2357,603882.SH,20200123,50.45,7.1878,9.2484,6.32,99.0062,59.5304,10.5562,5.1047,4.5047,0.2141,0.2141,45788.4577,27963.9368,21733.2512,2310027.691,1410780.6116
2358,000731.SZ,20200123,4.99,1.0518,1.1977,1.29,13.4406,26.1347,1.0444,1.118,0.9878,3.006,3.006,59148.4352,59148.4352,51943.08,295150.6916,295150.6916
2359,002080.SZ,20200123,13.07,1.9343,4.8648,1.44,23.4794,18.1647,2.1316,1.9161,1.6642,1.4302,1.4302,167812.3584,167812.3584,66724.898,2193307.5243,2193307.5243
2360,300715.SZ,20200123,20.67,1.9729,2.7592,1.02,54.2627,36.964,3.5868,5.7042,3.9483,0.1862,0.1862,17090.75,7836.04,5603.14,353265.8025,161970.9468
2361,600876.SH,20200123,14.6,4.5881,12.1901,1.88,515.4892,135.3185,6.2441,5.7494,4.6998,0.0,,55239.6509,27904.5877,10502.7635,806498.9031,407406.9804
2362,603633.SH,20200123,11.66,2.1432,4.2832,1.01,54.6841,55.9852,3.1441,5.4599,5.4201,0.5542,0.5542,20339.15,20339.15,10177.215,237154.489,237154.489
2363,000404.SZ,20200123,3.75,1.0467,1.6054,1.77,36.1758,36.9371,0.8018,0.2929,0.2869,0.5333,0.5333,69599.5979,69462.2798,45287.7826,260998.4921,260483.5493
2364,002034.SZ,20200123,14.59,1.001,1.5424,1.37,20.0429,15.5812,1.5269,7.339,5.6723,0.6786,0.6786,42076.5045,26878.0508,17442.8038,613896.2007,392150.7612
2365,000065.SZ,20200123,8.1,0.7301,1.6434,1.72,10.5792,9.6896,1.3513,0.6245,0.6179,0.9877,0.9877,76950.541,67308.1824,29903.2146,623299.3821,545196.2774
2366,300278.SZ,20200123,4.09,6.7225,7.5648,1.72,100.7536,,2.3734,0.8962,1.29,0.0,,59718.3412,28971.2004,25745.6503,244248.0155,118492.2096
2367,688299.SH,20200123,22.4,11.9047,11.9047,0.66,71.2181,46.7555,4.04,9.1594,7.1583,,,28256.86,6465.037,6465.037,632953.664,144816.8288
2368,002942.SZ,20200123,26.6,5.054,5.054,1.14,24.9176,20.0682,3.5223,3.3011,2.941,1.1278,1.1278,12000.0,4080.0,4080.0,319200.0,108528.0
2369,600210.SH,20200123,3.73,0.6042,0.8216,1.54,13.0734,12.6347,1.2173,0.6279,0.6369,4.0214,4.0214,151673.6158,151673.6158,111552.7982,565742.5869,565742.5869
2370,600137.SH,20200123,14.26,0.7725,2.0614,0.94,47.539,56.8975,2.7433,3.5768,3.5423,0.8415,0.8415,9721.7588,9721.7588,3643.3345,138632.2805,138632.2805
2371,300250.SZ,20200123,13.47,4.4036,5.0382,1.21,,,2.8963,7.0589,6.3764,0.0,,21998.9902,15106.4705,13203.6036,296326.398,203484.1576
2372,603017.SH,20200123,10.15,0.6033,1.09,1.33,16.6017,15.0165,1.5543,1.4964,1.4121,2.9301,2.9301,27511.4728,27142.9827,15022.4105,279241.4489,275501.2744
2373,300350.SZ,20200123,4.45,4.7124,5.7961,2.38,,,2.1295,2.2238,2.9092,0.0,,47672.4433,31001.856,25205.7288,212142.3727,137958.2592
2374,000639.SZ,20200123,4.37,0.8284,1.7428,1.0,10.0693,10.0071,0.9973,0.807,0.8132,1.3076,1.3076,107942.8095,107634.8725,51164.8979,471710.0775,470364.3928
2375,300448.SZ,20200123,12.57,13.9591,16.7459,1.12,62.0607,59.3252,6.7308,11.3713,11.2194,0.2324,0.2324,69232.1414,42096.0815,35090.6505,870248.0174,529147.7445
2376,000971.SZ,20200123,2.33,0.1307,0.1602,0.07,,,1.3335,2.7296,2.9358,0.0,,105530.7925,78976.9436,64423.0854,245886.7465,184016.2786
2377,300426.SZ,20200123,5.53,3.8758,4.5814,1.15,,,9.5465,6.2632,,0.0,,42077.5,24689.331,20886.6294,232688.575,136532.0004
2378,300787.SZ,20200123,64.44,13.2596,13.2596,0.88,46.9147,40.9079,4.9601,4.8392,4.9333,,,8488.0,2122.0,2122.0,546966.72,136741.68
2379,002296.SZ,20200123,8.3,9.2684,9.5663,1.62,112.7267,67.819,2.1009,5.913,5.6003,0.0,,37665.642,32896.1911,31871.9836,312624.8286,273038.3861
2380,300406.SZ,20200123,16.34,2.0201,3.1892,1.16,27.2702,25.3433,4.4269,10.5909,10.0842,0.9091,0.9091,50178.7943,33020.4363,20915.4286,819921.4989,539553.9291
2381,300625.SZ,20200123,17.01,3.5898,3.6344,0.96,26.4208,23.2072,2.2103,1.958,1.9271,0.7251,0.7251,28000.0,9232.7552,9119.4403,476280.0,157049.166
2382,000670.SZ,20200123,1.81,3.1635,3.1664,1.27,,,9.8777,14.4096,460.026,0.0,,81662.736,60016.7286,59961.6536,147809.5522,108630.2788
2383,300628.SZ,20200123,82.08,2.1072,2.1072,1.25,57.7868,42.0287,11.9026,27.1044,20.9193,0.7305,0.7305,59946.6,14935.3925,14935.3925,4920416.928,1225897.0164
2384,600217.SH,20200123,5.74,1.8853,3.7287,0.72,25.2134,18.5442,4.6109,2.5418,2.103,0.0,,138865.9782,131891.0776,66687.9405,797090.7149,757054.7854
2385,300383.SZ,20200123,21.2,2.6414,3.9674,1.36,48.9895,40.6903,4.0215,5.4287,4.7232,0.0943,0.0943,154236.5279,148741.9373,99031.1098,3269814.3915,3153329.0708
2386,002550.SZ,20200123,4.52,1.4609,1.693,1.52,26.1374,24.9708,2.528,4.3774,3.9581,2.6425,2.6425,127997.5,90493.8714,78086.0564,578548.7,409032.2987
2387,600834.SH,20200123,6.82,0.3929,0.9452,1.67,106.2481,57.1749,2.1348,4.3298,5.3087,0.2933,0.2933,47738.1905,47738.1905,19843.8106,325574.4592,325574.4592
2388,300613.SZ,20200123,179.8,14.5653,14.5653,1.14,146.6302,96.3106,7.068,19.3959,16.4115,0.0695,0.0695,4444.48,1294.45,1294.45,799117.504,232742.11
2389,600368.SH,20200123,4.36,1.1633,2.3411,1.49,11.5713,4.9776,1.1416,2.6975,2.259,2.6147,2.6147,112563.2068,112563.2068,55934.6286,490775.5816,490775.5816
2390,300165.SZ,20200123,4.42,3.0913,3.6639,0.99,56.4161,242.6208,1.2705,1.9929,2.123,0.905,0.905,46176.0,31940.9769,26949.1941,204097.92,141179.1179
2391,002527.SZ,20200123,5.24,1.3247,1.5952,1.72,,,1.3009,0.9246,0.9667,0.0,,62019.1351,44766.2093,37174.3747,324980.2679,234574.9367
2392,002133.SZ,20200123,3.12,0.8838,1.0743,1.46,7.1872,10.7867,0.7135,0.7639,0.6425,2.5641,2.5641,77414.4175,63511.3201,52249.5431,241532.9826,198155.3187
2393,000510.SZ,20200123,4.09,1.8342,2.0975,0.93,24.8902,40.0131,2.5449,1.204,1.1484,0.0,,60918.2254,54947.9157,48051.8687,249155.5419,224736.9752
2394,601231.SH,20200123,19.77,1.9781,9.0321,0.79,36.5178,34.0998,4.3724,1.2841,1.1579,0.8283,0.8283,217908.803,217908.803,47724.0428,4308057.0353,4308057.0353
2395,600207.SH,20200123,4.59,0.7158,2.0049,0.94,,,2.4756,1.8562,2.0816,0.0,,86295.5974,86295.5974,30810.7747,396096.7921,396096.7921
2396,300528.SZ,20200123,6.79,1.9476,2.9739,1.1,,,1.914,1.5289,1.496,0.0,,37260.8054,21602.0807,14147.1546,253000.8687,146678.128
2397,000691.SZ,20200123,3.75,1.0635,1.3073,1.09,110.18,,15.3693,32.1372,39.5019,0.0,,32327.0,29048.63,23630.9005,121226.25,108932.3625
2398,002551.SZ,20200123,5.29,7.9041,10.0528,2.67,38.2207,70.8849,1.6011,2.2905,2.5915,0.9451,0.9451,70596.7762,44658.1588,35113.0568,373456.9461,236241.6601
2399,600766.SH,20200123,7.49,3.848,5.4437,0.76,,,32.4278,139.0392,56.4379,0.0,,22422.6822,22393.2072,15829.2072,167945.8897,167725.1219
2400,600712.SH,20200123,7.48,9.5117,14.9233,1.04,,,3.974,1.9132,2.1187,0.0,,54465.536,53837.1891,34314.4984,407402.2093,402702.1745
2401,300167.SZ,20200123,5.39,4.8129,7.5013,1.54,,,2.9451,6.2387,4.2201,0.0,,30024.0,30024.0,19263.5702,161829.36,161829.36
2402,600100.SH,20200123,8.81,3.0372,4.2244,2.0,,,1.5741,1.0515,1.1536,0.0,,296389.8951,296389.8951,213095.0071,2611194.9758,2611194.9758
2403,000012.SZ,20200123,4.6,1.0787,1.1286,1.36,31.5646,27.0706,1.4976,1.3476,1.4128,0.9881,0.9881,310819.6163,195755.0017,187091.657,1429770.235,900473.0078
2404,601098.SH,20200123,12.24,0.2687,0.7609,0.86,17.7586,17.0854,1.652,2.2957,2.2339,4.9837,4.9837,179600.0,179600.0,63411.652,2198304.0,2198304.0
2405,000897.SZ,20200123,2.17,1.4428,1.8719,2.36,,,3.4521,22.6752,17.2482,0.0,,161727.2234,161724.4634,124647.1852,350948.0748,350942.0856
2406,600567.SH,20200123,3.35,0.9218,1.3828,0.72,4.7938,6.9453,1.1069,0.6303,0.6518,0.0,,458472.3439,458472.3439,305626.5879,1535882.3521,1535882.3521
2407,002484.SZ,20200123,8.28,4.0828,7.2611,2.7,27.7154,28.7147,1.9993,3.4424,3.268,0.9662,0.9662,81515.5441,76364.7129,42938.9383,674948.7051,632299.8228
2408,601138.SH,20200123,20.0,4.0722,4.0722,1.24,23.4936,22.9124,4.922,0.956,0.9654,0.6447,0.6447,1985483.1899,183881.4023,183881.4023,39709663.798,3677628.046
2409,600238.SH,20200123,5.47,0.2772,0.5125,0.84,60.5149,33.4051,3.6684,3.4726,2.6326,0.0,,44820.0,44500.158,24065.3085,245165.4,243415.8643
2410,002671.SZ,20200123,4.49,1.17,1.294,1.62,,,1.0618,2.096,1.9966,0.0,,47244.1974,33938.9527,30688.3827,212126.4463,152385.8976
2411,002427.SZ,20200123,8.63,0.6077,1.3228,1.42,,,4.8532,0.8901,1.0348,0.0,,39815.4658,38465.9624,17671.5072,343607.4699,331961.2555
2412,002639.SZ,20200123,8.18,8.2059,9.1828,0.63,357.9133,95.7272,2.3961,4.2304,3.7775,0.0839,0.0839,67407.2767,53206.3117,47546.1621,551391.5234,435227.6297
2413,300391.SZ,20200123,8.13,4.7574,10.4206,0.74,27.927,128.0935,1.9513,3.2329,3.7321,0.41,0.41,35033.6112,32656.6389,14909.1836,284823.2591,265498.4743
2414,603015.SH,20200123,6.0,0.4273,1.0104,1.39,41.5305,111.5522,2.0447,3.5625,4.4271,2.0003,2.0003,40708.8,40421.9,17096.13,244252.8,242531.4
2415,600768.SH,20200123,11.75,3.6516,5.8192,1.02,,17.5949,6.8537,2.1283,2.5493,0.0,,13374.72,13374.72,8392.7118,157152.96,157152.96
2416,002965.SZ,20200123,34.25,17.8316,17.8316,1.07,36.6393,33.7423,3.2498,3.4926,3.4064,,,15070.0,3768.0,3768.0,516147.5,129054.0
2417,300635.SZ,20200123,17.5,6.4819,7.5284,1.29,43.4308,42.6893,3.79,4.8137,4.5786,0.2343,0.2343,13633.4,5960.948,5132.326,238584.5,104316.59
2418,300643.SZ,20200123,19.05,21.3854,23.3815,0.84,117.3312,161.3722,8.8633,12.1496,11.5679,0.315,0.315,20000.0,8373.4941,7658.6502,381000.0,159515.0626
2419,603019.SH,20200123,41.65,7.2346,9.7404,1.2,87.0819,74.0548,9.798,4.1403,3.6125,0.2401,0.2401,90030.8972,90030.8972,66869.8144,3749786.8684,3749786.8684
2420,601288.SH,20200123,3.52,0.0827,0.6862,1.64,6.0752,5.8153,0.7172,2.0581,1.9995,4.9404,4.9404,34998303.3873,29405529.3904,3543299.0685,123194027.9233,103507463.4542
2421,600612.SH,20200123,50.12,0.4521,1.4791,0.47,21.7666,18.9648,3.8678,0.5988,0.5307,2.1947,2.1947,52311.7764,31710.963,9693.7837,2621866.2332,1589353.4656
2422,002248.SZ,20200123,7.61,0.8831,1.0819,1.65,,,20.5746,28.1647,17.5025,0.0,,30749.56,29299.8237,23917.2437,234004.1516,222971.6584
2423,600686.SH,20200123,6.88,1.0171,2.2477,0.76,26.276,27.6341,1.2105,0.2282,0.2424,0.3924,0.3924,60673.8511,60673.8511,27454.5989,417436.0956,417436.0956
2424,000623.SZ,20200123,16.33,1.1861,1.5929,1.43,20.3086,15.84,0.8816,5.7136,5.7798,1.2247,1.2247,116303.2942,114204.0509,85037.5842,1899232.7943,1864952.1512
2425,600167.SH,20200123,12.7,0.1835,0.57,1.2,22.0681,18.1933,4.3149,9.5683,8.3661,0.9085,0.9085,228811.9475,228811.9475,73643.8514,2905911.7333,2905911.7333
2426,002108.SZ,20200123,3.73,2.4194,3.7341,1.52,17.755,33.5082,1.6185,1.5906,1.7212,2.681,2.681,141792.4199,141792.4199,91872.6375,528885.7262,528885.7262
2427,600025.SH,20200123,3.96,0.3802,1.8856,1.1,12.2839,8.4628,1.5356,4.5938,3.474,3.7935,3.7935,1800000.0,892800.0,180000.0,7128000.0,3535488.0
2428,601116.SH,20200123,12.89,0.8178,1.9075,1.07,63.2505,45.2,2.2317,1.708,1.7743,1.5516,1.5516,54767.84,41075.88,17609.195,705957.4576,529468.0932
2429,600148.SH,20200123,12.91,0.7018,1.5452,1.39,51.0269,58.611,4.1483,2.0592,1.9887,0.0,,14151.645,14151.645,6427.33,182697.737,182697.737
2430,002352.SZ,20200123,39.22,0.5767,2.2971,1.88,38.0022,29.6498,4.3582,1.9038,1.6593,0.5346,0.5346,441458.5265,434569.4211,109092.4648,17314003.4093,17043812.6955
2431,300577.SZ,20200123,35.53,2.153,2.8152,1.39,44.4634,34.9499,9.9497,3.7717,3.0179,0.5634,0.5634,21741.4785,9243.4581,7069.3103,772474.7311,328420.0663
2432,000011.SZ,20200123,8.82,0.5333,1.9221,1.43,8.8684,9.5297,1.6119,1.8859,2.0294,3.4014,3.4014,59597.9092,52644.2569,14606.3672,525653.5591,464322.3459
2433,002592.SZ,20200123,12.55,1.4618,2.5367,1.46,488.8135,,1.9207,5.0076,4.8758,0.0,,28333.1157,24577.4005,14162.9537,355580.602,308446.3763
2434,300304.SZ,20200123,4.36,1.9108,3.329,1.01,28.0508,28.0887,1.9464,5.7318,5.5952,0.6929,0.6929,86603.6018,84386.9734,48438.2093,377591.7038,367927.204
2435,600822.SH,20200123,10.18,2.2271,5.5991,1.34,114.5352,97.8143,7.7349,0.8163,0.7764,0.0,,49597.2914,39614.7908,15757.1946,504900.4265,403278.5703
2436,000637.SZ,20200123,4.28,1.4192,1.7945,1.96,59.7317,21.4899,2.4208,0.5151,0.5239,1.4019,1.4019,51987.5356,36649.4967,28983.6966,222506.6524,156859.8459
2437,001965.SZ,20200123,8.26,0.7615,0.7615,1.68,13.0515,12.1485,1.0765,7.5499,6.488,3.0751,3.0751,617821.7338,55483.8705,55483.8705,5103207.5212,458296.7703
2438,300506.SZ,20200123,7.66,2.1084,2.5909,1.82,15.8908,15.5047,2.363,3.84,3.7565,0.3435,0.3435,65504.5776,40038.1903,32582.5206,501765.0644,306692.5377
2439,300018.SZ,20200123,5.05,4.1314,4.7933,1.3,,,2.3861,6.4768,6.9952,0.0,,48251.7536,37783.3935,32566.1147,243671.3557,190806.1372
2440,000702.SZ,20200123,5.29,2.7213,3.635,1.52,25.2941,144.0949,2.6777,1.0511,1.1339,0.0,,26663.4576,26663.4576,19961.696,141049.6907,141049.6907
2441,002829.SZ,20200123,27.19,2.0086,4.5055,0.85,230.5177,1097.5317,4.992,10.6074,13.0621,0.0,,15695.442,15440.3265,6883.4096,426759.068,419822.4775
2442,300229.SZ,20200123,14.16,2.9461,5.8486,1.13,111.0942,85.5016,3.4876,8.0074,7.1278,0.3506,0.3506,47801.122,46481.4995,23413.7735,676863.8875,658178.0329
2443,300115.SZ,20200123,20.49,7.1165,12.0379,1.62,484.6665,376.0813,4.2364,2.1614,2.1205,0.4811,0.4811,90986.0262,90542.2002,53526.5243,1864303.6768,1855209.6821
2444,601336.SH,20200123,47.99,0.6565,1.949,1.19,18.8976,11.3217,1.8761,0.9711,0.9156,1.6045,1.6045,311954.66,208543.934,70249.7025,14970704.1334,10008023.3927
2445,600114.SH,20200123,11.86,8.2613,10.8267,0.72,22.2934,45.3208,3.2718,3.8117,4.129,3.3992,3.3992,61649.0037,61016.1557,46558.3341,731157.1839,723651.6066
2446,600611.SH,20200123,3.93,0.7442,1.0672,1.91,10.5394,9.3243,1.0178,2.7287,2.8186,3.0534,3.0534,236412.2864,156331.6364,109013.029,929100.2856,614383.3311
2447,002506.SZ,20200123,5.89,1.434,2.8232,0.93,663.3446,283.1931,6.9391,2.6745,2.9872,0.0,,508159.48,507109.7658,257584.7052,2993059.3372,2986876.5206
2448,300137.SZ,20200123,7.9,4.7465,4.9481,0.9,16.7794,15.0855,2.2043,3.168,2.883,0.0,,55103.255,47103.018,45183.5037,435315.7145,372113.8422
2449,300514.SZ,20200123,12.89,3.0262,3.4687,0.87,49.1148,52.1966,4.7782,3.6961,3.565,0.3879,0.3879,20000.0,9032.0,7880.0,257800.0,116422.48
2450,000633.SZ,20200123,3.85,1.1182,1.6855,0.87,303.0238,255.4526,9.5681,13.3475,12.7406,0.0,,38510.6373,38510.4123,25548.2848,148265.9536,148265.0874
2451,002757.SZ,20200123,17.88,2.8407,6.5794,0.61,21.5304,18.0845,2.0204,3.1285,2.4941,1.865,1.865,19699.5362,15768.3621,6808.0615,352227.7073,281938.3143
2452,688116.SH,20200123,42.8,6.9233,6.9233,0.71,146.8306,87.8833,6.3695,30.2921,25.2686,,,23185.8116,5277.5785,5277.5785,992352.7365,225880.3598
2453,000968.SZ,20200123,9.64,0.6908,1.3671,0.82,13.7443,13.1958,2.1686,3.9972,3.9176,0.5187,0.5187,96750.266,51351.473,25945.6975,932672.5642,495028.1997
2454,000982.SZ,20200123,1.54,0.4001,0.6998,0.73,,,,3.2496,6.0954,0.0,,426187.7053,426187.7053,243705.1647,656329.0662,656329.0662
2455,000970.SZ,20200123,10.75,3.5051,4.5624,1.47,46.1194,52.853,2.5275,2.7496,2.7872,0.8372,0.8372,106520.0,106520.0,81834.6728,1145090.0,1145090.0
2456,000821.SZ,20200123,6.15,6.3632,8.3157,3.08,23.0029,186.3196,1.1375,1.4719,1.497,0.0,,53823.528,45191.5213,34580.7923,331014.6972,277927.856
2457,000567.SZ,20200123,8.73,3.9628,5.4964,0.89,46.4001,28.3371,1.3098,16.5164,14.461,0.3792,0.3792,64113.8926,21778.3026,15701.6227,559714.2824,190124.5817
2458,002849.SZ,20200123,13.64,1.665,1.666,1.02,28.6791,25.7679,2.7275,2.2922,1.7538,0.3663,0.3663,13251.505,6638.0363,6634.0213,180750.5282,90542.8151
2459,002358.SZ,20200123,6.52,0.93,1.4974,1.22,21.5496,,1.2102,2.2446,4.3613,1.5337,1.5337,92975.6977,91042.453,56543.5023,606201.549,593596.7936
2460,300141.SZ,20200123,6.75,2.403,3.776,1.28,205.1201,165.1511,2.4168,2.2848,2.508,0.2223,0.2223,25545.96,16555.2919,10535.7488,172435.23,111748.2203
2461,600010.SH,20200123,1.25,0.8598,1.3141,2.13,17.1436,25.7988,1.0595,0.8481,0.8659,0.56,0.56,4558503.2648,3167721.1587,2072525.5311,5698129.081,3959651.4484
2462,300560.SZ,20200123,15.97,1.6559,3.7444,1.04,51.6785,51.6664,5.4089,5.5137,4.7407,0.3079,0.3079,18932.4,18743.076,8288.676,302350.428,299326.9237
2463,601208.SH,20200123,5.5,1.8316,2.449,1.87,107.1803,76.2918,1.4951,2.0956,2.0451,0.2668,0.2668,62660.1,62660.1,46864.4628,344630.55,344630.55
2464,002425.SZ,20200123,5.85,4.6572,6.928,1.09,17.1086,16.1175,1.1685,6.3927,5.2223,1.0256,1.0256,81374.4432,81359.4432,54691.8423,476040.4927,475952.7427
2465,600997.SH,20200123,5.08,0.7079,1.6362,1.51,5.9169,5.8303,0.7201,0.3942,0.3889,5.1181,5.1181,158779.9851,123464.0,53413.3335,806602.3243,627197.12
2466,600419.SH,20200123,12.17,2.1312,3.5442,2.71,28.6282,25.6287,2.2681,2.2358,2.0764,1.0518,1.0518,26859.9337,26859.9337,16151.0142,326885.3931,326885.3931
2467,603758.SH,20200123,6.35,2.0172,2.6832,1.76,,,1.2312,4.1203,5.088,0.0,,43879.7049,15079.888,11336.5898,278636.1261,95757.2888
2468,000885.SZ,20200123,11.15,1.9383,5.6772,1.3,9.5017,7.8825,1.8903,2.7291,2.3921,2.0628,2.0628,49638.1983,49638.1983,16947.4948,553465.911,553465.911
2469,002400.SZ,20200123,3.11,1.6428,2.1068,1.27,29.1602,36.6163,1.0232,0.4475,0.4442,0.3215,0.3215,174333.7128,167475.8205,130593.5385,542177.8468,520849.8018
2470,600984.SH,20200123,11.13,1.6719,2.615,0.98,60.1145,22.0033,2.4551,4.1366,3.1131,0.0,,82779.3464,78611.5464,50261.7282,921334.1254,874946.5114
2471,000988.SZ,20200123,22.12,9.0983,12.0799,1.9,78.4238,45.4036,3.6546,4.2504,4.3753,0.1356,0.1356,100550.2707,100517.6982,75708.0305,2224171.9879,2223451.4842
2472,600212.SH,20200123,3.72,2.011,2.3213,1.1,,,5.361,7.7674,7.2107,0.0,,51169.7213,51169.7213,44329.4015,190351.3632,190351.3632
2473,000969.SZ,20200123,7.01,2.0671,3.2506,0.89,,,1.6416,1.4231,1.4852,0.0,,102600.8097,100076.0192,63639.3468,719231.676,701532.8946
2474,600297.SH,20200123,3.69,0.5782,1.565,1.16,9.2436,12.8105,0.7973,0.1812,0.1793,0.4077,0.4077,815997.935,811030.175,299640.9973,3011032.3802,2992701.3458
2475,002246.SZ,20200123,8.35,5.1078,10.272,2.55,37.067,29.24,1.8416,1.9398,1.774,0.6587,0.6587,54903.4794,44989.6561,22371.1806,458444.053,375663.6284
2476,002832.SZ,20200123,25.1,2.0666,2.3512,1.25,26.4758,19.4652,4.1552,5.2433,4.447,1.1718,1.1718,30827.63,15279.43,13429.83,773773.513,383513.693
2477,600807.SH,20200123,3.78,0.7833,1.0754,1.77,93.1896,3.1886,2.7213,2.3513,2.575,0.0,,88463.4731,78701.8464,57326.6,334391.9283,297492.9794
2478,601328.SH,20200123,5.47,0.2732,0.4449,1.9,5.517,5.3119,0.6014,1.9102,1.7576,5.4845,5.4845,7426272.6645,3925086.4015,2410217.0186,40621711.4748,21470222.6162
2479,600559.SH,20200123,10.78,2.0276,2.9194,1.42,27.6073,25.6155,3.0649,2.6996,2.434,1.4271,1.4271,89728.7444,82468.8153,57277.5268,967275.8646,889013.8289
2480,600596.SH,20200123,9.26,2.2314,2.8483,1.55,5.2951,13.7406,1.1403,0.5937,0.5982,5.7235,5.7235,70528.4633,69483.0633,54434.8697,653093.5702,643413.1662
2481,600519.SH,20200123,1052.8,0.4256,1.0697,1.77,37.5679,32.3159,10.5584,17.9596,16.0633,1.381,1.381,125619.78,125619.78,49985.3757,132252504.384,132252504.384
2482,601567.SH,20200123,8.07,0.6718,1.548,1.05,22.0233,12.5099,1.435,1.9061,1.7149,3.7175,3.7175,138656.9053,138656.9053,60172.767,1118961.2258,1118961.2258
2483,002397.SZ,20200123,4.87,1.8466,3.0714,3.3,44.097,42.9519,1.9843,1.6122,1.4594,3.0745,3.0745,76407.1443,48456.3204,29133.3823,372102.7927,235982.2803
2484,300083.SZ,20200123,4.56,4.0836,5.5605,0.91,,,2.4575,1.185,1.1401,0.0,,143093.7068,125062.3861,91844.0403,652507.303,570284.4806
2485,000903.SZ,20200123,2.66,0.7679,1.1439,1.12,22.5735,28.6437,0.9468,0.8024,0.7842,1.6586,1.6586,197080.0857,176723.2428,118634.2112,524233.028,470083.8258
2486,601965.SH,20200123,8.18,0.609,1.793,1.17,19.6731,17.0352,1.7589,2.8764,2.8803,3.0562,3.0562,96981.7167,96117.9867,32646.5699,793310.4426,786245.1312
2487,603729.SH,20200123,16.26,2.5009,5.4533,0.7,66.3343,,1.8468,1.2701,1.9273,0.0,,9333.8,9333.8,4280.458,151767.588,151767.588
2488,600403.SH,20200123,3.63,0.1663,1.2294,1.32,13.3256,66.283,1.0147,1.104,1.3172,2.259,2.259,239081.2402,239081.2402,32332.7991,867864.9019,867864.9019
2489,688310.SH,20200123,32.15,12.3328,12.3328,0.75,47.9867,43.8558,3.9714,12.5072,11.4816,,,8360.0,1902.2242,1902.2242,268774.0,61156.508
2490,002948.SZ,20200123,5.59,2.7458,2.7458,1.9,12.4591,11.3764,1.16,3.4196,2.7194,3.5778,3.5778,450969.0,60500.2601,60500.2601,2520916.71,338196.454
2491,300611.SZ,20200123,9.3,2.3316,2.7979,0.86,83.5422,98.587,2.4817,3.0532,2.9794,0.537,0.537,17895.055,6777.2225,5647.8025,166424.0115,63028.1693
2492,688037.SH,20200123,127.5,36.1077,36.1077,1.11,351.402,379.7119,14.7411,51.0023,51.0241,,,8400.0,1768.3745,1768.3745,1071000.0,225467.7488
2493,603590.SH,20200123,36.57,3.3091,4.7741,1.13,22.1695,18.833,2.196,5.7243,5.3806,1.3672,1.3672,16000.0,8336.764,5778.484,585120.0,304875.4595
2494,688369.SH,20200123,64.0,15.5984,15.5984,0.94,67.5183,51.9108,4.1416,8.5234,7.5102,,,7698.9583,1765.8681,1765.8681,492733.3312,113015.5584
2495,601107.SH,20200123,3.87,0.2859,1.3375,1.14,13.9362,11.2243,0.7729,1.9827,1.8711,2.584,2.584,305806.0,216274.0,46233.7162,1183469.22,836980.38
2496,000980.SZ,20200123,2.56,2.321,3.3054,0.95,6.4895,,0.3088,0.3516,0.7633,0.0,,202767.1288,124594.4713,87488.2108,519083.8497,318961.8465
2497,000521.SZ,20200123,3.31,1.2264,1.715,1.44,89.4406,64.3018,0.6876,0.1977,0.2001,1.8127,1.8127,104459.7881,87209.0413,62363.2689,345761.8986,288661.9267
2498,300427.SZ,20200123,14.61,2.3676,4.5927,1.04,22.8221,20.249,2.4594,3.9919,3.7782,0.883,0.883,35834.0754,24761.8753,12765.0256,523535.8416,361770.9981
2499,002846.SZ,20200123,21.0,7.1697,7.1697,1.06,96.9828,49.6062,6.4273,4.9883,3.5609,0.2381,0.2381,19453.44,5293.232,5293.232,408522.24,111157.872
2500,002627.SZ,20200123,9.4,2.2447,3.1697,1.75,33.0538,26.1965,1.4293,1.5723,1.5414,1.5036,1.5036,33400.3673,27732.0514,19639.2633,313963.4526,260681.2832
2501,603992.SH,20200123,18.29,7.3673,7.3673,1.44,31.0526,30.9958,4.2188,4.1705,4.314,,,40100.9858,4100.0,4100.0,733447.0303,74989.0
2502,002228.SZ,20200123,3.88,1.091,1.9757,1.26,19.4706,,1.5807,0.373,0.3688,1.2887,1.2887,116951.6948,116543.7058,64356.0738,453772.5758,452189.5785
2503,000635.SZ,20200123,7.8,1.4932,3.0628,1.66,88.0596,997.7301,0.8806,1.1897,1.1326,1.0256,1.0256,30308.7602,30308.7602,14776.4915,236408.3296,236408.3296
2504,603810.SH,20200123,28.9,1.1214,1.4104,1.15,17.2845,26.1996,2.0621,1.8221,2.3175,1.7508,1.7508,8300.5,3951.1809,3141.6308,239884.45,114189.128
2505,688198.SH,20200123,53.75,12.0011,12.0011,0.87,154.4925,116.562,6.8772,46.6344,37.8547,,,9600.0,1953.8607,1953.8607,516000.0,105020.0126
2506,601126.SH,20200123,5.49,0.4058,0.7726,1.75,20.5731,23.3868,1.1599,1.2651,1.2579,3.1719,3.1719,81317.2,79551.6599,41781.7053,446431.428,436738.6129
2507,002306.SZ,20200123,2.54,0.4668,0.6155,1.67,253.0454,308.7374,300.7987,24.8865,24.3946,0.0,,80000.0,79244.7062,60108.8628,203200.0,201281.5537
2508,600718.SH,20200123,11.48,2.2838,3.2776,2.13,129.5202,662.2841,1.6379,1.989,1.8933,0.0,,124237.0295,124237.0295,86566.8485,1426241.0987,1426241.0987
2509,603518.SH,20200123,6.71,1.2505,2.8574,0.77,6.2067,10.1988,0.7037,0.5488,0.573,2.4164,2.4164,25237.239,24843.8116,10872.4574,169341.8737,166701.9758
2510,002325.SZ,20200123,3.22,1.6039,2.0058,1.77,,,1.2551,1.0248,1.0609,0.3106,0.3106,124944.2021,92983.4849,74352.4313,402320.3308,299406.8214
2511,002084.SZ,20200123,6.0,1.5749,2.945,1.29,72.4308,26.2826,1.9316,1.3657,1.2241,0.0,,50639.2628,49061.0934,26235.5754,303835.5768,294366.5604
2512,300072.SZ,20200123,6.2,1.62,3.0315,1.14,28.8188,,1.571,0.9472,1.6496,0.484,0.484,234972.0302,214157.1903,114443.0153,1456826.5872,1327774.5799
2513,000825.SZ,20200123,3.85,0.4295,1.1764,1.61,4.4061,7.9377,0.6922,0.3006,0.308,2.5974,2.5974,569624.7796,569605.8301,207956.4511,2193055.4015,2192982.4459
2514,300332.SZ,20200123,3.86,0.7077,0.9045,1.39,40.2578,33.6406,0.9704,1.7211,1.7883,0.5181,0.5181,88020.0859,83539.6036,65362.9153,339757.5316,322462.8699
2515,300181.SZ,20200123,5.16,1.9835,2.1877,0.99,151.3367,93.0625,2.3685,4.3005,3.6581,1.5504,1.5504,60862.4848,46380.5438,42050.8617,314050.4216,239323.606
2516,600089.SH,20200123,6.36,0.7084,0.8732,1.69,11.5352,13.2944,0.7807,0.5957,0.6405,2.8302,2.8302,371431.2789,371431.2789,301316.4097,2362302.9338,2362302.9338
2517,600756.SH,20200123,20.99,6.2385,7.7107,1.25,21.6661,43.5126,2.8924,5.6105,5.0443,0.5479,0.5479,32409.8753,32409.8753,26221.7753,680283.2825,680283.2825
2518,300327.SZ,20200123,33.33,6.3912,9.5055,1.13,50.3163,47.7957,9.5336,11.1755,10.7363,1.2274,1.2274,25405.8596,25321.09,17025.3152,846777.3005,843951.9297
2519,002679.SZ,20200123,15.9,0.9101,3.066,0.74,78.7672,86.8919,4.9605,22.2473,20.9117,0.3459,0.3459,23575.6,23575.6,6997.8732,374852.04,374852.04
2520,603313.SH,20200123,23.42,1.9116,4.8363,1.37,41.9865,23.2428,3.6078,2.5619,2.1799,1.3013,1.3013,33358.5453,33138.1953,13098.0634,781257.1309,776096.5339
2521,002176.SZ,20200123,3.42,0.7127,0.8941,0.22,,,1.6607,1.9344,2.0858,0.0,,170632.5581,170544.9384,135950.499,583563.3487,583263.6893
2522,600692.SH,20200123,6.16,1.8075,1.9414,1.64,50.3564,82.8804,2.7121,2.9524,2.7364,0.0,,35176.4064,25501.0517,23742.2313,216686.6634,157086.4785
2523,603113.SH,20200123,10.35,1.853,2.1519,1.12,5.5075,7.4377,1.3058,0.7939,0.807,3.7005,1.43,67593.9455,33186.5255,28576.7741,699597.3359,343480.5389
2524,300089.SZ,20200123,3.13,7.363,9.162,1.17,7.3502,27.3092,0.6669,1.2828,2.2042,0.0,,48105.687,27787.5667,22331.4292,150570.8003,86975.0838
2525,601881.SH,20200123,11.22,1.1755,6.0152,2.02,39.3956,22.2235,1.6074,11.4595,6.7366,0.8021,0.8021,1013725.8757,644627.4124,125973.576,11374004.3254,7232719.5671
2526,600503.SH,20200123,3.47,5.0833,5.825,2.6,280.4443,,1.4862,14.371,17.4857,0.1441,0.1441,160229.0,160229.0,139827.0,555994.63,555994.63
2527,603181.SH,20200123,16.7,3.8083,4.7898,1.82,23.7328,19.0967,3.0676,2.7204,2.5338,1.2831,1.2831,28000.0,13860.0,11020.0,467600.0,231462.0
2528,300242.SZ,20200123,4.1,2.8467,3.7119,1.38,,,2.4759,0.4637,0.4762,0.0,,63455.5224,58018.6302,44496.0402,260167.6418,237876.3838
2529,600031.SH,20200123,16.03,1.1991,1.8007,1.23,22.0841,12.9973,3.186,2.4197,1.8394,1.6035,1.6035,842624.6247,842111.369,560765.6443,13507272.7339,13499045.2451
2530,601619.SH,20200123,3.64,1.4088,2.1625,1.53,28.0333,29.3486,2.3145,7.0618,7.0156,1.1266,1.1266,207410.0,50375.4688,32817.2383,754972.4,183366.7064
2531,600398.SH,20200123,7.44,0.2931,0.9905,1.79,9.5187,9.5514,2.6011,1.7226,1.5859,5.1507,5.1507,442001.2481,442001.2481,130788.6932,3288489.2859,3288489.2859
2532,600055.SH,20200123,10.9,1.9899,3.8806,1.41,38.445,37.7804,2.9505,6.1757,6.0659,0.9152,0.9152,54081.6199,54081.6199,27732.6521,589489.6569,589489.6569
2533,002510.SZ,20200123,5.88,13.7974,16.072,1.14,25.5225,27.0535,2.0177,2.4319,2.3152,0.5102,0.5102,92085.1132,78693.0677,67556.2524,541460.4656,462715.2381
2534,002041.SZ,20200123,9.97,3.3655,8.653,0.8,269.7008,224.6194,3.1288,11.528,10.981,0.0,,88000.0,87181.5591,33907.9571,877360.0,869200.1442
2535,002370.SZ,20200123,6.91,9.6701,15.2959,1.45,17.8418,77.0368,1.4873,2.8306,3.4451,0.7236,0.7236,53650.7786,46321.2972,29284.435,370726.8801,320080.1637
2536,603339.SH,20200123,12.89,0.9974,1.7356,2.08,14.9026,20.7131,1.58,2.2068,2.1766,1.5516,1.5516,21067.4875,20908.1875,12016.0451,271559.9139,269506.5369
2537,603508.SH,20200123,56.6,1.5432,4.7395,1.01,58.6816,13.8358,2.5555,20.3578,12.5699,0.6816,0.6816,19473.8751,15762.3313,5132.4034,1102221.3307,892147.9516
2538,600725.SH,20200123,2.5,0.3617,0.5076,1.55,236.8724,367.5687,10.2873,3.0587,3.0124,0.0,,123247.0,123247.0,87831.1197,308117.5,308117.5
2539,002616.SZ,20200123,8.41,1.0048,1.7213,1.09,37.4026,23.7167,2.706,3.1085,2.6914,0.0,,74188.3144,45940.7044,26816.7144,623923.7241,386361.324
2540,300034.SZ,20200123,14.84,1.444,2.732,0.68,65.2508,41.8874,3.3325,7.8058,4.9981,0.7732,0.7732,46950.0916,42174.1183,22290.8607,696739.3593,625863.9156
2541,300130.SZ,20200123,17.57,6.5127,8.3107,1.02,34.3505,19.7092,3.4616,3.6712,2.6626,0.0,,48462.1601,34137.7315,26752.1644,851480.153,599799.9425
2542,603767.SH,20200123,7.34,2.6395,2.6395,0.9,40.0865,36.7384,1.549,2.5415,2.5324,1.9939,1.9939,30609.8,9473.8,9473.8,224675.932,69537.692
2543,002118.SZ,20200123,6.08,2.5847,4.5991,1.03,44.7344,,1.7746,5.8772,10.2408,0.0,,128075.9826,128042.178,71958.7758,778701.9742,778496.4422
2544,000766.SZ,20200123,6.5,4.5422,6.5844,1.57,18.9876,20.2846,1.29,2.9993,2.9554,0.0,,96649.4707,70702.4245,48773.2845,628221.5596,459565.7593
2545,603259.SH,20200123,95.79,1.0292,1.6151,1.01,69.9667,75.4121,8.9587,16.4517,13.212,0.4325,0.4325,165112.6531,100607.6502,64114.0354,15816141.0404,9637206.8127
2546,688218.SH,20200123,29.99,14.586,14.586,0.73,72.7655,72.5023,4.3322,8.5284,7.7261,,,11734.0,2432.274,2432.274,351902.66,72943.8973
2547,002381.SZ,20200123,8.62,4.4097,5.9319,2.16,22.6881,15.9101,2.0691,2.6122,2.4519,4.6404,4.6404,41157.2264,31296.0244,23265.0696,354775.2916,269771.7303
2548,002355.SZ,20200123,6.13,1.2382,1.771,1.32,,,1.3531,2.0131,2.0238,0.0,,62057.04,57784.6869,40399.8869,380409.6552,354220.1307
2549,000950.SZ,20200123,5.9,1.7333,3.3059,1.08,14.763,11.4849,1.2691,0.3952,0.3134,0.0,,172818.4696,86813.2776,45516.3416,1019628.9706,512198.3378
2550,688003.SH,20200123,32.3,7.4759,7.4759,0.71,66.191,193.3789,3.9881,12.3028,14.2495,,,19360.0,4646.4,4646.4,625328.0,150078.72
2551,603998.SH,20200123,7.95,2.7332,5.2025,0.94,47.3181,41.853,3.1634,3.2861,3.2184,0.3792,0.3792,43445.672,42519.672,22338.2945,345393.0924,338031.3924
2552,000792.SZ,20200123,8.48,0.5915,1.2994,0.62,,,1.6156,1.3206,1.1393,0.0,,278609.0601,274989.9995,125169.9154,2362604.8296,2331915.1958
2553,601865.SH,20200123,13.12,8.4177,8.4177,1.3,62.8114,40.9369,5.9378,8.3504,6.1113,0.5488,0.5488,195000.0,15000.0,15000.0,2558400.0,196800.0
2554,603126.SH,20200123,4.6,0.785,1.6482,1.06,21.6378,26.7274,1.66,1.4989,1.3161,1.5217,1.5217,61050.0,61050.0,29074.3214,280830.0,280830.0
2555,600490.SH,20200123,4.34,1.1714,1.4288,1.27,48.4643,37.6593,1.4739,0.6802,0.544,0.0,,221576.7079,149136.9704,122274.4704,961642.9123,647254.4515
2556,000419.SZ,20200123,4.38,0.9746,1.7515,1.43,16.8344,14.0342,0.843,0.6324,0.6762,3.653,3.653,54358.2655,54328.9983,30231.7499,238089.2029,237961.0126
2557,002654.SZ,20200123,4.94,2.4057,3.5728,0.74,,,2.0501,0.951,1.0469,0.0,,88114.1619,61831.0185,41633.1931,435283.9598,305445.2314
2558,300672.SZ,20200123,59.0,8.0247,12.5765,1.01,189.0596,100.9244,9.939,26.542,20.3677,0.1052,0.1052,17999.4462,10954.3825,6989.699,1061967.3258,646308.5675
2559,603979.SH,20200123,8.97,0.6493,1.381,1.23,17.9569,17.4485,1.2433,1.6853,1.5939,0.8273,0.8273,58340.8432,58340.8432,27429.9344,523317.3635,523317.3635
2560,300603.SZ,20200123,31.91,10.9437,11.6011,0.49,216.8744,90.3634,3.6857,13.4114,8.4481,0.1805,0.1805,28105.6658,8207.6578,7742.5378,896851.7957,261906.3604
2561,601599.SH,20200123,2.95,2.5443,3.7866,1.12,46.9485,34.0866,1.0045,0.551,0.6239,0.7458,0.7458,89272.4964,89272.4964,59984.7212,263353.8644,263353.8644
2562,603043.SH,20200123,26.61,2.3176,2.3176,1.06,28.0023,26.1525,5.0672,4.2372,3.6669,1.5032,1.5032,40399.6184,12550.7224,12550.7224,1075033.8456,333974.7231
2563,300032.SZ,20200123,3.78,1.3206,1.6624,0.79,,,2.1991,0.9011,1.1689,0.0,,80316.9608,80316.9608,63804.7895,303598.1118,303598.1118
2564,002297.SZ,20200123,6.08,1.4872,2.3305,1.61,105.8666,406.655,1.8754,5.6255,7.8282,0.0,,47131.5045,47009.1046,29997.4753,286559.5474,285815.356
2565,000417.SZ,20200123,4.8,1.4073,2.2715,1.3,16.6749,17.5406,0.9336,0.3504,0.3348,3.125,3.125,77988.42,77902.7451,48263.6984,374344.416,373933.1765
2566,300782.SZ,20200123,469.0,6.5727,6.5727,1.07,288.9124,134.8821,30.6698,83.7216,42.4438,0.2132,0.2132,10000.0,2500.0,2500.0,4690000.0,1172500.0
2567,000636.SZ,20200123,16.34,9.7536,12.1963,1.63,14.3812,30.3116,2.6391,3.1938,4.2327,1.836,1.836,89523.3111,89523.3111,71593.076,1462810.9034,1462810.9034
2568,000826.SZ,20200123,8.79,1.1565,2.0546,1.4,19.5289,53.6032,0.949,1.1438,1.2733,0.341,0.341,143057.8784,119086.4834,67031.1435,1257478.7511,1046770.1891
2569,688288.SH,20200123,38.6,18.035,18.035,0.95,67.5786,59.4084,4.6624,15.5706,14.241,,,10000.0,2035.6072,2035.6072,386000.0,78574.4379
2570,300569.SZ,20200123,14.58,6.9527,8.4382,1.08,32.0584,17.4287,1.7197,2.3542,1.56,0.663,0.663,22501.8,14378.7375,11847.4875,328076.244,209641.9928
2571,603385.SH,20200123,10.95,1.666,2.8946,1.41,16.9366,15.2454,1.2335,1.3948,1.3204,2.1005,2.1005,36939.6444,26372.6927,15179.0,404489.1062,288780.9851
2572,000017.SZ,20200123,4.0,3.1594,3.9973,2.28,,,151.5993,18.3925,27.0582,0.0,,55134.7947,30298.1008,23947.2261,220539.1788,121192.4032
2573,601166.SH,20200123,18.59,0.5698,0.7253,1.9,6.3707,5.8631,0.795,2.4398,2.1299,3.7117,3.7117,2077419.0751,1905233.6751,1496713.0945,38619220.6061,35418294.0201
2574,600629.SH,20200123,8.3,0.3472,1.0468,0.92,16.8227,15.808,1.5453,0.744,0.6699,1.8072,1.8072,53415.3038,44744.8448,14840.3173,443347.0215,371382.2118
2575,002054.SZ,20200123,7.2,3.8442,5.372,1.79,57.6786,27.438,1.6085,1.8179,1.935,0.7222,0.7222,41923.0828,31261.9636,22371.0732,301846.1962,225086.1379
2576,600136.SH,20200123,11.9,2.7802,5.5103,1.08,39.0871,9.9364,1.4347,2.6072,2.589,0.1611,0.1611,58461.8623,48688.2186,24565.1517,695696.1614,579389.8013
2577,002106.SZ,20200123,9.54,4.8101,6.707,1.84,29.9336,23.9686,1.6826,1.5248,1.435,1.0482,1.0482,70581.616,70386.6327,50479.2816,673348.6166,671488.476
2578,600998.SH,20200123,16.46,2.2221,6.1576,2.21,23.0545,19.4653,1.9659,0.3547,0.3194,0.6075,0.6075,187766.4155,167345.532,60389.9015,3090635.1991,2754507.4567
2579,300155.SZ,20200123,5.7,3.5334,5.021,1.19,113.5537,61.8643,2.5561,3.3706,3.2022,0.2632,0.2632,54337.0602,27785.8687,19553.5564,309721.2431,158379.4516
2580,601628.SH,20200123,32.26,0.0812,1.1277,0.87,80.0193,18.5224,2.3935,1.4178,1.2557,0.496,0.496,2826470.5,2082353.0,150000.0,91181938.33,67176707.78
2581,300750.SZ,20200123,130.57,2.9924,4.0107,1.77,85.1337,64.467,7.8051,9.7379,6.6546,0.1081,0.1081,220839.97,120258.9511,89725.1927,28835074.8829,15702211.2451
2582,300315.SZ,20200123,6.11,4.4205,4.8581,1.44,,,2.9894,8.551,10.5949,0.0,,275748.4192,260037.1261,236614.0669,1684822.8413,1588826.8405
2583,000938.SZ,20200123,33.06,0.8559,2.2258,1.16,39.6413,37.8719,2.4474,1.3982,1.3029,0.3241,0.3241,204291.4196,204291.4196,78554.5597,6753874.332,6753874.332
2584,600887.SH,20200123,30.64,1.2924,1.4219,2.16,29.0063,26.5988,7.6736,2.3652,2.1558,2.2778,2.2778,609637.8858,591263.1662,537409.5836,18679304.8209,18116303.4124
2585,002354.SZ,20200123,2.67,2.6473,3.0279,1.18,,,1.5646,0.9577,1.4076,0.0,,93214.29,70009.4581,61211.062,248882.1543,186925.2531
2586,002405.SZ,20200123,15.75,4.7262,6.1813,0.83,64.4886,108.7676,4.1983,14.4796,14.4014,0.0593,0.0593,196156.317,157555.0208,120467.1557,3089461.9928,2481491.5776
2587,601999.SH,20200123,7.68,2.2718,7.2176,3.14,23.8598,27.0468,1.8996,1.8097,1.6531,1.4323,1.4323,55091.47,55091.47,17340.5411,423102.4896,423102.4896
2588,603969.SH,20200123,4.03,0.9059,2.1925,1.77,22.5292,18.1519,1.9054,1.4499,1.2768,2.4814,2.4814,84100.0,84100.0,34747.1472,338923.0,338923.0
2589,002216.SZ,20200123,13.54,1.3119,2.7364,1.18,106.1995,83.8987,5.094,1.9537,1.9474,0.2223,0.2223,79925.8226,56556.4489,27114.8252,1082195.638,765774.3181
2590,600561.SH,20200123,5.32,2.5623,3.5442,5.21,50.1382,97.4902,0.8876,0.4794,0.5214,0.6015,0.6015,23706.4,23706.4,17138.7147,126118.048,126118.048
2591,300368.SZ,20200123,8.11,3.1474,5.8817,1.04,90.2715,194.2445,5.0444,5.2148,6.4998,0.0,,53194.3475,45907.3045,24565.8189,431406.1582,372308.2395
2592,000553.SZ,20200123,9.55,0.7708,1.0351,1.58,9.7253,35.6846,1.0061,0.9121,0.8672,1.0157,1.0157,244655.3582,46861.6702,34892.95,2336458.6708,447528.9504
2593,601600.SH,20200123,3.3,0.6689,1.2927,1.44,64.5517,308.2329,1.143,0.3117,0.2805,0.0,,1702267.2951,1095983.2268,567107.7503,5617482.0738,3616744.6484
2594,300631.SZ,20200123,16.44,2.14,2.3956,1.19,31.5464,31.0434,2.6727,3.6733,3.5181,0.9124,0.9124,10555.4,7032.3,6281.9,173530.776,115611.012
2595,002429.SZ,20200123,3.89,2.5259,7.1824,1.02,39.5384,23.2055,1.8909,1.3685,1.3624,0.0,,452694.0607,449630.141,158123.0946,1760979.8961,1749061.2485
2596,002411.SZ,20200123,12.39,6.1053,13.6661,0.62,46.97,65.9348,1.9034,2.2476,2.0437,0.0,,153228.3909,142645.5765,63726.0255,1898499.7633,1767378.6928
2597,600156.SH,20200123,4.23,1.1149,1.8679,0.99,61.6063,75.3913,2.3659,1.6727,1.573,0.0,,40211.0702,40211.0702,24000.639,170092.8269,170092.8269
2598,002373.SZ,20200123,22.71,3.4137,4.4894,0.89,44.4013,39.2191,3.9484,4.6697,4.0129,0.2415,0.2415,149101.9775,95340.1207,72496.3882,3386105.909,2165174.1411
2599,603860.SH,20200123,26.2,1.024,1.024,0.94,36.5172,36.1604,2.8969,8.3712,8.5125,0.5477,0.5477,6668.0,2418.0,2418.0,174701.6,63351.6
2600,002003.SZ,20200123,6.3,0.5943,0.9795,1.43,15.3908,16.5856,1.9834,1.7612,1.7226,5.5556,5.5556,75802.0428,64973.9603,39423.5256,477552.8696,409335.9499
2601,000920.SZ,20200123,6.48,0.7262,1.3321,1.76,31.0637,30.0312,2.4784,2.4745,2.4247,0.463,0.463,42200.0,42181.1575,22994.7379,273456.0,273333.9006
2602,300019.SZ,20200123,10.78,2.8755,5.5126,1.02,54.768,27.1017,4.0,4.0974,3.5052,0.0,,33090.1951,27244.9462,14211.6778,356712.3032,293700.52
2603,600392.SH,20200123,8.1,1.7085,2.658,1.74,49.6332,69.1906,2.6162,2.2831,2.2435,0.3699,0.3699,175516.7067,143427.2352,92193.1718,1421685.3243,1161760.6051
2604,000898.SZ,20200123,3.03,0.1702,0.6381,1.16,3.5837,10.1092,0.5474,0.271,0.2715,5.5852,5.5852,940525.0201,799369.2993,213258.1464,2849790.8109,2422088.9769
2605,600961.SH,20200123,8.3,0.5586,0.9889,1.63,,,,0.3365,0.3988,0.0,,52745.7914,52745.7914,29792.6552,437790.0686,437790.0686
2606,600077.SH,20200123,3.03,0.593,1.1686,1.32,9.8729,23.6759,1.0121,0.8842,0.9535,1.0231,1.0231,134012.2326,134012.2326,67999.431,406057.0648,406057.0648
2607,002721.SZ,20200123,5.12,1.6921,3.1717,0.93,,1477.5299,0.9149,0.2896,0.3688,0.0,,83471.8154,62092.0496,33125.817,427375.6948,317911.294
2608,600108.SH,20200123,2.83,0.7009,0.9293,1.6,65.0257,73.94,1.1395,2.1973,2.0629,0.159,0.159,194691.5121,194691.5121,146842.1956,550976.9792,550976.9792
2609,600583.SH,20200123,7.19,0.5648,1.2555,1.82,398.475,,1.4425,2.8763,2.5504,0.6954,0.6954,442135.48,442135.48,198880.9938,3178954.1012,3178954.1012
2610,603308.SH,20200123,15.81,1.3788,2.2393,0.86,105.4772,70.1881,2.1616,4.5888,4.2343,0.2867,0.2867,48796.2086,43375.4341,26708.2803,771468.058,685765.6131
2611,603895.SH,20200123,21.7,8.5373,9.7122,2.37,64.9352,162.313,3.5887,4.6345,4.5475,0.2765,0.2765,10808.0,3276.714,2880.332,234533.6,71104.6938
2612,002602.SZ,20200123,12.7,1.7759,3.2545,1.21,78.6133,36.1648,3.1615,9.3115,5.8959,0.3016,0.3016,595643.289,259239.4079,141463.7693,7564669.7703,3292340.4803
2613,002631.SZ,20200123,8.12,2.0532,5.7345,1.1,52.3288,80.9027,3.134,3.0724,2.9982,0.7375,0.7375,66904.5772,65182.8593,23338.1323,543265.1669,529284.8175
2614,600058.SH,20200123,7.56,0.3755,1.003,1.5,,,1.9529,0.1434,0.1327,0.0,,107191.0711,107191.0711,40130.5789,810364.4975,810364.4975
2615,002015.SZ,20200123,5.97,3.7626,4.7939,1.12,1501.1394,18.5667,1.7156,17.1131,1.0141,0.0,,135246.1312,40070.3825,31449.9716,807419.4033,239220.1835
2616,600120.SH,20200123,9.21,1.4321,2.5435,0.87,20.8298,19.4775,1.3538,1.4816,1.2216,0.5966,0.5966,159138.633,121052.6446,68159.4063,1465666.8099,1114894.8568
2617,603098.SH,20200123,10.19,0.148,0.7245,1.11,22.223,19.101,2.4398,1.6687,1.375,0.9814,0.9814,48001.2,48001.2,9805.2,489132.228,489132.228
2618,000925.SZ,20200123,7.25,4.0368,5.2465,2.35,147.5085,56.9401,1.6765,1.9072,1.5381,0.0,,54956.4903,45322.7362,34872.4652,398434.5547,328589.8375
2619,300722.SZ,20200123,20.64,3.9992,3.9992,1.22,31.227,38.3635,5.3795,10.8246,10.9551,1.2112,1.2112,11200.0,2800.0,2800.0,231168.0,57792.0
2620,300584.SZ,20200123,28.42,2.9333,4.0689,0.88,40.979,34.6626,5.3751,4.7905,3.916,0.7037,0.7037,12000.0,6404.7301,4617.2257,341040.0,182022.4294
2621,002776.SZ,20200123,8.8,8.461,10.8696,0.54,24.5968,26.0044,1.9802,4.5101,4.3985,0.7576,0.7576,53798.9106,33935.8421,26415.8353,473430.4133,298635.4105
2622,002638.SZ,20200123,3.18,3.3133,4.4794,1.76,,,1.2269,3.7218,4.1149,0.0,,151868.5574,97936.9882,72440.4512,482942.0125,311439.6225
2623,002081.SZ,20200123,8.68,1.0194,2.0229,1.51,10.9732,10.178,1.6005,0.9287,0.7955,2.2973,2.2973,268440.8689,259621.4928,130836.7334,2330066.7421,2253514.5575
2624,300423.SZ,20200123,13.9,2.018,2.5089,1.19,15.4047,12.5885,2.102,2.2897,1.8811,0.9573,0.9573,49930.819,25165.6005,20240.9074,694038.3841,349801.847
2625,002452.SZ,20200123,4.99,1.4516,1.7329,0.89,,,2.1913,2.508,2.1353,0.0,,52940.0,44115.1254,36953.509,264170.6,220134.4757
2626,002044.SZ,20200123,14.07,1.1635,1.5988,1.68,67.207,69.1089,6.4992,6.5205,6.185,0.2993,0.2993,391992.0974,339130.705,246797.968,5515328.8104,4771569.0194
2627,000151.SZ,20200123,9.7,1.7804,2.9582,1.21,34.4158,144.5892,3.0308,2.2593,2.7391,2.0619,2.0619,29598.0,26654.3967,16042.0467,287100.6,258547.648
2628,002428.SZ,20200123,11.02,10.6665,13.3797,0.88,834.8933,,4.8709,15.4768,15.0448,0.0,,65312.0,64431.3818,51365.5418,719738.24,710033.8274
2629,000756.SZ,20200123,8.51,4.7836,10.0322,0.94,21.0978,17.6337,1.7823,1.0162,0.9437,1.1751,1.1751,62185.9447,39949.5077,19048.7817,529202.3894,339970.3105
2630,688118.SH,20200123,46.08,17.1899,17.1899,0.72,91.5241,76.9424,4.8274,12.9222,11.8574,,,9540.0,2166.8799,2166.8799,439603.2,99849.8258
2631,603829.SH,20200123,10.34,1.926,3.486,1.55,27.4913,32.9334,2.5097,2.9536,2.8191,1.0928,1.0928,16000.0,7240.0,4000.0,165440.0,74861.6
2632,002646.SZ,20200123,10.2,0.4846,1.2565,1.03,42.6681,95.0392,1.9421,3.4035,3.7523,1.1765,1.1765,45000.0,44981.7,17348.766,459000.0,458813.34
2633,600597.SH,20200123,11.51,1.0904,2.2544,1.62,41.2394,35.961,2.569,0.6716,0.6248,0.8688,0.8688,122448.7509,122430.2009,59218.4943,1409385.1229,1409171.6124
2634,603515.SH,20200123,26.9,0.4916,2.8997,1.73,22.6174,21.8424,4.2689,2.541,2.4845,1.487,1.487,75606.3755,75375.8682,12778.6546,2033811.501,2027610.8546
2635,603105.SH,20200123,6.81,2.3711,2.7687,1.16,51.464,86.5052,2.3413,8.8632,9.5578,1.4684,1.4684,50000.0,30830.0,26402.4,340500.0,209952.3
2636,000529.SZ,20200123,6.8,1.9609,4.31,1.56,23.7478,19.1969,2.4822,1.5887,1.4065,1.0294,1.0294,58379.033,56988.4377,25927.6102,396977.4244,387521.3764
2637,300559.SZ,20200123,28.47,3.21,5.9307,0.98,61.1933,37.5436,8.3533,19.4199,13.8236,0.3328,0.3328,26635.3495,16060.8531,8693.0831,758308.4003,457252.4878
2638,603189.SH,20200123,22.58,6.0093,13.2554,1.13,623.6704,192.6556,6.2345,24.7048,18.777,0.1329,0.1329,22080.0,22080.0,10010.0,498566.4,498566.4
2639,300295.SZ,20200123,13.29,3.8875,4.511,1.12,26.3054,28.532,2.0932,5.7377,5.5681,0.823,0.823,19262.58,14968.2787,12899.1734,255999.6882,198928.4239
2640,000835.SZ,20200123,4.21,5.6776,7.925,1.11,,,,18.3546,26.6956,0.0,,32676.0374,30289.5,21699.6714,137566.1175,127518.795
2641,002375.SZ,20200123,5.38,0.6076,1.2243,1.97,19.5455,20.3244,0.9106,0.7837,0.7071,0.7614,0.7614,133999.6498,121330.1153,60219.4512,720918.1159,652756.0203
2642,000799.SZ,20200123,37.02,3.8054,5.515,1.11,54.0189,48.9694,5.1962,10.1348,8.6248,0.4052,0.4052,32492.898,32492.898,22420.1689,1202887.084,1202887.084
2643,002386.SZ,20200123,5.75,0.7879,1.1656,1.14,28.933,52.5762,0.9028,0.2477,0.1899,1.7391,1.7391,78085.7017,78077.8873,52780.9004,448992.7848,448947.852
2644,300720.SZ,20200123,14.68,1.9963,2.0882,0.92,33.9925,32.8379,3.3944,9.7829,9.4124,1.3624,1.3624,10800.0,4180.68,3996.81,158544.0,61372.3824
2645,603520.SH,20200123,46.8,2.6511,4.9233,2.1,83.8807,53.7032,7.9659,8.8241,6.3265,0.4572,0.4572,16789.8388,16789.8388,9040.8388,785764.4558,785764.4558
2646,300703.SZ,20200123,13.31,10.9253,12.3284,0.57,29.1841,21.2403,3.4705,3.0361,2.6725,1.4816,1.4816,18255.04,9908.4375,8780.7725,242974.5824,131881.3031
2647,600960.SH,20200123,3.07,0.882,1.2409,1.24,20.9471,37.3833,0.6213,0.7525,0.589,0.4886,0.4886,95051.5518,71361.0706,50722.0697,291808.264,219078.4867
2648,600836.SH,20200123,4.23,3.661,5.031,2.86,,,3.4277,2.0591,2.4625,0.0,,66275.3072,66275.3072,48228.442,280344.5495,280344.5495
2649,300793.SZ,20200123,46.24,11.1382,11.1382,0.98,69.8214,59.6419,6.5798,5.7218,3.9512,,,16668.0,4168.0,4168.0,770728.32,192728.32
2650,600488.SH,20200123,4.65,2.1236,3.9648,2.0,33.0874,32.9222,1.8254,2.0913,1.7337,1.2043,1.2043,109188.668,97657.8766,52306.1191,507727.3062,454109.1262
2651,601198.SH,20200123,12.27,0.8937,1.8912,1.43,33.57,25.3098,1.6611,10.2097,8.6341,0.8965,0.8965,275796.0657,275796.0657,130336.0173,3384017.7261,3384017.7261
2652,603585.SH,20200123,20.12,0.7442,2.4807,1.71,11.6038,11.0526,1.907,2.2004,1.9837,2.9821,2.9821,18000.0,18000.0,5400.0,362160.0,362160.0
2653,002821.SZ,20200123,152.01,0.834,1.5028,1.34,82.1218,65.8767,12.3242,19.1688,14.8257,0.2632,0.2632,23138.2162,22883.5786,12699.6638,3517240.2446,3478532.783
2654,601127.SH,20200123,10.27,0.3895,1.7688,2.3,90.7927,,1.9572,0.4769,0.5505,0.7802,0.7802,93994.5382,93338.5382,20551.0464,965323.9073,958586.7873
2655,000516.SZ,20200123,4.9,1.0307,1.4126,1.46,4.4216,,1.8083,4.7359,10.7806,1.7381,1.7381,197104.9302,192900.164,140748.6601,965814.158,945210.8036
2656,600746.SH,20200123,7.98,5.9359,13.965,2.26,682.4158,,4.8699,5.1551,6.9372,0.0,,30642.1452,30466.0915,12949.7373,244524.3187,243119.4102
2657,603773.SH,20200123,35.7,6.9969,8.7843,1.11,21.3675,91.0393,2.0926,4.8258,5.8134,1.9048,1.9048,9459.5556,6432.7305,5123.845,337706.1349,229648.4789
2658,600590.SH,20200123,5.68,1.1691,1.9886,1.5,18.768,20.1306,1.1838,0.803,0.7969,0.0,,86629.8784,84417.5885,49629.4367,492057.7093,479491.9027
2659,603186.SH,20200123,44.86,3.1599,6.1458,0.83,77.2858,60.7993,8.0726,3.4588,2.9645,0.3344,0.3344,12935.0,12935.0,6650.5763,580264.1,580264.1
2660,300660.SZ,20200123,15.58,2.6045,2.6045,1.3,20.1628,17.873,1.7984,1.7969,1.7544,1.8328,1.8328,25937.222,6538.4648,6538.4648,404101.9188,101869.2816
2661,000667.SZ,20200123,2.7,0.5073,0.6109,1.11,26.7705,204.2479,0.9384,2.6427,1.752,0.0,,246698.8633,244731.4632,203260.9955,666086.9309,660774.9506
2662,000948.SZ,20200123,10.78,1.6701,2.6164,0.91,46.2201,97.9591,2.3302,1.2432,1.09,0.3568,0.3568,32058.7859,32045.1898,20455.528,345593.712,345447.146
2663,002399.SZ,20200123,22.8,1.0797,4.8372,2.71,46.1481,33.9905,4.1606,5.9058,6.1524,0.4386,0.4386,124720.1704,124720.1704,27838.4925,2843619.8851,2843619.8851
2664,002899.SZ,20200123,13.31,1.8636,2.4941,1.25,25.4791,27.4083,1.5423,1.7597,1.7011,0.7062,0.7062,12000.0,7933.65,5927.94,159720.0,105596.8815
2665,002780.SZ,20200123,17.21,4.7844,7.273,1.62,498.2003,613.8562,3.9267,5.9602,6.2535,0.0894,0.0894,14557.1324,10474.5468,6890.4405,250528.2486,180266.9504
2666,000999.SZ,20200123,35.76,2.082,5.7248,1.84,24.4438,15.2928,2.8183,2.607,2.4703,1.0906,1.0906,97890.0,97839.5308,35582.5676,3500546.4,3498741.6214
2667,300742.SZ,20200123,21.59,4.3146,5.4586,1.01,79.898,,1.6065,3.4355,5.6699,0.0,,7849.857,4296.0832,3395.7615,169478.4126,92752.4363
2668,000531.SZ,20200123,6.58,0.6625,1.575,1.36,55.0135,12.7059,1.1193,1.4453,1.4971,3.1915,3.1915,68508.282,68508.282,28816.3546,450784.4956,450784.4956
2669,600890.SH,20200123,7.07,1.0589,1.6765,0.92,,,17.7924,334.9521,337.1707,0.0,,57919.4925,57919.4925,36584.255,409490.812,409490.812
2670,002011.SZ,20200123,4.9,1.5017,2.5978,0.87,,,1.6388,0.4781,0.4796,0.0,,91721.218,91360.1102,52813.002,449433.9682,447664.54
2671,002413.SZ,20200123,5.6,2.3207,3.0138,1.37,44.428,50.9433,1.7214,6.0911,5.7382,0.0,,108116.745,104042.3025,80117.2184,605453.772,582636.894
2672,300145.SZ,20200123,3.4,1.5454,2.3295,1.02,15.2002,25.0151,1.2735,1.499,1.6073,0.0,,192343.8236,175233.4375,116249.1403,653969.0002,595793.6875
2673,002244.SZ,20200123,4.4,0.5532,1.2001,1.47,11.2491,9.9828,0.8602,0.6484,0.7273,1.3636,1.3636,311144.389,270290.389,124586.8168,1369035.3116,1189277.7116
2674,002403.SZ,20200123,8.75,0.9504,2.0213,1.38,20.6145,21.4736,1.4374,0.9409,0.8751,1.6669,1.6669,35032.0801,31561.8676,14839.7949,306530.7009,276166.3415
2675,600371.SH,20200123,11.34,3.8578,7.5284,1.05,49.0499,40.4077,5.3662,9.6714,9.3723,1.7637,1.7637,22506.0,22506.0,11532.9127,255218.04,255218.04
2676,600704.SH,20200123,5.05,0.5612,1.1569,1.57,10.664,8.684,0.883,0.0852,0.0753,4.2117,4.2117,506218.204,430668.2417,208890.1507,2556401.9302,2174874.6206
2677,002092.SZ,20200123,6.2,1.9881,2.9802,2.04,5.481,16.1641,0.7023,0.1895,0.1486,2.7419,2.7419,214644.9598,214634.6698,143184.6786,1330798.7508,1330734.9528
2678,603661.SH,20200123,41.8,6.5042,6.5042,2.49,24.4515,16.015,1.7042,1.8034,1.6153,0.6699,0.6699,10000.0,2875.0,2875.0,418000.0,120175.0
2679,600393.SH,20200123,2.83,2.2227,2.4185,0.73,24.753,151.0445,1.1402,2.1913,1.4021,0.0,,253624.787,98820.5552,90820.5552,717758.1472,279662.1712
2680,300211.SZ,20200123,7.05,4.7621,4.807,0.69,428.57,378.2938,4.4828,16.6794,20.4888,0.8511,0.8511,30267.5973,14924.7047,14785.0849,213386.561,105219.1681
2681,300071.SZ,20200123,2.69,8.0697,12.6821,1.56,,,24.9714,0.5288,0.6296,0.0,,67138.642,63856.6889,40632.3122,180602.947,171774.4931
2682,002687.SZ,20200123,5.86,2.3109,3.2194,1.78,18.1539,15.4866,1.9228,2.0416,1.8757,2.5597,2.5597,35000.0,29376.5,21087.0,205100.0,172146.29
2683,300785.SZ,20200123,160.23,8.8402,8.8402,0.98,89.2778,71.6012,12.3217,16.8355,13.9284,0.0,,5333.3334,1333.3334,1333.3334,854560.0107,213640.0107
2684,300740.SZ,20200123,8.48,4.4706,5.8063,0.64,26.6708,124.2532,2.8917,1.5527,1.5735,,,41112.0808,19956.8583,15366.0458,348630.4452,169234.1584
2685,603822.SH,20200123,26.9,1.7476,2.8435,1.21,36.712,33.6743,2.6765,1.8983,1.7726,0.8476,0.8476,7335.5023,7335.5023,4508.3643,197325.0119,197325.0119
2686,002876.SZ,20200123,49.75,5.9151,7.2863,1.26,186.7973,180.8556,5.7363,5.8598,4.0454,0.0618,0.0618,10400.0,7053.5602,5726.1406,517400.0,350914.62
2687,000514.SZ,20200123,4.16,0.8039,2.1838,1.01,139.3958,142.4965,1.1685,6.4997,10.0173,0.0,,84377.0965,84377.0965,31062.1866,351008.7214,351008.7214
2688,600691.SH,20200123,1.97,1.1902,1.769,2.72,36.354,,0.8117,0.215,0.2287,0.0,,237598.1952,175639.0906,118171.6306,468068.4445,346009.0085
2689,000789.SZ,20200123,10.91,2.6984,5.1374,1.45,7.6473,7.4063,1.9672,0.8522,0.8261,5.6406,5.6406,79737.3678,79735.4771,41880.145,869934.6827,869914.0552
2690,002184.SZ,20200123,10.78,3.8483,4.5993,1.24,,,2.7724,1.532,1.3736,0.0,,24025.4489,15695.2154,13132.3996,258994.3391,169194.422
2691,601988.SH,20200123,3.61,0.0671,0.6896,1.67,5.9013,5.7017,0.6533,2.1082,1.9525,5.097,5.097,29438779.1241,21076551.4846,2049395.6739,106273992.638,76086350.8594
2692,600620.SH,20200123,6.21,0.5594,0.798,1.5,63.0239,47.5587,1.6747,87.3542,90.2406,0.4831,0.4831,68667.7113,68667.7113,48139.4369,426426.4872,426426.4872
2693,002431.SZ,20200123,2.9,1.4258,1.981,2.02,85.9027,,0.8047,0.8092,1.1812,0.0,,148698.545,132457.0934,95331.5813,431225.7805,384125.5709
2694,603699.SH,20200123,13.29,0.4583,2.146,1.32,36.3689,22.5044,3.9341,3.5843,3.4133,4.9933,4.9933,75000.0,75000.0,16016.1905,996750.0,996750.0
2695,600098.SH,20200123,6.26,0.1222,0.7041,1.32,24.3449,22.6529,1.0123,0.6568,0.5949,1.5974,1.5974,272619.6558,272619.6558,47298.1437,1706599.0453,1706599.0453
2696,603997.SH,20200123,7.78,0.7113,2.939,1.7,26.336,30.5989,1.6638,3.7017,3.7448,2.5051,2.5051,102360.2921,63235.33,15303.1803,796363.0725,491970.8674
2697,600410.SH,20200123,10.39,3.8302,4.1805,0.86,,,2.2888,2.1852,2.3772,0.0,,109874.3383,109874.3383,100667.4025,1141594.3749,1141594.3749
2698,601566.SH,20200123,11.4,0.4592,1.7206,0.97,12.2769,11.6016,1.5266,2.3968,2.3095,8.7719,8.7719,57463.715,57463.715,15336.901,655086.351,655086.351
2699,688023.SH,20200123,179.43,4.1602,4.1602,0.77,172.8932,148.161,9.3821,21.2119,16.8792,,,7407.4075,1548.3808,1548.3808,1329111.1277,277825.9669
2700,603496.SH,20200123,27.03,5.3978,5.3978,0.98,52.0896,58.3062,6.7377,12.6984,12.8299,0.5862,0.5862,20266.6406,10922.859,10922.859,547807.2954,295244.8788
2701,603966.SH,20200123,10.24,5.5809,5.5809,0.55,32.7702,22.5229,2.2439,2.8288,2.0882,0.7813,0.7813,21097.96,9388.2984,9388.2984,216043.1104,96136.1756
2702,002739.SZ,20200123,17.29,2.843,7.2666,1.17,27.7577,41.9821,1.8412,2.5508,2.4318,0.0,,207842.8288,176120.1224,68906.0129,3593602.51,3045116.9163
2703,300572.SZ,20200123,52.18,1.4505,1.9732,0.96,80.6449,52.742,12.4556,19.146,12.9111,0.2396,0.2396,19364.9184,19299.8448,14187.0404,1010461.4421,1007065.9017
2704,002125.SZ,20200123,7.5,12.9604,23.7551,1.94,58.6286,49.7164,3.4342,3.8435,3.3786,0.5,0.5,55295.9976,55295.9976,30168.7116,414719.982,414719.982
2705,002088.SZ,20200123,10.17,1.1575,1.8526,1.32,11.9754,11.5857,1.7735,1.9966,1.7578,6.3959,6.3959,36170.2033,31359.7708,19592.5205,367850.9676,318928.869
2706,600103.SH,20200123,2.04,0.4958,0.7372,0.9,30.3881,48.959,1.3186,1.6444,1.8471,0.0,,230581.7807,230581.7807,155089.2431,470386.8326,470386.8326
2707,600363.SH,20200123,15.2,2.9161,3.6979,1.21,29.6742,32.6136,2.6154,1.9564,1.5839,0.3421,0.3421,44347.675,44347.675,34971.4658,674084.66,674084.66
2708,002684.SZ,20200123,5.88,1.9372,3.6634,0.63,,,,3.0323,4.204,0.0,,56737.4389,40353.5058,21339.6233,333616.1407,237278.6141
2709,603136.SH,20200123,22.88,5.8596,8.4964,0.8,25.7153,21.4444,2.938,5.4228,5.2746,2.2607,2.2607,11600.0,2900.0,2000.0,265408.0,66352.0
2710,002138.SZ,20200123,25.32,5.2616,5.9603,1.74,42.6591,49.3135,4.7335,8.6434,8.0263,0.7876,0.7876,80631.8354,69906.433,61711.576,2041598.0723,1770030.8836
2711,002840.SZ,20200123,15.0,0.7081,1.5833,1.83,27.7015,29.5017,2.917,0.813,0.6082,0.0,,27740.005,26800.005,11986.2787,416100.075,402000.075
2712,002208.SZ,20200123,6.66,1.1343,2.7041,0.64,13.779,21.4316,1.7749,1.7302,2.3613,0.9384,0.9384,51216.0,51084.8511,21429.1455,341098.56,340225.1083
2713,601068.SH,20200123,5.01,3.2013,8.7347,1.19,48.4971,193.3411,1.6664,0.4416,0.4425,0.6188,0.6188,295906.6667,29590.6667,10844.875,1482492.4002,148249.2402
2714,603880.SH,20200123,12.98,15.2517,23.0489,1.25,55.8882,109.9253,3.8543,4.5717,4.5593,0.9482,0.9482,16900.0,8242.975,5454.475,219362.0,106993.8155
2715,000560.SZ,20200123,4.05,0.9538,1.3438,1.91,15.1184,12.389,0.9648,0.8922,0.8698,1.7028,1.7028,235550.0851,179775.0374,127607.4618,953977.8447,728088.9015
2716,300182.SZ,20200123,5.3,8.7621,8.765,0.8,145.7346,,1.3486,2.7141,3.2702,0.0,,257496.0807,179103.3007,179044.4369,1364729.2277,949247.4937
2717,603956.SH,20200123,15.81,4.0186,4.0186,1.17,58.3027,55.6123,6.2778,10.3325,8.8884,0.6325,0.6325,42596.01,4259.61,4259.61,673442.9181,67344.4341
2718,002062.SZ,20200123,3.51,0.2846,0.564,1.31,12.8813,12.4771,1.2409,0.3914,0.371,1.4245,1.4245,110250.0,95959.0528,48417.8613,386977.5,336816.2753
2719,600854.SH,20200123,3.61,0.9144,1.3487,2.06,45.929,,0.9352,2.8423,8.3521,1.662,1.662,51945.8538,51945.8538,35218.3425,187524.5322,187524.5322
2720,000626.SZ,20200123,8.37,1.9906,5.5215,0.49,95.3202,49.9825,1.7101,0.0688,0.0667,0.0,,54287.4902,46394.64,16726.29,454386.293,388323.1368
2721,000525.SZ,20200123,8.46,2.9786,6.8965,2.26,7.7172,12.6947,1.0141,0.8316,0.8335,1.773,1.773,58077.2873,57439.8865,24808.5684,491333.8506,485941.4398
2722,300351.SZ,20200123,8.12,2.5679,3.8499,0.82,,,1.2965,2.3775,2.5965,0.0,,38364.1857,23929.4188,15960.8403,311517.1879,194306.8807
2723,300139.SZ,20200123,8.61,5.9273,6.1655,1.38,546.3677,,2.1223,14.3433,38.8129,0.0,,27400.0,21791.7179,20949.4679,235914.0,187626.6911
2724,601900.SH,20200123,9.32,0.3724,1.261,0.49,12.7417,10.7126,1.4189,1.4917,1.3218,2.3605,2.3605,89587.6566,88944.9953,26269.0853,834956.9595,828967.3562
2725,600522.SH,20200123,8.26,1.6061,2.1429,1.36,11.9373,13.2166,1.2626,0.7466,0.642,1.1911,1.1911,306608.223,306608.223,229807.4347,2532583.922,2532583.922
2726,603185.SH,20200123,32.0,19.622,19.622,2.39,28.11,31.4383,3.3719,8.2511,9.7675,0.3571,0.3571,17640.0,4477.2,4477.2,564480.0,143270.4
2727,000926.SZ,20200123,6.03,1.4228,1.9244,2.44,5.1156,6.6708,0.5179,0.5406,0.6242,1.6584,1.6584,96246.2474,94649.6227,69978.6044,580364.8718,570737.2249
2728,603900.SH,20200123,8.82,0.5362,2.1372,1.53,14.3267,21.3788,1.2831,1.8055,2.2062,6.8027,6.8027,34047.384,34047.384,8542.58,300297.9269,300297.9269
2729,002497.SZ,20200123,9.1,8.0614,8.7467,1.03,47.5727,129.7681,3.1738,2.8449,2.7472,0.217,0.217,95870.9703,84592.2747,77964.2912,872425.8297,769789.6998
2730,603928.SH,20200123,11.69,0.5844,1.8768,1.28,16.1246,17.5618,1.8353,1.568,1.7893,1.882,1.882,20160.0,20160.0,6277.15,235670.4,235670.4
2731,600843.SH,20200123,7.21,0.4211,0.6439,1.36,28.0862,45.4808,1.6942,1.2358,1.1948,0.0,,54858.96,30464.585,19925.0492,395533.1016,219649.6579
2732,300227.SZ,20200123,15.45,4.0466,4.303,0.7,56.6064,58.7972,3.5909,6.6553,5.6087,0.2016,0.2016,24999.4674,15577.9278,14649.5905,386241.7713,240678.9845
2733,600543.SH,20200123,5.58,1.0822,1.6582,1.3,65.7647,83.3809,1.5362,7.7541,8.4287,0.0,,32112.0,32112.0,20957.5983,179184.96,179184.96
2734,000908.SZ,20200123,3.36,2.4563,3.3642,0.77,15.8236,,1.2696,1.1432,1.3899,0.0,,87977.4351,70826.2389,51712.118,295604.1819,237976.1627
2735,600614.SH,20200123,1.79,1.1215,1.7804,0.59,,,3.129,1.4611,1.7911,0.0,,175277.3758,151148.7658,95210.7709,313746.5027,270556.2908
2736,300200.SZ,20200123,11.86,3.8967,6.517,1.44,37.7903,20.1581,1.9677,3.1115,3.2244,1.7707,1.7707,26663.9171,20846.99,12465.2086,316234.0568,247245.3014
2737,002647.SZ,20200123,20.15,1.2819,3.2287,0.95,212.934,155.5929,11.2064,7.593,7.981,0.0993,0.0993,55993.665,55993.665,22232.432,1128272.3498,1128272.3498
2738,603029.SH,20200123,14.2,0.5265,1.647,1.22,87.7805,71.7433,1.8619,3.9887,3.4297,0.7042,0.7042,9334.0,9334.0,2983.546,132542.8,132542.8
2739,603158.SH,20200123,21.44,2.5002,6.5986,0.62,39.7764,41.0133,4.5715,4.568,4.8682,0.6401,0.6401,21697.12,21697.12,8221.21,465186.2528,465186.2528
2740,600116.SH,20200123,7.7,0.4274,0.8512,1.3,35.8001,36.6546,2.6122,5.8886,5.8218,1.2987,1.2987,99300.5502,99300.5502,49859.4901,764614.2365,764614.2365
2741,603718.SH,20200123,16.97,1.7676,5.1068,0.91,513.1264,,10.1908,42.9308,39.6997,0.0589,0.0589,64400.0,64400.0,22290.1336,1092868.0,1092868.0
2742,600273.SH,20200123,9.97,2.2381,3.3476,1.32,12.9836,12.0311,2.1392,2.5491,2.6081,2.8358,2.8358,143273.0543,141373.2631,94518.1875,1428432.3514,1409491.4331
2743,601077.SH,20200123,6.39,4.0194,4.0194,1.92,8.0117,7.0113,0.8367,2.7788,2.753,,,1135700.0,110026.9468,110026.9468,7257123.0,703072.1901
2744,600801.SH,20200123,21.4,2.4512,5.8057,1.58,8.6592,6.7837,2.2609,1.6336,1.4521,3.8385,3.8385,209659.9855,136187.9855,57498.6654,4486723.6897,2914422.8897
2745,300244.SZ,20200123,24.47,2.2814,2.8533,0.76,39.0692,33.8623,3.7998,2.1793,1.8312,0.1022,0.1022,62045.8296,45419.9348,36316.2737,1518261.4503,1111425.8046
2746,300687.SZ,20200123,20.08,15.9855,19.791,1.35,38.4833,45.1189,5.3292,4.8045,4.1365,0.3321,0.3321,21761.175,9443.2118,7627.4485,436964.394,189619.6929
2747,002048.SZ,20200123,18.14,4.4394,5.4423,1.36,15.5231,12.6568,1.2811,0.761,0.7133,0.8269,0.8269,62622.7314,54496.6742,44454.3386,1135976.3476,988569.67
2748,300438.SZ,20200123,27.39,7.2806,9.5874,1.56,29.0813,29.0013,3.14,2.9979,2.3382,0.2182,0.2182,28115.1873,21224.1878,16117.5597,770074.9801,581330.5038
2749,601636.SH,20200123,5.4,2.046,3.6349,1.23,12.0179,12.344,1.8639,1.7323,1.6402,5.4481,5.4481,268770.294,266025.904,149736.0461,1451359.5876,1436539.8816
2750,002715.SZ,20200123,21.49,3.0955,5.898,1.35,192.5823,361.0363,4.0163,5.5775,6.1183,0.0,,9200.0,8519.1957,4471.2154,197708.0,183077.5156
2751,600900.SH,20200123,17.15,0.1602,0.4206,1.49,16.6866,17.5,2.5243,7.3671,7.5632,3.965,3.965,2200000.0,2200000.0,837777.0708,37730000.0,37730000.0
2752,600073.SH,20200123,7.31,1.3446,2.1613,1.47,22.4012,20.3446,1.7265,0.3091,0.2965,1.368,1.368,93772.9472,93772.9472,58336.4598,685480.244,685480.244
2753,603916.SH,20200123,16.4,4.1375,4.1375,1.39,18.9794,17.168,2.2296,2.1995,1.6883,1.4636,1.4636,31061.0,13106.2,13106.2,509400.4,214941.68
2754,603536.SH,20200123,12.4,14.7722,14.7722,0.94,45.8241,,3.4775,1.9997,1.8932,0.9677,0.9677,16800.0,6025.4067,6025.4067,208320.0,74715.0431
2755,002179.SZ,20200123,37.37,0.9568,1.9628,1.66,43.1355,37.8211,4.7782,5.2637,4.6054,0.2498,0.2498,110090.7225,106203.3557,51771.8994,4114090.2998,3968819.4025
2756,600415.SH,20200123,3.91,0.3704,0.893,1.45,19.6586,28.5344,1.6916,5.9222,5.2257,1.5345,1.5345,544321.4176,544321.4176,225756.8256,2128296.7428,2128296.7428
2757,300682.SZ,20200123,26.49,9.3079,16.902,1.81,134.8185,21.6347,4.4475,17.7483,8.5676,0.194,0.194,68036.775,17144.3709,9441.442,1802294.1698,454154.3851
2758,300225.SZ,20200123,5.8,2.2632,3.4645,1.41,246.3348,93.7381,3.0111,3.3731,3.3372,0.0,,47034.0,46860.6681,30612.1639,272797.2,271791.875
2759,002494.SZ,20200123,5.09,2.4801,2.8238,0.54,116.3634,115.464,1.0391,3.9143,4.2035,0.1965,0.1965,38556.0818,29594.7607,25992.6444,196250.4564,150637.332
2760,002226.SZ,20200123,5.17,1.1107,1.9963,1.71,29.4271,17.5514,1.0845,2.238,1.9542,0.0,,124898.169,95829.3393,53318.5293,645723.5337,495437.6842
2761,600979.SH,20200123,4.06,0.3429,0.6558,1.73,15.2899,14.9501,1.0047,1.7666,1.6017,2.4631,2.4631,94789.2146,94789.2146,49566.3352,384844.2113,384844.2113
2762,002787.SZ,20200123,7.6,1.745,2.2515,1.56,44.1762,56.7836,1.6748,1.7082,1.4728,0.6579,0.6579,31102.3803,17475.6631,13544.8137,236378.0903,132815.0396
2763,603839.SH,20200123,14.96,8.459,8.5584,0.55,21.3812,19.2585,2.1447,3.6449,2.6386,2.3102,2.3102,40182.7916,10551.422,10428.9002,601134.5623,157849.2731
2764,002698.SZ,20200123,10.2,1.3561,2.8711,1.79,57.2839,34.6776,4.6967,11.3918,7.6708,0.915,0.915,102255.0,82299.0961,38871.2433,1043001.0,839450.7802
2765,002872.SZ,20200123,4.97,1.6982,1.7055,0.93,14.271,,0.5055,0.7278,0.8983,0.0,,31800.0,21503.8268,21412.1408,158046.0,106874.0192
2766,300556.SZ,20200123,17.0,4.6703,5.3887,0.73,36.155,67.3402,3.9293,2.7083,2.4116,0.5886,0.5886,11517.66,8451.4524,7324.8348,195800.22,143674.6908
2767,600995.SH,20200123,7.62,1.4615,2.1077,0.99,12.3127,10.4259,1.6303,1.8004,1.7248,2.6247,2.6247,47852.64,47852.64,33180.74,364637.1168,364637.1168
2768,300233.SZ,20200123,19.77,0.7247,1.3686,0.83,29.457,16.7602,1.8221,2.584,2.7666,1.2553,1.2553,39315.2238,35503.7697,18799.7781,777261.9745,701909.527
2769,300701.SZ,20200123,30.53,12.0893,12.0893,1.33,52.0985,48.7424,7.1213,19.9873,19.0763,0.5459,0.5459,12000.0,3687.4878,3687.4878,366360.0,112579.0025
2770,002410.SZ,20200123,40.0,0.8786,0.9932,1.07,102.7202,147.785,14.4668,15.7614,13.8072,0.4996,0.4996,112755.1939,89078.5233,78800.4484,4510207.756,3563140.932
2771,002283.SZ,20200123,3.63,0.9814,1.3343,1.5,11.9574,11.3667,0.9169,1.2019,1.1934,0.854,0.854,112755.3978,96306.744,70836.4724,409302.094,349593.4807
2772,002583.SZ,20200123,8.22,2.0325,2.6857,1.02,31.7138,33.2922,2.4461,2.1806,2.0648,0.4252,0.4252,183957.3991,104761.4133,79281.3294,1512129.8206,861138.8173
2773,300040.SZ,20200123,5.55,1.7011,1.9422,1.32,42.1926,58.1482,0.9844,1.8596,2.6392,0.9009,0.9009,34303.2004,24778.0277,21701.92,190382.7622,137518.0537
2774,000796.SZ,20200123,7.54,1.6525,3.5577,1.41,31.1865,61.4044,2.4895,0.7402,0.841,0.0,,80300.0258,80252.5358,37276.1787,605462.1945,605104.1199
2775,688011.SH,20200123,45.53,7.9257,7.9257,0.69,62.6478,80.9181,3.8659,21.8464,19.5723,,,10000.0,2394.9856,2394.9856,455300.0,109043.6944
2776,000585.SZ,20200123,1.85,1.0681,1.233,2.52,110.6965,,123.8394,50.005,19.5121,0.0,,87337.0,60942.0978,52792.6128,161573.45,112742.8809
2777,000723.SZ,20200123,7.79,1.988,6.8042,1.17,17.7683,22.1555,3.9863,2.1083,2.066,0.0,,409926.3052,377595.8971,110325.5397,3193325.9175,2941472.0384
2778,600634.SH,20200123,1.46,2.0026,2.9867,1.42,,,,1.0216,0.8739,0.0,,57573.2081,57573.2081,38603.0491,84056.8838,84056.8838
2779,002258.SZ,20200123,13.17,1.247,2.5923,1.14,11.9521,22.1919,2.0565,1.7149,1.6586,1.5186,1.5186,52437.6406,52221.2015,25119.9898,690603.7267,687753.2238
2780,300743.SZ,20200123,19.25,2.6935,3.689,1.3,59.348,60.0003,4.8431,4.659,4.579,1.039,1.039,9815.7,5461.7455,3987.7871,188952.225,105138.6009
2781,002449.SZ,20200123,13.72,5.3104,6.6995,1.25,19.0457,22.6271,2.3707,2.3397,2.4876,2.1866,2.1866,61847.7169,60775.0975,48173.7904,848550.6759,833834.3377
2782,002798.SZ,20200123,22.39,1.9359,2.5883,1.39,22.6441,16.0912,2.4767,2.0006,1.6443,1.3252,1.3252,38496.0564,18977.4154,14194.2645,861926.7028,424904.3308
2783,002384.SZ,20200123,28.7,5.751,6.4517,1.6,56.8497,45.1166,5.0592,2.3257,2.0234,0.1916,0.1916,160657.2477,122266.6662,108987.1451,4610863.009,3509053.3199
2784,300662.SZ,20200123,33.8,2.7298,3.7765,2.21,52.3586,43.8465,7.2015,2.8047,1.8335,0.3827,0.3827,18228.7,9060.7725,6549.5136,616130.06,306254.1105
2785,300749.SZ,20200123,12.66,3.1814,3.1814,1.16,33.9479,33.3229,3.3844,3.127,2.9416,0.9654,0.9654,20516.94,8626.77,8626.77,259744.4604,109214.9082
2786,002923.SZ,20200123,18.01,6.4751,6.4751,1.11,31.2549,27.9065,3.5555,3.1991,2.4635,2.221,2.221,18541.95,6001.875,6001.875,333940.5195,108093.7688
2787,300530.SZ,20200123,32.38,0.9802,1.5593,1.23,61.9798,95.4297,6.5954,18.6511,19.6081,0.3068,0.3068,10560.9,5179.1272,3255.5522,341961.942,167700.1387
2788,600814.SH,20200123,5.12,0.6137,1.9336,1.58,24.5569,23.0496,1.4783,0.6196,0.5886,1.2695,1.2695,71502.6758,71502.6758,22694.0342,366093.7001,366093.7001
2789,601212.SH,20200123,3.32,1.2984,2.2165,1.36,949.1577,87.8837,2.0402,0.3969,0.3913,0.0,,740477.4511,196467.5085,115090.3482,2458385.1377,652272.1282
2790,300317.SZ,20200123,4.1,1.6826,4.2246,0.95,,,1.1774,2.0378,3.9732,0.0,,83973.5401,65622.912,26136.8578,344291.5144,269053.9392
2791,300118.SZ,20200123,15.58,4.5758,5.0536,1.08,60.4349,17.4515,1.7485,1.44,1.1071,0.3758,0.3758,90135.9941,69576.697,62998.0155,1404318.7881,1084004.9393
2792,600435.SH,20200123,8.46,1.5867,2.5426,1.4,254.375,253.7716,5.9155,6.3029,5.74,0.0,,148932.0,148932.0,92941.55,1259964.72,1259964.72
2793,600236.SH,20200123,4.57,0.094,0.465,1.5,15.1055,15.3971,2.4796,3.7861,3.7834,4.208,4.208,788237.7802,788237.7802,159324.3847,3602246.6555,3602246.6555
2794,002745.SZ,20200123,13.92,2.4786,5.0699,1.34,24.6794,21.9912,1.781,0.9903,0.8928,0.9339,0.9339,127716.854,73203.869,35787.7708,1777818.6077,1018997.8565
2795,603871.SH,20200123,31.94,6.4917,6.4917,2.86,18.5465,15.3802,2.7813,1.2213,1.2021,1.1182,1.1182,15680.0,3920.0,3920.0,500819.2,125204.8
2796,600975.SH,20200123,7.16,2.6597,4.6119,1.64,,,4.4063,2.2896,2.0241,0.0,,65267.5584,65267.5584,37640.5279,467315.7181,467315.7181
2797,000710.SZ,20200123,40.8,2.5354,4.501,1.08,53.9663,42.2433,6.6064,10.0486,9.1233,0.0,,35460.5865,23051.025,12984.7132,1446791.9292,940481.82
2798,300147.SZ,20200123,11.3,13.8166,22.1714,1.8,132.4375,131.7287,2.1346,2.9848,2.8276,0.2969,0.2969,66147.6335,65140.9714,40593.9588,747468.2586,736092.9768
2799,002753.SZ,20200123,7.42,0.9273,2.0577,1.52,10.0249,23.7744,1.6494,1.0768,0.9811,2.9914,2.9914,37543.7911,20044.2026,9033.28,278574.93,148727.9833
2800,600585.SH,20200123,48.0,1.0878,2.101,1.46,8.5317,7.7283,1.9933,1.981,1.5763,3.5208,3.5208,529930.2579,399970.2579,207083.2565,25436652.3792,19198572.3792
2801,300451.SZ,20200123,19.17,5.6435,7.3765,1.5,66.6775,49.5984,5.6884,10.9906,9.8967,0.1712,0.1712,73975.1425,55004.8114,42082.3282,1418103.4817,1054442.2345
2802,002364.SZ,20200123,12.41,2.3452,3.9573,1.18,91.2746,139.9385,3.2972,7.107,6.8164,0.773,0.773,56356.496,51524.3737,30535.09,699384.1154,639417.4776
2803,300747.SZ,20200123,101.9,4.4803,5.8221,1.64,45.2339,56.1698,8.6937,13.382,10.8982,0.3271,0.3271,19200.0,9840.8137,7572.7376,1956480.0,1002778.916
2804,002501.SZ,20200123,2.0,2.4291,2.9194,1.04,,,0.8775,5.0844,10.6822,0.0,,121483.558,113507.9586,94445.4552,242967.116,227015.9172
2805,300540.SZ,20200123,13.31,1.8215,3.305,0.48,,,2.9617,4.8417,3.5687,0.0,,12471.0,8496.9256,4683.1097,165989.01,113094.0797
2806,002152.SZ,20200123,10.13,2.9963,6.4393,1.18,36.4064,33.5684,2.7343,4.4703,3.889,1.1846,1.1846,240899.3951,239336.0487,111365.8833,2440310.8724,2424474.1733
2807,603260.SH,20200123,27.9,0.804,2.1407,1.36,9.3292,18.4298,3.1716,2.3627,2.8512,2.0993,2.0993,93800.0,36517.8527,13715.9793,2617020.0,1018848.0903
2808,002548.SZ,20200123,8.06,1.6643,2.6882,0.91,,,2.0781,1.2456,1.4056,0.0,,43280.978,39740.0563,24604.5996,348844.6827,320304.8538
2809,000605.SZ,20200123,6.78,0.6069,1.3812,1.28,39.93,43.4799,1.1351,1.5261,1.4901,0.295,0.295,35265.86,27298.7492,11994.0836,239102.5308,185085.5196
2810,601111.SH,20200123,8.25,1.0845,3.8272,1.18,16.3337,16.7336,1.2768,0.8761,0.8749,1.2519,1.2519,1452481.5185,944865.3003,267741.2204,11982972.5276,7795138.7275
2811,600701.SH,20200123,1.89,0.1748,0.2042,0.15,,,,5.8887,,0.0,,103473.5218,77587.8533,66418.5895,195564.9562,146641.0427
2812,002175.SZ,20200123,2.28,3.7387,4.3004,2.13,,,12.7984,6.9439,7.2213,0.0,,75377.8212,75374.8767,65530.2915,171861.4323,171854.7189
2813,600532.SH,20200123,3.37,1.6714,2.4683,1.06,155.6019,,1.0355,0.6582,0.3236,0.0,,51606.572,51606.572,34944.4712,173914.1476,173914.1476
2814,603058.SH,20200123,7.31,1.457,2.8722,1.74,27.4592,27.9968,3.1535,7.0916,6.8917,0.684,0.684,41907.44,22411.04,11368.12,306343.3864,163824.7024
2815,002922.SZ,20200123,14.6,3.3454,5.6886,0.74,47.4488,46.4747,2.1473,1.8132,1.6466,1.0034,1.0034,13515.1475,5802.8986,3412.6886,197321.1535,84722.3196
2816,603786.SH,20200123,66.84,2.5794,2.5794,0.85,55.3461,55.8112,8.6997,9.9959,9.3225,,,40010.0,4010.0,4010.0,2674268.4,268028.4
2817,300424.SZ,20200123,15.71,1.6419,2.1391,1.14,74.9143,63.6228,3.7331,4.9939,3.0638,0.0828,0.0828,23986.7904,19223.273,14754.8842,376832.4772,301997.6188
2818,002533.SZ,20200123,5.16,1.4974,2.0814,1.38,21.9964,17.8406,1.2085,0.6154,0.5388,2.845,2.845,56518.008,51720.7095,37208.9655,291632.9213,266878.861
2819,000761.SZ,20200123,3.73,0.14,0.4446,1.11,13.9462,20.6871,0.7436,0.2881,0.2781,1.3405,1.3405,387537.1532,347537.1532,109426.6438,1445513.5814,1296313.5814
2820,002150.SZ,20200123,6.43,1.096,2.5225,0.8,18.9189,16.0253,1.8094,1.7035,1.5435,1.7945,1.7945,35651.7053,35508.7703,15427.7496,229240.4651,228321.393
2821,600243.SH,20200123,3.57,2.6635,5.9042,1.62,,,1.0751,2.052,2.1269,0.0,,43885.0,43885.0,19797.08,156669.45,156669.45
2822,300759.SZ,20200123,58.6,3.9828,3.9828,1.06,137.228,106.53,6.1574,16.0073,13.3037,0.1866,0.1866,79438.7462,6563.0,6563.0,4655110.5273,384591.8
2823,600054.SH,20200123,8.7,1.1932,2.8262,1.83,10.8935,12.7509,1.4628,3.9147,3.8009,1.5172,1.5172,72937.944,51330.0,21670.425,634560.1128,446571.0
2824,002271.SZ,20200123,27.17,1.5923,2.9341,0.95,26.801,20.6231,4.5999,2.8779,2.2915,1.0899,1.0899,148773.5509,99060.9194,53758.4095,4042177.378,2691485.1801
2825,002823.SZ,20200123,11.28,7.1878,11.5276,1.19,28.773,90.5778,2.7312,1.9549,1.6253,2.2977,2.2977,28937.2016,15547.6225,9694.4211,326411.634,175377.1818
2826,600643.SH,20200123,9.09,1.8233,3.2326,1.74,12.7307,10.8196,1.4049,15.5449,8.5718,1.3201,1.3201,162192.2452,143405.8576,80886.0316,1474327.5089,1303559.2456
2827,600875.SH,20200123,8.88,0.8222,1.6051,1.73,24.534,21.9137,0.9397,0.9316,0.9057,1.2263,1.2263,311879.213,199690.0368,102288.3605,2769487.4114,1773247.5268
2828,002299.SZ,20200123,20.95,1.7175,3.9644,0.92,17.2483,7.6227,3.552,2.2488,1.8814,4.7733,11.9332,123948.0517,111090.0,48127.3186,2596711.6831,2327335.5
2829,002806.SZ,20200123,13.59,1.54,2.607,1.05,30.6476,41.0205,1.9019,3.6851,3.3208,0.5887,0.5887,17623.9202,9764.3134,5767.9996,239509.0755,132697.0191
2830,000020.SZ,20200123,10.22,1.102,3.2265,1.91,878.2664,468.7081,8.8406,4.5427,4.1573,0.0,,28316.1227,18116.5391,6187.5497,289390.774,185151.0296
2831,600257.SH,20200123,3.97,1.259,1.6088,1.85,108.1843,2161.7611,1.462,1.7854,1.6634,0.0,,48123.7188,48123.7188,37660.5977,191051.1636,191051.1636
2832,600276.SH,20200123,87.99,0.5373,0.884,0.85,95.7208,79.6066,16.8082,22.3427,17.7666,0.2084,0.2084,442281.4197,441094.3193,268112.6186,38916342.1194,38811889.1552
2833,002114.SZ,20200123,7.15,0.9208,1.7116,1.16,,,1.4974,2.1531,1.4202,0.0,,32339.5267,32337.3742,17397.1315,231227.6159,231212.2255
2834,002301.SZ,20200123,12.55,0.9718,2.0342,1.12,48.0364,39.1733,2.6804,2.172,1.5779,2.0517,2.0517,73402.0099,64047.852,30597.8523,921195.2242,803800.5426
2835,300094.SZ,20200123,4.04,0.9251,1.9386,1.08,15.8966,161.6513,1.317,0.7761,0.73,0.7426,0.7426,91011.8815,74918.5766,35752.9305,367688.0013,302671.0495
2836,600299.SH,20200123,10.87,0.2895,0.8014,1.18,31.4775,28.3467,2.1509,2.5532,2.6016,2.5391,2.5391,268190.1273,268190.1273,96877.6851,2915226.6838,2915226.6838
2837,002887.SZ,20200123,15.42,2.2505,2.6721,1.07,21.0112,17.3019,1.7311,6.2776,5.2122,0.9977,0.9977,20800.0,6674.083,5621.001,320736.0,102914.3599
2838,300573.SZ,20200123,77.84,2.6514,3.6295,0.64,469.7642,221.1578,11.4795,14.8801,12.7233,0.3212,0.3212,8243.0,5985.95,4372.7699,641635.12,465946.348
2839,002713.SZ,20200123,6.48,0.4841,1.3996,0.99,10.7605,77.5716,3.2224,0.6468,0.6721,8.502,8.502,41953.698,40133.4349,13882.4006,271859.963,260064.6582
2840,000963.SZ,20200123,20.85,1.3009,3.1145,0.48,16.0917,13.6578,3.1285,1.1898,1.0398,1.3189,1.3189,174980.9548,174978.4303,73084.6146,3648352.9076,3648300.2718
2841,600715.SH,20200123,3.3,1.185,2.1664,1.45,,,0.9556,2.9345,2.9662,0.0,,185485.35,128419.96,70243.5304,612101.655,423785.868
2842,000666.SZ,20200123,10.37,1.623,4.2346,1.31,9.6456,11.6929,0.8423,0.9716,1.1719,0.4822,0.4822,70413.0,29351.8766,11249.6027,730182.81,304378.9603
2843,002511.SZ,20200123,12.94,1.5699,3.1881,1.81,41.6151,31.8371,4.4093,2.9827,2.6392,0.1758,0.1758,130889.1273,126512.6421,62296.5674,1693705.3073,1637073.5888
2844,000758.SZ,20200123,5.0,3.4765,5.2476,0.72,82.2455,,1.8965,0.6652,0.7735,0.3,0.3,196937.8424,196918.9481,130457.6249,984689.212,984594.7405
2845,000507.SZ,20200123,5.79,0.7989,1.0855,1.08,31.9169,31.3759,1.0222,2.0601,1.6392,0.7328,0.7328,93042.4895,77214.3777,56821.983,538716.0142,447071.2469
2846,600300.SH,20200123,2.94,1.2661,2.0814,1.95,75.9558,82.8651,1.8394,0.9767,0.9631,0.0,,167200.0,167200.0,101707.7016,491568.0,491568.0
2847,000609.SZ,20200123,4.81,2.3618,3.3278,0.67,,,1.0017,48.8076,44.5474,0.0,,29926.5522,29197.3722,20721.5419,143946.7161,140439.3603
2848,601919.SH,20200123,4.75,0.5741,1.4241,1.58,47.3427,23.4458,1.8904,0.4819,0.3874,0.0,,1225952.9227,763567.4357,307807.9713,5823276.3828,3626945.3196
2849,300555.SZ,20200123,8.88,2.6566,5.7172,0.89,173.157,,2.7876,5.2421,6.6291,0.0,,20000.0,14107.1609,6555.2074,177600.0,125271.5888
2850,300388.SZ,20200123,10.71,1.9608,4.5948,1.04,25.5766,23.4802,2.1767,1.7926,1.7528,0.9177,0.9177,67058.7008,54948.7723,23449.3913,718198.6856,588501.3513
2851,002848.SZ,20200123,12.34,6.2158,6.3219,0.66,,,3.2294,2.6078,3.5607,0.0,,16715.0,8847.7825,8699.23,206263.1,109181.6361
2852,002221.SZ,20200123,8.02,2.5607,3.7995,3.29,12.2689,11.153,1.4365,0.2703,0.2564,0.4467,0.4467,164978.2824,151759.1794,102278.2484,1323125.8248,1217108.6188
2853,300765.SZ,20200123,35.62,4.3005,4.3005,1.16,31.8263,26.7394,3.0361,5.7447,5.486,0.0,,20000.0,5000.0,5000.0,712400.0,178100.0
2854,300375.SZ,20200123,3.52,3.5551,4.0652,1.56,22.2759,25.7651,1.2155,1.8074,1.5992,0.9104,0.9104,74874.3376,43771.8275,38279.3281,263557.6684,154076.8328
2855,002316.SZ,20200123,8.38,10.3666,12.158,0.72,32.9347,43.3519,3.6069,0.8401,0.765,0.179,0.179,39312.0,29341.3643,25018.0193,329434.56,245880.6328
2856,603305.SH,20200123,51.91,29.9325,29.9325,0.99,70.8003,104.0544,14.412,18.9808,19.8433,0.5009,0.5009,40060.2423,6326.5919,6326.5919,2079527.1778,328413.3855
2857,300394.SZ,20200123,37.79,2.8675,6.3948,1.02,55.4592,44.0577,6.6482,16.9715,14.9769,0.9528,0.9528,19890.191,17574.906,7880.8379,751650.3179,664155.6977
2858,300564.SZ,20200123,34.0,9.4006,9.4006,1.07,28.4439,25.4343,3.422,4.04,3.9283,,,10000.0,2500.0,2500.0,340000.0,85000.0
2859,601009.SH,20200123,8.27,0.5697,0.9332,1.46,6.3351,5.6627,0.9401,2.5596,2.2152,4.74,4.74,848220.7924,848220.7924,517790.816,7014785.9531,7014785.9531
2860,002195.SZ,20200123,3.16,2.6746,3.4387,1.26,13.3356,17.9086,1.8247,4.8317,5.1778,0.7303,0.7303,577042.7743,566191.7619,440381.8735,1823455.1668,1789165.9676
2861,002573.SZ,20200123,6.3,0.8943,1.6386,1.6,12.9773,19.3264,1.3985,1.6665,2.1239,1.5873,1.5873,108127.21,107852.5625,58865.4055,681201.423,679471.1438
2862,002470.SZ,20200123,2.56,1.8983,3.5154,1.2,19.9608,,0.7686,0.5434,1.5689,0.0,,328602.7742,283655.733,153173.9832,841223.102,726158.6765
2863,300656.SZ,20200123,23.6,6.6429,11.064,1.54,43.7207,65.1186,4.9878,8.5092,9.0958,0.5778,0.5778,9900.0,5113.6224,3070.2551,233640.0,120681.4886
2864,300477.SZ,20200123,7.31,2.7236,2.9851,0.78,119.2914,351.1147,2.9892,3.0331,3.439,0.1912,0.1912,83297.5698,47967.4098,43766.0233,608905.2352,350641.7656
2865,002315.SZ,20200123,22.81,8.9118,11.2026,1.23,95.201,35.4502,2.6555,6.1248,5.5495,2.192,2.192,23500.0,11739.0322,9338.55,536035.0,267767.3245
2866,603801.SH,20200123,22.68,2.8657,3.0078,1.05,18.5608,16.7508,2.7611,2.0819,1.9064,2.6883,2.6883,22333.336,11455.8728,10914.736,506520.0605,259819.1951
2867,600282.SH,20200123,3.23,0.5069,0.8935,1.08,3.5695,4.8564,0.8662,0.3278,0.3061,9.2781,9.2781,442954.3457,442954.3457,251302.4008,1430742.5366,1430742.5366
2868,600741.SH,20200123,26.7,0.4894,1.1741,0.93,10.4866,12.7736,1.7497,0.5356,0.5847,3.9326,3.9326,315272.3984,315272.3984,131406.0855,8417773.0373,8417773.0373
2869,300558.SZ,20200123,73.29,1.5031,3.2626,1.02,176.1754,135.0599,12.3969,24.0075,19.0837,0.1501,0.1501,40100.0,37937.5817,17477.9499,2938929.0,2780445.3628
2870,000707.SZ,20200123,3.18,0.7925,1.0583,1.11,10.8732,217.5312,9.0,0.3915,0.5307,0.0,,46414.5765,46414.4265,34758.1055,147598.3533,147597.8763
2871,603138.SH,20200123,25.45,16.5599,16.5599,0.78,98.9798,117.3476,11.7862,9.985,10.039,0.3087,0.3087,21060.984,6713.588,6713.588,536002.0428,170860.8146
2872,002423.SZ,20200123,8.9,0.9278,2.8477,1.37,,31.9025,1.2615,19.9955,33.8297,0.0,,230410.5575,50298.6577,16387.143,2050653.9618,447658.0535
2873,600838.SH,20200123,5.88,1.0501,1.4291,1.7,23.9085,23.6781,1.8199,33.2782,34.8895,1.2585,1.2585,40088.1981,40088.1981,29455.6988,235718.6048,235718.6048
2874,002305.SZ,20200123,1.99,1.523,3.2356,3.87,40.9168,40.8045,0.7726,0.8561,0.5506,2.5126,2.5126,173421.577,173173.5031,81514.9866,345108.9382,344615.2712
2875,300769.SZ,20200123,135.97,9.1824,9.1824,1.04,59.2372,57.9813,6.3731,5.5162,5.7916,0.7355,0.7355,4274.5652,1069.0,1069.0,581212.6302,145351.93
2876,002833.SZ,20200123,44.88,1.4373,2.2777,0.85,22.4544,22.068,4.4714,5.0828,4.8588,0.6631,0.6631,13527.95,7651.8575,4828.4875,607134.396,343415.3646
2877,603116.SH,20200123,6.45,0.2927,0.7028,1.24,18.9564,48.3031,1.0855,1.222,1.2669,2.7358,2.7358,57620.08,57620.08,23996.2792,371649.516,371649.516
2878,000060.SZ,20200123,4.06,1.0067,1.4869,1.88,15.7542,18.4335,1.3508,0.726,0.7128,1.9704,1.9704,356968.5327,356823.7689,241597.7766,1449292.2428,1448704.5017
2879,300641.SZ,20200123,4.88,6.5023,10.2149,1.96,39.5985,76.8799,1.8084,1.9754,1.9726,0.8139,0.8139,48960.0,22338.0,14219.304,238924.8,109009.44
2880,002367.SZ,20200123,8.42,7.8736,9.8909,3.38,431.9742,43.3585,2.2955,2.1722,1.8962,6.2532,6.2532,79765.2687,52428.1658,41735.3831,671623.5625,441445.156
2881,002422.SZ,20200123,25.0,2.0084,2.3047,0.97,29.6754,32.6087,2.6863,2.2013,2.1077,0.8336,0.8336,143978.606,103342.5419,90059.8112,3599465.15,2583563.5475
2882,300505.SZ,20200123,21.55,3.0454,3.6252,1.22,33.7934,28.0617,2.384,2.2435,1.9442,0.6497,0.6497,10052.6122,5196.2652,4365.1756,216633.7929,111979.5151
2883,300440.SZ,20200123,8.91,1.5829,3.4806,0.53,37.8992,33.0323,3.2783,7.6824,6.6968,0.5214,0.5214,44800.0,44186.6106,20095.3134,399168.0,393702.7004
2884,002001.SZ,20200123,23.57,1.0278,2.0223,1.14,16.4488,22.5348,3.0893,5.8323,6.5521,2.9699,2.9699,214866.23,212148.1363,107822.8326,5064397.0411,5000331.5726
2885,603007.SH,20200123,6.85,0.87,2.3722,1.16,23.1069,29.3418,2.0235,1.8263,2.04,0.4381,0.4381,33709.38,33337.5,12227.2812,230909.253,228361.875
2886,002266.SZ,20200123,4.57,1.2796,1.3681,0.66,82.3224,103.3845,2.7064,8.1936,8.2735,0.2188,0.2188,197871.9849,163754.8918,153154.5002,904274.971,748359.8555
2887,300585.SZ,20200123,15.81,6.4899,7.8105,0.8,56.7223,77.1702,5.2094,7.2498,6.9665,0.0,,16000.0,9149.8,7602.8,252960.0,144658.338
2888,601717.SH,20200123,6.51,1.7577,2.7098,1.14,13.5502,9.3465,0.9211,0.4336,0.4374,2.2273,2.2273,173247.137,148312.5419,96203.7619,1127838.8619,965514.6478
2889,603030.SH,20200123,5.86,1.0085,1.6976,0.84,12.1067,10.7566,1.4979,0.4836,0.4245,0.334,0.334,53815.2633,53579.9433,31832.1432,315357.4429,313978.4677
2890,300735.SZ,20200123,26.24,6.7134,6.7134,1.06,44.2665,30.0634,6.0015,7.5708,4.804,0.8795,0.8795,46108.4,16580.1411,16580.1411,1209884.416,435062.9025
2891,600699.SH,20200123,21.73,3.3371,5.6751,1.16,20.399,27.9298,2.0518,0.4786,0.4297,0.0,,123726.3065,123726.3065,72754.5324,2688572.6402,2688572.6402
2892,300474.SZ,20200123,64.02,6.3965,8.6742,1.19,135.5535,115.7238,8.3575,48.5565,39.379,0.2813,0.2813,30127.3134,14320.421,10560.0621,1928750.6039,916793.3524
2893,300473.SZ,20200123,43.0,0.9314,1.8563,0.77,36.333,115.0058,2.2124,1.2756,1.2553,0.6473,0.6473,11334.3284,11232.8921,5636.3404,487376.1212,483014.3603
2894,002417.SZ,20200123,6.71,4.1062,4.7465,1.25,,,7.967,9.9719,6.7281,0.0,,27000.0,22945.5967,19850.1793,181170.0,153964.9539
2895,600928.SH,20200123,6.87,4.6544,4.6544,1.89,12.9293,11.4143,1.2927,5.1096,4.4607,2.329,2.329,444444.4445,44444.4445,44444.4445,3053333.3337,305333.3337
2896,002902.SZ,20200123,23.39,11.2406,12.5926,1.17,190.7087,233.0994,4.6156,3.061,3.404,0.1425,0.1425,21000.0,10841.25,9677.2451,491190.0,253576.8375
2897,300640.SZ,20200123,7.61,2.9503,3.0208,1.26,41.7959,30.9023,5.1884,3.0146,2.7378,1.75,1.75,22086.4,7936.2525,7751.1175,168077.504,60394.8815
2898,600104.SH,20200123,22.61,0.2131,0.7408,0.97,7.336,9.0686,1.08,0.2976,0.3313,5.5728,5.5728,1168346.1365,1168346.1365,336043.2487,26416306.1463,26416306.1463
2899,300319.SZ,20200123,12.33,7.7654,11.0386,1.9,65.2715,77.4393,4.0938,5.1419,5.1811,0.0,,69711.9971,64813.5389,45594.4915,859548.9242,799150.9346
2900,601989.SH,20200123,5.04,0.4255,0.9172,1.73,170.8238,239.6026,1.3712,2.5835,2.96,0.1792,0.1792,2280203.5324,1828390.7147,848331.7529,11492225.8033,9215089.2021
2901,688101.SH,20200123,21.55,9.8773,9.8773,0.73,39.6815,26.5568,2.3238,12.197,10.0596,,,33388.0,7660.0487,7660.0487,719511.4,165074.0495
2902,000589.SZ,20200123,4.39,1.894,2.5366,1.75,38.6091,22.1518,0.961,0.4988,0.5242,0.0,,77546.4304,77538.8237,57894.3335,340428.8295,340395.436
2903,600352.SH,20200123,13.37,2.0746,2.8007,1.72,10.5797,9.0337,1.8416,2.2802,2.0584,1.8296,1.8296,325333.186,325333.186,240994.5081,4349704.6968,4349704.6968
2904,600706.SH,20200123,8.11,1.566,3.3777,1.89,22.9572,26.7871,1.5611,1.299,1.2975,0.4624,0.4624,21541.161,21349.041,9897.9289,174698.8157,173140.7225
2905,000669.SZ,20200123,3.12,2.5362,4.5532,2.23,,,0.9301,0.4793,0.5046,0.0,,68040.8797,66644.5749,37121.3375,212287.5447,207931.0737
2906,600477.SH,20200123,3.49,1.9694,3.4371,1.1,13.2335,17.023,2.2469,1.2154,1.1468,2.3823,2.3823,215373.7411,215359.2409,123397.3745,751654.3564,751603.7507
2907,000928.SZ,20200123,4.47,0.8647,1.2222,1.28,12.7388,12.169,1.1987,0.6714,0.4354,2.6846,2.6846,125666.2942,80638.4679,57053.871,561728.3351,360453.9515
2908,002969.SZ,20200123,9.68,12.8012,12.8012,0.48,53.2666,50.9012,4.677,3.1149,3.4427,,,95263.0735,9526.31,9526.31,922146.5515,92214.6808
2909,600482.SH,20200123,19.28,0.5117,0.7023,1.31,24.2512,30.8736,1.2489,1.1017,1.0377,0.0,,169499.5962,86982.8568,63384.3249,3267952.2147,1677029.4791
2910,603713.SH,20200123,38.98,2.5624,3.8905,1.28,45.6403,35.1,4.2419,3.3811,2.5615,0.3286,0.3286,15473.6984,6802.4094,4480.2351,603164.7636,265157.9184
2911,000791.SZ,20200123,3.51,0.6835,1.8249,1.73,9.8354,9.9426,0.7379,2.0695,2.0136,3.0525,3.0525,135957.668,135952.943,50919.7703,477211.4147,477194.8299
2912,600373.SH,20200123,14.37,2.402,5.429,1.48,12.0265,11.5509,1.4598,1.6914,1.7402,3.5136,3.5136,135506.3719,135506.3719,59952.2687,1947226.5642,1947226.5642
2913,300029.SZ,20200123,6.0,3.4451,4.4109,1.04,,,14.4698,125.3053,94.6109,0.0,,20000.0,20000.0,15621.1394,120000.0,120000.0
2914,002637.SZ,20200123,10.2,2.8163,3.9826,0.92,24.2107,16.4003,1.6826,0.6103,0.639,0.9822,0.9822,42268.0,37284.7415,26366.0615,431133.6,380304.3633
2915,600563.SH,20200123,54.22,1.4536,2.8087,1.21,26.9986,28.2845,4.9437,7.0869,7.5123,2.3976,2.3976,22500.0,22500.0,11644.3076,1219950.0,1219950.0
2916,603630.SH,20200123,14.05,5.5129,5.5829,0.83,25.0484,60.7163,1.8359,3.3039,3.3493,2.811,2.811,22672.0,8129.329,8027.3069,318541.6,114217.0725
2917,002230.SZ,20200123,35.19,3.5105,4.4534,1.7,142.7277,111.0733,6.9034,9.7721,8.4032,0.2842,0.2842,219857.5067,185071.0309,145887.6715,7736785.6608,6512649.5774
2918,300737.SZ,20200123,11.73,3.6558,3.6803,1.38,38.4774,24.3333,2.289,2.302,1.6189,0.4283,0.4283,60772.36,30042.098,29842.0928,712859.7828,352393.8095
2919,600708.SH,20200123,3.24,0.7623,1.5677,2.32,5.0925,7.373,0.6307,0.3523,0.3681,6.1728,6.1728,222863.6743,222527.7771,108205.3348,722078.3047,720989.9978
2920,002941.SZ,20200123,16.25,4.9935,5.1863,1.08,29.6688,145.7393,4.658,1.9586,1.9588,0.8923,0.8923,64500.0,17275.0,16633.0,1048125.0,280718.75
2921,000063.SZ,20200123,39.17,3.217,4.8132,1.02,,37.6012,7.6563,1.9365,1.8199,0.0,,422752.9869,346897.3219,231855.2457,16559234.4969,13587968.0988
2922,600483.SH,20200123,8.58,0.2412,0.8014,1.03,12.6758,10.2787,1.1192,1.4234,1.2997,2.4476,2.4476,155183.3806,155183.3806,46712.8232,1331473.4055,1331473.4055
2923,002331.SZ,20200123,10.28,1.1068,1.4645,1.12,40.0309,36.0008,2.0243,3.3906,3.0351,0.2919,0.2919,41207.2469,33653.1035,25432.4749,423610.4981,345953.904
2924,603869.SH,20200123,11.18,0.5248,1.026,0.99,14.9295,23.2434,1.4513,1.8605,2.0263,2.0152,2.0152,50450.0508,50450.0508,25803.7381,564031.5679,564031.5679
2925,002488.SZ,20200123,6.98,2.9439,3.7245,1.33,43.0025,63.7725,2.6285,2.6071,3.6496,0.0,,101171.7794,76980.5365,60846.1599,706179.0202,537324.1448
2926,002345.SZ,20200123,4.0,0.9418,1.8992,1.02,50.9769,86.461,1.0333,1.115,1.035,0.0,,90541.2707,87869.9215,43572.3832,362165.0828,351479.686
2927,300087.SZ,20200123,13.6,5.3966,12.3482,0.58,85.6593,73.2393,8.3429,6.4291,6.1139,0.217,0.217,43033.0071,39396.9094,17217.7401,585248.8966,535797.9678
2928,600283.SH,20200123,9.7,0.4547,1.3154,1.72,59.0574,,1.873,3.2068,3.0064,0.0,,35299.5758,35299.5758,12202.7125,342405.8853,342405.8853
2929,600063.SH,20200123,3.6,1.1711,1.6908,1.43,53.2901,23.6521,1.3905,1.1837,1.0881,0.6944,0.6944,192589.4692,192589.4692,133392.9574,693322.0891,693322.0891
2930,002961.SZ,20200123,33.17,11.4231,11.4231,0.94,128.6537,122.9951,8.7846,31.3342,18.4912,,,44500.0,4500.0,4500.0,1476065.0,149265.0
2931,002670.SZ,20200123,11.5,1.4335,3.8204,1.32,,,1.9198,11995.1811,14503.2463,0.0,,193508.4653,162290.587,60894.4527,2225347.351,1866341.7505
2932,300519.SZ,20200123,13.8,1.8464,4.0126,1.02,25.0921,24.2609,2.8511,7.9925,7.7365,2.1739,2.1739,16000.0,11410.0,5250.3,220800.0,157458.0
2933,300468.SZ,20200123,38.8,11.8733,17.5793,1.32,106.5625,103.9156,6.7524,15.0302,14.8416,0.3973,0.3973,18896.8261,18628.3084,12581.7871,733196.8527,722778.3659
2934,300123.SZ,20200123,10.22,19.1294,26.0983,1.94,64.5882,51.2425,2.1238,7.2967,5.8528,0.1903,0.1903,100763.0823,57820.9405,42381.246,1029798.7011,590930.0119
2935,603118.SH,20200123,12.98,4.5978,8.9042,1.36,52.3299,29.4738,2.2914,1.2082,1.1917,4.0062,4.0062,77573.3332,77573.3332,40055.8801,1006901.8649,1006901.8649
2936,300781.SZ,20200123,33.35,8.1102,8.1102,0.94,42.9337,49.4143,4.6631,6.6584,7.0182,1.5172,1.5172,8454.142,2113.5355,2113.5355,281945.6357,70486.4089
2937,603021.SH,20200123,8.0,1.0803,1.8986,1.51,129.6139,,1.9506,3.1916,3.2717,0.25,0.25,31994.807,31994.807,18205.4794,255958.456,255958.456
2938,000032.SZ,20200123,14.48,4.3088,10.667,1.51,55.9107,53.9291,4.2125,3.7381,4.1399,0.5525,0.5525,41321.9661,41128.366,16613.138,598342.0691,595538.7397
2939,002575.SZ,20200123,6.43,1.1471,1.7413,1.35,574.7583,,4.0229,208.886,96.6724,0.0,,61872.0,58789.95,38729.25,397836.96,378019.3785
2940,300157.SZ,20200123,3.83,1.3916,1.6517,1.72,89.171,,0.7588,1.8324,2.3908,0.0,,71211.3257,70705.7451,59570.2314,272739.3774,270803.0037
2941,600651.SH,20200123,3.46,2.2272,3.2747,1.19,,,,1.0323,1.0912,0.0,,98522.0002,98522.0002,67008.1607,340886.1207,340886.1207
2942,300538.SZ,20200123,18.0,7.5436,11.4366,1.3,89.7016,82.9148,6.182,2.1066,1.8043,0.4633,0.4633,15162.9768,6047.9575,3989.2589,272933.5824,108863.235
2943,002552.SZ,20200123,21.61,4.1113,9.8432,0.68,230.6562,111.1985,9.9889,21.2892,19.3215,0.0,,30623.2338,20014.8944,8359.7259,661768.0824,432521.868
2944,600082.SH,20200123,3.75,0.8378,1.1131,1.56,165.2862,79.0424,1.4145,3.1006,2.9576,0.0,,64611.5826,63428.9782,47740.3294,242293.4348,237858.6683
2945,002103.SZ,20200123,4.67,5.5303,8.1789,0.81,,,2.4554,1.244,1.3358,0.0,,54562.3431,38579.2327,26085.9595,254806.1423,180165.0167
2946,300609.SZ,20200123,37.9,2.2973,3.1824,0.71,58.4506,49.9713,7.1084,15.3764,12.91,0.65,0.65,10108.9168,5538.1345,3997.7542,383127.9467,209895.2976
2947,002479.SZ,20200123,6.5,1.6412,2.4982,2.04,46.0963,32.0029,1.5071,1.9193,1.6822,0.7727,0.7727,88888.8,88214.422,57950.8862,577777.2,573393.743
2948,002123.SZ,20200123,19.3,9.3726,10.9452,1.62,197.5177,143.3893,3.3437,5.6056,5.5777,0.0,,80410.0735,66236.672,56719.561,1551914.4186,1278367.7696
2949,002049.SZ,20200123,55.84,6.4374,10.4537,1.41,97.3772,79.6704,8.1654,13.7831,10.4693,0.1039,0.1039,60681.7968,60623.2395,37331.8097,3388471.5333,3385201.6937
2950,000565.SZ,20200123,4.98,0.8674,1.4589,1.5,47.7491,33.6886,1.906,3.4207,5.5062,0.261,0.261,43359.222,43359.222,25778.3238,215928.9256,215928.9256
2951,002434.SZ,20200123,9.98,0.9322,2.0235,1.44,38.0343,40.296,2.1865,3.0597,3.0162,1.4723,1.4723,134000.0,117378.7044,54076.13,1337320.0,1171439.4699
2952,000523.SZ,20200123,6.63,2.9292,5.3558,1.56,124.9705,121.1371,2.1309,0.3475,0.3319,0.3017,0.3017,62753.3125,62690.3116,34286.3434,416054.4619,415636.7659
2953,002530.SZ,20200123,15.06,3.2155,7.811,0.83,40.3195,39.6234,2.6993,9.2831,8.2925,0.0,,77919.8175,63688.194,26218.4091,1173472.4516,959144.2016
2954,601238.SH,20200123,10.86,0.2464,1.7089,0.97,10.1977,15.0707,1.4025,1.5547,1.8115,3.0379,3.0379,1023770.7541,608434.088,87740.8811,11118150.3895,6607594.1957
2955,600028.SH,20200123,4.94,0.1156,0.86,1.67,9.4801,12.8927,0.8239,0.2069,0.196,7.6923,7.6923,12107120.9646,9555777.1046,1284854.3653,59809177.5651,47205538.8967
2956,300202.SZ,20200123,10.71,4.5712,8.1216,0.76,,,3.5713,9.4504,9.8638,0.0,,54950.4,42464.7206,23901.0598,588518.784,454797.1576
2957,002348.SZ,20200123,3.08,0.8329,1.2826,0.65,258.5693,,2.2247,3.5139,3.823,0.0,,94720.0,74309.0529,48257.0692,291737.6,228871.8829
2958,603389.SH,20200123,5.04,1.7312,6.0207,1.21,,,1.795,3.1752,3.3386,0.0,,26275.2,26275.2,7555.2,132427.008,132427.008
2959,002132.SZ,20200123,3.04,1.2073,1.7933,2.05,,,1.3896,1.2672,1.1775,1.593,1.593,125649.8403,125247.6439,84324.3594,381975.5145,380752.8375
2960,688020.SH,20200123,103.25,7.6765,7.6765,0.76,70.5047,67.8369,5.5102,30.0684,29.1114,,,8000.0,1920.0,1920.0,826000.0,198240.0
2961,300036.SZ,20200123,24.87,5.9391,6.2608,0.91,66.7015,58.8258,5.4908,7.366,6.7531,0.3016,0.3016,44953.7367,37249.1838,35335.2958,1117999.4317,926387.2011
2962,300756.SZ,20200123,34.54,2.4025,2.4025,1.2,25.6775,31.0932,2.4256,4.8371,4.2113,1.2711,1.2711,7288.7,2357.9856,2357.9856,251751.698,81444.8226
2963,000892.SZ,20200123,5.57,6.0163,6.6726,1.21,16.8324,34.6695,1.5828,4.1131,5.8218,0.0,,98098.0473,53817.6216,48524.6118,546406.1235,299764.1523
2964,603063.SH,20200123,9.27,1.0551,1.0613,1.02,74.3517,60.5761,1.603,3.381,2.0808,0.1618,0.1618,43089.0,25530.0,25381.66,399435.03,236663.1
2965,000659.SZ,20200123,2.53,0.6274,0.8606,1.61,145.2355,,4.771,2.0095,2.1303,0.0,,128570.252,128570.252,93726.8112,325282.7376,325282.7376
2966,300076.SZ,20200123,5.51,2.3795,3.7113,1.23,124.4958,628.3151,2.2926,11.6554,22.1297,0.4283,0.4283,42400.0,36956.553,23694.553,233624.0,203630.607
2967,600658.SH,20200123,4.76,0.2444,0.5755,0.98,12.9907,21.7515,0.8543,2.3829,2.9159,2.8782,2.8782,111858.5045,111858.5045,47507.1475,532446.4814,532446.4814
2968,002697.SZ,20200123,7.26,1.1961,2.1863,1.54,30.5959,20.8781,3.3504,1.3675,1.2912,0.73,0.73,136000.0,107821.0,58988.5,987360.0,782780.46
2969,002376.SZ,20200123,11.74,1.6612,2.4575,1.45,20.5427,23.0529,2.3793,2.9658,3.2592,1.7036,1.7036,66571.2402,64550.8142,43634.1397,781546.3599,757826.5587
2970,300661.SZ,20200123,275.11,4.3452,4.3715,1.05,274.9098,188.2956,28.2566,49.8024,42.4618,0.0976,0.0976,10361.8645,5595.7558,5562.1248,2850652.5426,1539448.3781
2971,002515.SZ,20200123,5.1,3.5158,5.8929,0.82,,180.3617,3.758,11.7005,18.5719,0.0,,97831.328,82108.1707,48986.6155,498939.7728,418751.6706
2972,002906.SZ,20200123,13.62,6.0932,16.6937,2.23,387.3457,139.7484,1.8744,1.8576,1.8825,0.0,,47310.0,20224.8648,7382.04,644362.2,275462.6586
2973,600093.SH,20200123,13.95,2.7355,8.1365,1.02,19.237,17.1378,1.9925,1.1556,1.4978,0.0,,112244.75,112244.75,37737.4858,1565814.2625,1565814.2625
2974,603879.SH,20200123,9.32,2.6259,3.4527,0.61,49.9219,79.1774,3.5864,3.071,3.9355,0.5285,0.5285,20041.2,11221.2,8534.21,186783.984,104581.584
2975,300363.SZ,20200123,15.76,2.0939,3.77,1.01,68.7077,52.6182,2.8497,7.2191,5.983,0.2936,0.2936,54274.7533,42761.6852,23750.9801,855370.112,673924.1588
2976,600754.SH,20200123,26.05,0.99,3.1026,0.92,23.0533,23.0252,1.9176,1.6979,1.6611,2.3033,2.3033,95793.644,80193.644,25588.6616,2495424.4262,2089044.4262
2977,600277.SH,20200123,4.13,0.9943,1.9093,1.46,14.6769,11.3803,0.7417,0.6512,0.8078,2.0581,2.0581,273894.0149,267400.5085,139258.8682,1131182.2815,1104364.1001
2978,300240.SZ,20200123,6.13,1.3508,2.7486,1.49,151.5746,,2.0356,0.7006,0.6991,0.3263,0.3263,36555.975,36503.5204,17940.3101,224088.1268,223766.5801
2979,300116.SZ,20200123,1.78,4.8847,6.0068,2.37,,,,1.0832,4.8795,0.0,,243252.4564,196945.487,160156.4874,432989.3724,350562.9669
2980,300365.SZ,20200123,13.28,2.2694,2.9788,1.29,29.6196,27.6299,4.1452,6.7957,6.9827,0.3499,0.3499,60583.8969,34351.9893,26170.425,804554.1508,456194.4179
2981,600035.SH,20200123,3.27,0.9303,2.3203,2.17,12.457,11.7473,0.8605,1.803,1.9811,3.4338,3.4338,169292.7321,152531.8247,61156.8693,553587.234,498779.0668
2982,002336.SZ,20200123,5.59,0.9929,3.2987,3.62,,,1.8826,0.3025,0.3179,0.0,,44000.0,37317.5,11232.09,245960.0,208604.825
2983,600847.SH,20200123,10.75,0.5506,0.7162,1.24,,,2.4141,2.8367,2.8861,0.0,,15328.74,15328.74,11784.2814,164783.955,164783.955
2984,000415.SZ,20200123,3.46,0.6299,1.1962,1.85,9.3881,11.1171,0.5567,0.5182,0.5604,0.0,,618452.1282,354739.6604,186798.5237,2139844.3636,1227399.225
2985,300192.SZ,20200123,13.79,8.0932,10.7226,1.28,119.4491,56.336,4.1628,3.486,3.5394,0.0,,24255.0,17236.4189,13009.8019,334476.45,237690.2166
2986,300693.SZ,20200123,17.33,14.8181,14.8181,1.61,48.9179,52.8042,3.7049,4.4642,4.2801,0.577,0.577,13685.0329,7042.047,7042.047,237161.6202,122038.6745
2987,002005.SZ,20200123,1.85,1.5299,1.8482,1.97,,,1.5488,0.8159,0.9845,0.0,,176472.0,169189.7655,140051.4155,326473.2,313001.0662
2988,002151.SZ,20200123,26.75,8.4478,11.4127,1.6,122.8742,234.4516,3.3508,4.2954,4.5816,0.262,0.262,48992.5027,36694.7494,27162.0423,1310549.4472,981584.5465
2989,300393.SZ,20200123,16.49,4.8501,6.4186,1.5,47.0955,27.7341,2.2315,2.2,1.7585,1.6278,1.6278,35912.492,18013.9112,13611.7897,592196.9931,297049.3957
2990,002859.SZ,20200123,38.62,3.5664,3.5664,1.44,36.2593,59.8338,6.3073,7.6135,10.3446,0.8804,0.8804,25847.0,10957.0253,10957.0253,998211.14,423160.3171
2991,000557.SZ,20200123,3.18,0.3963,0.7231,1.44,31.4709,61.1662,0.9388,6.0946,5.6373,0.0,,145837.4735,145791.6198,79893.2347,463763.1657,463617.351
2992,002059.SZ,20200123,4.75,0.5989,1.3314,1.08,9.8695,8.774,2.061,2.1276,1.7596,1.0181,1.0181,101243.4813,73079.2576,32874.959,480906.5362,347126.4736
2993,002793.SZ,20200123,14.68,6.9496,13.2665,1.05,47.424,71.6187,5.4695,5.6449,4.8856,1.1445,1.1445,35970.4432,23766.0888,12449.7274,528046.1062,348886.1836
2994,688025.SH,20200123,49.55,15.7216,15.7216,1.06,49.0233,56.8955,2.9303,6.8695,7.6794,,,9236.8576,2110.0684,2110.0684,457686.2941,104553.8892
2995,002741.SZ,20200123,12.6,2.5935,3.3592,0.71,35.036,124.2387,3.8999,3.1018,2.9913,0.6746,0.6746,37423.5028,22209.9508,17147.5568,471536.1353,279845.3801
2996,600844.SH,20200123,4.63,0.704,0.9126,1.45,2288.3053,,2.4776,3.2838,4.3049,0.0,,101652.424,82273.0634,63462.9984,470650.7231,380924.2835
2997,600033.SH,20200123,3.03,0.2871,0.6229,1.7,11.3366,10.5134,0.8691,3.123,2.9886,4.9505,4.9505,274440.0,274440.0,126491.9499,831553.2,831553.2
2998,300498.SZ,20200123,32.68,0.8954,0.9395,1.67,43.8618,24.3022,4.6684,3.0327,2.6834,2.4485,2.4485,531150.9547,402093.8943,383223.159,17358013.1996,13140428.4657
2999,601168.SH,20200123,6.49,1.5116,2.1592,0.95,,,1.582,0.5386,0.5042,0.0,,238300.0,238300.0,166829.1502,1546567.0,1546567.0
3000,600037.SH,20200123,9.13,1.238,1.9783,1.1,18.304,20.4962,0.9543,4.6627,4.6411,1.9715,1.9715,139177.7884,139177.7884,87092.4892,1270693.2081,1270693.2081
3001,601689.SH,20200123,22.99,2.1467,6.4547,1.13,32.1965,51.2132,3.3428,4.0532,4.5819,1.2359,1.2359,105498.7749,104843.1391,34868.9811,2425416.835,2410343.7679
3002,002265.SZ,20200123,8.49,1.1062,2.6507,1.23,,,3.0684,3.5272,3.9121,0.0,,31856.6172,30405.5131,12688.9072,270462.68,258142.8062
3003,601608.SH,20200123,3.78,0.4802,1.4675,1.41,154.5125,122.6915,2.2649,3.1541,3.1031,0.082,0.082,433941.9293,433941.9293,142009.7299,1640300.4928,1640300.4928
3004,000801.SZ,20200123,5.27,0.5921,1.1447,1.35,60.714,90.1421,2.2654,1.4204,1.6633,0.3795,0.3795,102280.6646,102280.6646,52908.3738,539019.1024,539019.1024
3005,601021.SH,20200123,39.17,0.9192,2.4774,1.03,23.8936,19.8465,2.4166,2.7382,2.4766,0.5107,0.5107,91672.7713,91646.2713,34001.7702,3590822.4518,3589784.4468
3006,600862.SH,20200123,11.15,1.2591,3.7412,1.22,51.0835,37.8757,3.9068,5.8551,5.5947,0.9865,0.9865,139304.9107,139304.9107,46883.7339,1553249.7543,1553249.7543
3007,300159.SZ,20200123,3.82,1.8802,2.2229,1.36,19.1505,67.7274,0.8455,3.029,4.1905,0.543,0.543,149036.0202,109284.2052,92437.7505,569317.5972,417465.6639
3008,000034.SZ,20200123,22.76,6.0265,8.3485,1.27,29.0523,21.9505,3.5489,0.1819,0.1627,1.1039,1.1039,65407.0434,48547.5941,35044.4994,1488664.3078,1104943.2417
3009,300291.SZ,20200123,5.65,1.5608,2.9598,1.02,,,1.5034,7.3368,6.789,0.0,,81746.1176,70836.1939,37352.8526,461865.5644,400224.4955
3010,000546.SZ,20200123,9.31,0.9846,1.5657,1.14,17.7603,16.3209,1.6408,0.8344,0.8387,0.5371,0.5371,71464.4396,66793.612,42001.1577,665333.9327,621848.5277
3011,002169.SZ,20200123,6.92,4.4651,5.9108,1.12,69.0742,139.8431,2.0119,2.0169,2.2716,0.8473,0.8473,78779.1994,76017.197,57424.3291,545152.0598,526039.0032
3012,002563.SZ,20200123,9.33,0.2998,0.8036,1.21,14.8659,14.5609,2.1783,1.6017,1.3102,3.7532,3.7532,269853.61,184851.0367,68960.027,2517734.1813,1724660.1724
3013,002264.SZ,20200123,4.63,1.1394,2.6028,1.58,185.1915,,2.2256,0.4627,0.517,0.0,,68456.388,67940.7963,29741.2309,316953.0764,314565.8869
3014,600000.SH,20200123,11.35,0.2723,0.4988,2.2,5.9582,5.6551,0.6746,1.9421,1.7471,3.0837,3.0837,2935208.0397,2810376.3899,1534472.4887,33314611.2506,31897772.0254
3015,601901.SH,20200123,8.04,0.852,1.7443,1.17,100.0749,51.6367,1.7122,11.5658,9.48,0.3229,0.3229,823210.1395,823210.1395,402085.1679,6618609.5216,6618609.5216
3016,002412.SZ,20200123,8.65,1.5885,2.7051,0.86,29.5023,26.463,2.9587,4.7212,4.9391,0.0,,50320.0,48930.25,28732.6311,435268.0,423246.6625
3017,601777.SH,20200123,2.73,1.62,3.1218,0.98,14.1777,,0.7428,0.3257,0.3819,0.0,,131375.7579,128582.6279,66728.3623,358655.8191,351030.5742
3018,000610.SZ,20200123,7.95,3.1049,4.2802,1.11,19.5505,18.3978,2.1678,2.1247,2.0539,0.2893,0.2893,23674.7901,23527.7769,17067.5624,188214.5813,187045.8264
3019,300497.SZ,20200123,19.47,6.7924,7.8949,1.33,27.3243,22.3505,4.0946,4.5733,4.2977,0.8311,0.8311,27327.8118,19365.5208,16661.1322,532072.4957,377046.69
3020,002229.SZ,20200123,7.07,3.882,4.698,1.22,685.0504,544.6808,2.1129,4.9931,5.4453,0.4243,0.4243,49834.4263,41028.4796,33902.1011,352329.3939,290071.3508
3021,601918.SH,20200123,3.04,1.1625,2.1169,1.59,30.1353,13.2453,1.2879,0.9,0.8547,0.3289,0.3289,259054.18,259054.18,142263.8996,787524.7072,787524.7072
3022,002538.SZ,20200123,4.57,1.0812,1.7632,1.58,10.9344,10.4358,0.8994,1.0496,0.9977,2.1882,2.1882,71812.6381,69846.9106,42832.6806,328183.7561,319200.3814
3023,603053.SH,20200123,17.74,11.838,11.838,0.79,36.8956,35.2949,4.5507,3.5605,3.2633,,,88889.0,8889.0,8889.0,1576890.86,157690.86
3024,603679.SH,20200123,46.7,5.1603,5.969,1.53,67.5678,45.9947,7.1347,9.0537,7.0438,0.2098,0.2098,10207.0,4048.0659,3499.6506,476666.9,189044.6775
3025,603516.SH,20200123,45.52,4.2102,6.8916,1.2,70.1741,52.749,7.3258,21.6345,16.7017,0.6591,0.6591,13096.538,8827.658,5392.978,596154.4098,401834.9922
3026,600771.SH,20200123,15.27,2.2532,3.1936,2.12,20.082,23.3365,3.0912,4.6411,5.1766,0.0,,49199.9697,49199.9697,34712.7107,751283.5373,751283.5373
3027,000962.SZ,20200123,6.81,1.332,2.4577,1.24,100.4531,69.4782,2.6183,2.7405,4.1165,0.0,,44083.2644,44083.106,23891.426,300207.0306,300205.9519
3028,002920.SZ,20200123,34.4,3.8402,3.8402,0.95,45.4675,85.7367,4.7206,3.498,3.8666,0.5814,0.5814,55000.0,12235.0,12235.0,1892000.0,420884.0
3029,002652.SZ,20200123,3.73,0.8729,1.667,1.1,48.2269,635.7414,2.5082,0.697,0.8326,0.0,,51206.4,44713.6485,23414.6405,190999.872,166781.9089
3030,603081.SH,20200123,13.4,5.7665,5.7665,1.12,23.4111,20.8983,2.9123,2.9992,2.6854,0.8955,0.8955,40180.4928,7773.1178,7773.1178,538418.6035,104159.7785
3031,002847.SZ,20200123,40.41,7.4655,7.4655,0.82,73.5839,49.3305,6.6206,4.6848,3.8873,0.478,0.478,12840.0,3606.8538,3606.8538,518864.4,145752.9621
3032,300185.SZ,20200123,1.78,0.7038,0.8077,1.5,26.7827,24.9447,1.1056,1.6454,1.5667,1.1236,1.1236,326774.3928,272165.3644,237165.0746,581658.4192,484454.3486
3033,600066.SH,20200123,15.78,1.1549,1.9619,0.8,15.1797,14.385,2.1976,1.1005,1.0512,3.1686,3.1686,221393.9223,221393.9223,130319.6908,3493596.0939,3493596.0939
3034,000068.SZ,20200123,3.83,1.3821,2.6091,2.02,,,8.5494,18.7255,22.8022,0.0,,100667.1464,100667.1464,53327.2786,385555.1707,385555.1707
3035,603026.SH,20200123,34.03,8.0171,12.6524,2.23,33.5804,20.3908,3.8222,1.2937,1.3694,1.7632,1.7632,20268.0,20268.0,12842.6976,689720.04,689720.04
3036,002079.SZ,20200123,12.96,13.1308,20.0076,1.11,99.7827,86.109,5.6173,5.0042,4.7408,0.2315,0.2315,72797.1487,72613.4008,47655.6579,943451.0472,941069.6744
3037,600458.SH,20200123,6.76,1.0155,2.022,1.21,,,1.1577,0.4524,0.4647,0.5917,0.5917,80279.8152,80279.8152,40320.222,542691.5508,542691.5508
3038,002318.SZ,20200123,8.97,3.0803,5.2672,1.97,24.8606,15.8599,2.4307,1.8579,1.7319,3.3445,3.3445,84153.7803,81774.7748,47822.7226,754859.4093,733519.73
3039,000823.SZ,20200123,13.5,7.2955,10.4686,1.22,26.8639,24.7364,2.0948,1.467,1.4923,0.7407,0.7407,53696.6,53692.0512,37417.8712,724904.1,724842.6912
3040,300176.SZ,20200123,8.71,2.3162,3.4268,0.82,9.1255,,3.0815,0.98,1.8464,0.0,,38728.08,36779.5968,24859.7932,337321.5768,320350.2881
3041,000016.SZ,20200123,5.21,8.6059,12.8072,4.44,30.5026,29.0438,1.5052,0.272,0.2161,1.9194,1.9194,240794.5408,159657.43,107282.7368,1254539.5576,831815.2103
3042,600287.SH,20200123,5.86,1.0575,2.1138,1.43,29.9592,13.8903,1.1929,0.4771,0.5313,1.3652,1.3652,43679.6074,43679.6074,21851.7719,255962.4994,255962.4994
3043,002885.SZ,20200123,16.55,5.9542,5.9542,1.11,37.361,46.6093,3.8322,2.5542,2.3559,0.3021,0.3021,18000.0,6769.2015,6769.2015,297900.0,112030.2848
3044,002289.SZ,20200123,10.61,1.666,2.7062,0.86,,,11.1922,9.1684,11.9796,0.0,,28025.3733,25876.7577,15930.4889,297349.2107,274552.3992
3045,603060.SH,20200123,22.51,0.7914,2.5039,1.27,36.2701,33.2068,5.5389,7.3968,6.2854,0.8409,0.8409,30800.0,30800.0,9734.82,693308.0,693308.0
3046,600422.SH,20200123,11.13,2.9712,4.8905,0.93,25.2413,19.737,2.0683,1.1925,1.0835,0.8961,0.8961,76094.7792,75994.3092,46169.619,846934.8925,845816.6614
3047,002451.SZ,20200123,9.17,1.3848,3.5646,0.96,480.4111,87.2618,5.7157,6.8844,10.0014,0.0,,43920.0,41634.47,16174.22,402746.4,381788.0899
3048,000677.SZ,20200123,3.48,1.8897,2.8349,1.01,2259.2515,1135.9144,10.7959,4.2538,3.7657,0.0,,86397.7948,86397.7948,57592.7701,300664.3259,300664.3259
3049,002483.SZ,20200123,4.25,2.2654,4.6643,1.16,43.6473,49.6159,1.1233,1.4577,1.6726,1.1765,1.1765,67244.776,67123.0146,32600.6266,285790.298,285272.8121
3050,002267.SZ,20200123,6.87,0.4651,1.3077,1.59,18.902,25.9503,1.3101,0.849,0.7861,1.4556,1.4556,111207.5445,111207.5445,39554.4989,763995.8307,763995.8307
3051,000698.SZ,20200123,3.56,3.2249,5.8602,3.16,24.7426,,0.6734,0.2704,0.268,1.8258,1.8258,81951.4395,78568.4657,43236.9834,291747.1246,279703.7379
3052,002047.SZ,20200123,5.62,1.8328,5.4708,1.31,26.4393,28.4695,1.8045,1.0995,1.135,0.4402,0.4402,134129.6921,126306.311,42313.852,753808.8696,709841.4678
3053,300210.SZ,20200123,3.09,3.1996,6.2723,1.91,,,1.3191,4.008,7.286,0.0,,48421.9953,40012.4143,20411.0011,149623.9655,123638.3602
3054,603528.SH,20200123,6.95,0.8248,2.5463,0.91,32.2758,31.9626,2.803,7.9202,7.5144,0.9496,0.9496,62689.5,62209.65,20150.4,435692.025,432357.0675
3055,300067.SZ,20200123,4.1,2.6219,3.3544,1.58,27.589,24.209,2.326,3.289,3.4103,1.8712,1.8712,93049.9272,64790.5958,50643.4416,381504.7015,265641.4428
3056,000700.SZ,20200123,12.29,24.8478,37.4206,1.22,924.3185,109.7567,4.5976,2.0473,1.9181,1.0578,1.0578,82718.1823,71721.1149,47623.6741,1016606.4605,881452.5021
3057,600811.SH,20200123,3.24,0.5899,0.8386,1.28,18.3551,33.7892,0.5732,0.8312,0.7468,0.0,,371457.6124,371457.6124,261289.9446,1203522.6642,1203522.6642
3058,000007.SZ,20200123,9.11,0.9626,1.4462,0.79,,,17.3986,74.3604,76.5002,0.0,,34644.8044,30894.8044,20562.9467,315614.1681,281451.6681
3059,003816.SZ,20200123,3.57,3.6258,3.6258,1.66,20.7156,18.8892,2.0309,3.5469,3.1678,,,5049861.11,204724.1574,204724.1574,18028004.1627,730865.2419
3060,002632.SZ,20200123,7.0,1.5554,3.4911,1.16,21.2837,19.3641,2.2457,3.6515,3.3589,5.0146,5.0146,62459.909,57727.4292,25719.1672,437219.363,404092.0044
3061,002762.SZ,20200123,5.66,3.3533,4.9433,0.6,50.7122,74.6445,2.0122,4.4159,4.5622,1.5901,1.5901,35402.5,19006.9755,12893.5073,200378.15,107579.4813
3062,300033.SZ,20200123,109.05,4.3725,6.1385,1.37,92.4785,75.7673,16.4991,42.2711,35.8963,0.4402,0.4402,53760.0,26888.7618,19152.986,5862528.0,2932219.4743
3063,000655.SZ,20200123,6.41,3.4305,8.2484,0.84,37.9806,19.0068,1.4833,3.6649,2.9809,0.0,,59534.023,59534.023,24760.0085,381613.0874,381613.0874
3064,603198.SH,20200123,18.65,0.9454,4.6475,1.19,19.1603,16.9345,3.3789,4.2765,4.0318,3.7534,3.7534,80000.0,80000.0,16273.415,1492000.0,1492000.0
3065,002603.SZ,20200123,16.23,6.756,14.3507,1.83,32.6028,31.9044,2.4687,4.0578,3.6615,0.6131,0.6131,120371.7463,98698.6957,46465.6481,1953633.4424,1601879.8312
3066,002351.SZ,20200123,19.84,12.396,17.1917,0.64,220.2899,147.6184,6.4299,13.351,11.0597,0.504,0.504,59276.5,29134.12,21007.0765,1176045.76,578020.9408
3067,002190.SZ,20200123,25.3,2.0975,4.3956,2.58,,18.4062,3.754,4.2303,4.0635,0.0,,35872.9343,34518.8382,16471.96,907585.2378,873326.6065
3068,002728.SZ,20200123,17.29,1.551,2.3084,1.13,22.5864,20.8656,3.2258,3.9699,3.7433,3.717,3.717,20319.4911,12211.9911,8204.9911,351324.0011,211145.3261
3069,002444.SZ,20200123,11.7,1.9233,3.8271,1.05,17.5459,14.3169,1.7475,2.1198,1.8999,1.6076,1.6076,107524.77,101167.5504,50842.6825,1258039.809,1183660.3397
3070,603648.SH,20200123,9.66,1.2513,1.8795,1.4,24.9463,33.1709,2.1369,2.8878,2.7893,1.5528,1.5528,36866.67,27318.7206,18187.256,356132.0322,263898.841
3071,000753.SZ,20200123,2.85,0.6507,1.0383,1.55,30.6724,30.395,1.24,0.9211,0.9017,1.0526,1.0526,99148.1071,99148.1071,62131.3232,282572.1052,282572.1052
3072,603569.SH,20200123,10.14,0.2062,0.9279,1.19,14.0929,20.2083,2.3584,1.0362,1.0986,1.4195,1.4195,56027.4537,56027.4537,12451.5532,568118.3805,568118.3805
3073,002291.SZ,20200123,27.09,13.4199,28.2411,0.74,2239.3793,212.1914,5.9237,13.0612,11.354,0.0,,73848.7091,39892.1895,18956.3895,2000561.5295,1080679.4136
3074,002167.SZ,20200123,6.5,1.1229,1.5303,1.08,379.7733,1166.2174,3.8461,8.0191,9.7017,0.0,,62094.6,61860.15,45389.0682,403614.9,402090.975
3075,300171.SZ,20200123,7.96,4.3113,6.975,2.48,70.9867,76.5381,1.6338,2.6093,2.4631,0.5025,0.5025,62833.704,33362.6971,20621.8965,500156.2838,265567.0689
3076,002955.SZ,20200123,55.56,5.6042,5.6042,1.01,22.9838,26.5854,2.6619,1.7652,1.7011,0.0,,13909.0854,3431.0,3431.0,772788.7848,190626.36
3077,000802.SZ,20200123,10.0,2.987,5.7248,0.99,21.9724,18.0562,1.3867,5.9408,4.5991,0.6,0.6,71590.0255,71128.7755,37112.1424,715900.255,711287.755
3078,600784.SH,20200123,4.89,0.6217,0.8151,1.22,44.2263,143.1455,1.8198,1.4003,1.3885,0.2454,0.2454,56817.7846,56817.7846,43334.9276,277838.9667,277838.9667
3079,002673.SZ,20200123,9.25,0.8257,1.7323,1.47,161.6095,85.4919,1.835,14.4779,9.0025,0.627,0.627,350183.977,350183.877,166919.5636,3239201.7873,3239200.8623
3080,002448.SZ,20200123,5.35,1.4641,1.5831,0.95,11.5481,15.5411,1.2106,2.0352,2.1597,1.8318,1.8318,60737.0105,47095.2495,43554.9481,324943.0062,251959.5848
3081,603396.SH,20200123,23.25,8.4965,8.4965,1.2,29.0023,34.2824,2.6841,3.2517,2.8187,1.0445,1.0445,10577.9334,4419.6842,4419.6842,245936.9516,102757.6577
3082,000676.SZ,20200123,9.4,5.7292,7.6972,0.69,17.4711,22.2656,1.9243,1.6273,1.2485,0.2455,0.2455,132600.0097,65383.7351,48666.7428,1246440.0912,614607.1099
3083,300309.SZ,20200123,4.2,2.8362,4.8514,1.7,19.1602,38.3644,1.7828,4.3151,3.5845,0.0,,88612.3765,78448.3094,45862.2319,372171.9813,329482.8995
3084,300779.SZ,20200123,33.88,8.4218,8.4218,0.58,53.1481,53.5418,5.246,9.8525,9.1803,0.5903,0.5903,10000.0,2500.0,2500.0,338800.0,84700.0
3085,300434.SZ,20200123,8.28,4.2616,6.0051,1.26,22.3021,22.1166,1.2414,3.4268,3.4301,0.9662,0.9662,40174.3872,22614.512,16048.67,332643.926,187248.1594
3086,000573.SZ,20200123,3.0,1.2961,1.6267,1.42,37.3924,8.2151,1.084,2.1347,1.399,2.0007,2.0007,64873.0604,62909.8003,50123.8296,194619.1812,188729.4009
3087,600639.SH,20200123,13.38,0.2751,0.7899,1.43,15.3697,14.9923,1.6032,5.4384,4.3151,2.2422,2.2422,112241.2893,85023.6703,29615.5246,1501788.4508,1137616.7086
3088,600835.SH,20200123,16.18,0.5383,1.3764,1.26,13.0454,15.0809,1.4757,0.7793,0.7543,2.7194,2.7194,102273.9308,80650.43,31543.0714,1654792.2003,1304923.9574
3089,000973.SZ,20200123,4.35,3.0289,4.0945,0.74,36.2375,24.1297,1.7556,1.4908,1.2545,0.0,,96742.3171,96739.9968,71563.1756,420829.0794,420818.9861
3090,002433.SZ,20200123,4.6,1.8611,2.7613,1.2,13.0205,18.1,0.6765,1.0639,0.9413,1.537,1.537,76677.32,73692.32,49667.309,352715.672,338984.672
3091,002651.SZ,20200123,4.7,0.8191,1.8657,0.89,40.1661,37.9274,2.2473,9.2571,8.7355,1.2766,1.2766,101750.0,52713.8641,23142.228,478225.0,247755.1613
3092,600898.SH,20200123,6.58,1.2242,1.7244,0.53,,,,0.63,1.24,0.0,,25252.382,25252.382,17927.8753,166160.6736,166160.6736
3093,002090.SZ,20200123,9.7,1.9719,3.1902,1.19,42.6022,36.2929,3.0055,2.3399,2.1518,0.4851,0.4851,40426.4936,38875.0185,24029.9725,392136.9879,377087.6795
3094,002415.SZ,20200123,36.0,0.7053,1.7376,1.15,29.6331,28.0715,8.3191,6.7504,6.0211,1.6673,1.6673,934501.0696,809027.2351,328398.3907,33642038.5056,29124980.4636
3095,300016.SZ,20200123,9.65,4.698,5.3986,0.95,32.3071,25.3141,3.6745,7.8509,6.3513,1.0243,1.0243,49468.9876,37230.1781,32398.8444,477375.7303,359271.2187
3096,002516.SZ,20200123,2.84,0.956,1.3099,1.1,18.007,27.0314,1.1755,2.3645,2.6339,8.8094,8.8094,147083.8682,93852.1289,68496.2648,417718.1857,266540.0461
3097,600190.SH,20200123,2.91,0.2338,0.9695,2.04,24.0889,21.1518,0.9205,0.984,0.8005,0.6834,0.6834,200229.15,177948.453,42907.9758,582666.8265,517829.9982
3098,600027.SH,20200123,3.54,0.4497,1.1544,1.35,20.594,13.0171,0.7846,0.3951,0.3815,1.8644,1.8644,986297.6653,699574.3053,272491.51,3491493.7352,2476493.0408
3099,600959.SH,20200123,3.81,0.5484,0.9201,1.6,30.5137,38.5279,0.8779,2.4163,2.4992,2.5878,2.5878,500071.7686,445698.3535,265658.5127,1905273.4384,1698110.7268
3100,002163.SZ,20200123,6.28,1.9143,2.7162,1.02,154.5667,60.8882,7.3681,1.0564,1.1106,0.0,,80355.0,80345.0108,56626.2689,504629.4,504566.6678
3101,002065.SZ,20200123,13.92,4.5726,7.1508,0.8,53.7785,47.8921,4.5123,5.1198,4.7191,0.7184,0.7184,311548.2375,280753.5989,179528.259,4336751.466,3908090.0967
3102,002926.SZ,20200123,10.6,2.5552,3.4896,1.28,32.9238,23.935,1.4368,10.9322,8.364,0.717,0.717,262500.0,177814.7433,130201.8846,2782500.0,1884836.279
3103,600702.SH,20200123,28.68,3.3467,4.8194,1.85,28.2822,26.0116,3.4304,4.3693,3.9188,0.3556,0.3556,33703.7,32951.9,22882.3232,966622.116,945060.492
3104,603722.SH,20200123,34.2,4.6439,4.6439,1.09,89.7244,92.7843,5.508,7.0991,5.9371,0.5782,0.5782,8769.0,4073.0,4073.0,299899.8,139296.6
3105,600305.SH,20200123,16.64,2.8925,5.2239,1.09,42.8054,38.6968,5.9498,7.6983,7.2927,0.7212,0.7212,78355.94,78355.94,43386.1046,1303842.8416,1303842.8416
3106,600406.SH,20200123,18.17,0.8634,1.307,0.49,20.1776,21.0347,2.9676,2.9425,2.9405,2.0364,2.0364,462194.0818,293489.8892,193866.5031,8398066.4663,5332711.2868
3107,000049.SZ,20200123,46.5,5.1657,9.4312,0.83,24.0045,20.6823,4.6776,0.5586,0.5324,0.5326,0.5326,20719.7738,20524.3738,11241.6699,963469.4817,954383.3817
3108,002534.SZ,20200123,7.97,0.4801,1.9691,0.91,24.1381,18.0462,1.819,1.6495,1.58,2.5094,2.5094,73926.585,72889.5361,17770.0405,589194.8825,580929.6027
3109,600881.SH,20200123,3.05,0.6288,0.7191,1.07,,,0.6804,0.7014,0.6341,0.0,,324891.3588,322338.1674,281857.0123,990918.6443,983131.4106
3110,603111.SH,20200123,5.47,2.7409,3.2909,1.81,,,2.8365,1.5908,1.665,0.0,,99327.5484,83598.325,69626.3655,543321.6897,457282.8378
3111,600372.SH,20200123,14.35,0.3408,1.2473,1.29,52.6761,50.6879,3.4571,3.3034,3.0733,0.3473,0.3473,175952.2904,175952.2904,48076.7292,2524915.3672,2524915.3672
3112,688012.SH,20200123,183.38,17.0845,17.0845,1.02,1079.3865,493.4868,26.5689,59.8327,52.1496,,,53486.2237,5141.7972,5141.7972,9808303.7021,942902.7705
3113,002192.SZ,20200123,21.87,0.6687,0.891,0.18,,,7.9114,14.8319,18.0335,0.0,,25965.5203,25912.0228,19448.7119,567865.929,566695.9386
3114,300736.SZ,20200123,10.16,2.5041,4.2957,1.02,49.0814,,3.8874,2.1039,2.7363,1.8462,1.8462,13057.224,7997.7421,4662.0701,132661.3958,81257.0597
3115,600518.SH,20200123,3.44,1.5935,2.5967,2.25,15.0725,,0.6856,0.884,4.0023,0.6977,0.6977,497386.1675,440878.6966,270547.5734,1711008.4162,1516622.7163
3116,603036.SH,20200123,10.22,0.8933,1.1159,1.42,53.8829,34.0498,1.9969,8.7513,6.9602,0.5602,0.5602,20603.3,20336.0,16279.9848,210565.726,207833.92
3117,600178.SH,20200123,4.71,0.7161,1.4739,1.43,390.7578,,1.1574,1.6832,1.353,0.0,,46208.0,46208.0,22448.7,217639.68,217639.68
3118,002162.SZ,20200123,3.52,1.309,2.8516,1.56,123.4354,77.4705,3.0852,3.0733,2.6649,0.0,,85377.5,85294.2372,39153.9214,300528.8,300235.7149
3119,300726.SZ,20200123,27.8,7.6453,7.6453,1.23,49.8798,38.9676,6.5495,17.48,13.863,0.8993,0.8993,40010.0,10773.25,10773.25,1112278.0,299496.35
3120,300279.SZ,20200123,6.64,7.4947,10.6068,0.94,,,3.1687,2.3436,2.0999,0.0,,44894.1998,43702.0365,30879.4078,298097.4867,290181.5224
3121,603888.SH,20200123,27.85,4.2163,11.6472,0.58,50.702,54.0427,5.116,9.211,9.4645,0.8905,0.8905,51902.936,51902.936,18788.876,1445496.7676,1445496.7676
3122,300802.SZ,20200123,48.3,8.4069,8.4069,1.06,48.7115,51.7908,5.2278,10.4908,11.207,,,10000.0,2500.0,2500.0,483000.0,120750.0
3123,000401.SZ,20200123,15.3,2.5577,4.0604,1.54,13.9001,8.1214,1.6098,0.6683,0.5893,2.6144,2.6144,134752.2914,134721.4601,84863.1226,2061710.0584,2061238.3395
3124,300355.SZ,20200123,3.18,1.3375,1.4595,1.69,25.0314,10783.0228,1.3565,1.3353,1.6391,0.566,0.566,160424.2081,123987.9068,113628.1827,510148.9818,394281.5436
3125,300416.SZ,20200123,37.41,4.3577,7.5989,0.79,70.4851,62.9198,6.5345,8.0648,7.0836,0.2618,0.2618,13557.7527,13457.2527,7717.2527,507195.5285,503435.8235
3126,600250.SH,20200123,5.99,0.8217,1.4623,2.07,10.0323,9.8624,1.9372,1.8378,2.1657,0.0,,31059.3879,25869.246,14537.4566,186045.7335,154956.7835
3127,603505.SH,20200123,24.4,6.8106,6.8106,1.23,42.5462,25.1963,6.0783,9.9651,7.6744,0.7377,0.7377,24000.0,11203.458,11203.458,585600.0,273364.3752
3128,600573.SH,20200123,6.17,1.2611,2.5261,1.19,83.3904,71.6926,1.3463,2.7964,2.7776,0.4862,0.4862,25000.0,25000.0,12480.5422,154250.0,154250.0
3129,300249.SZ,20200123,6.32,4.2541,5.6557,0.9,72.2287,1165.3803,3.4355,2.0164,2.3759,0.242,0.242,43747.0194,30546.275,22976.2586,276481.1626,193052.458
3130,002202.SZ,20200123,11.77,0.7931,1.138,1.07,15.4601,20.8211,1.7868,1.7309,1.3949,2.124,2.124,422506.7647,338694.695,236038.9196,4972904.6205,3986436.5602
3131,601577.SH,20200123,8.64,1.6195,1.6195,1.69,6.6008,5.8191,0.8534,2.1206,1.7372,3.2407,3.2407,342155.3754,99533.2714,99533.2714,2956222.4435,859967.4649
3132,600125.SH,20200123,5.61,1.0685,1.5266,1.29,14.4196,15.005,1.2403,0.4683,0.4672,2.139,2.139,130552.1874,130552.1874,91377.407,732397.7713,732397.7713
3133,002242.SZ,20200123,26.82,1.2687,3.8942,1.2,27.2843,25.632,5.8298,2.5193,2.2903,4.8474,4.8474,76731.2,76303.854,24859.0704,2057930.784,2046469.3643
3134,603217.SH,20200123,46.24,3.1046,3.1046,1.03,17.4295,25.9853,1.9657,3.0786,3.4631,0.0,,9104.0,2276.0,2276.0,420968.96,105242.24
3135,600698.SH,20200123,2.83,1.738,2.9667,2.25,,,4.0968,6.4204,7.1262,0.0,,106441.0032,73757.5229,43210.0241,301228.0391,208733.7898
3136,002836.SZ,20200123,11.14,0.6801,2.3453,1.01,35.985,34.8818,4.651,6.3546,4.4419,4.4883,4.4883,16000.0,16000.0,4640.0,178240.0,178240.0
3137,600785.SH,20200123,14.52,0.379,0.633,1.27,23.8539,22.8157,1.4269,0.4296,0.4301,0.0,,22563.128,22563.128,13510.4686,327616.6186,327616.6186
3138,603123.SH,20200123,7.09,1.0919,2.9154,0.72,21.2799,17.1689,1.1599,0.7422,0.7404,1.6925,1.6925,52414.4222,52414.4222,19630.2789,371618.2534,371618.2534
3139,603912.SH,20200123,14.02,3.3287,6.84,0.51,28.5142,29.3739,3.9653,5.6883,4.6225,1.7836,1.7836,21695.14,10908.8,5308.8,304165.8628,152941.376
3140,002544.SZ,20200123,13.83,2.4192,3.8227,1.17,573.2022,305.1422,3.7575,1.2602,1.2205,0.2169,0.2169,57115.722,51266.2189,32444.4285,789910.4353,709011.8074
3141,603659.SH,20200123,89.44,2.5379,3.28,0.97,65.5035,62.4262,12.1079,11.7565,8.61,0.469,0.469,43521.8821,19353.0088,14974.5722,3892597.135,1730933.1071
3142,300499.SZ,20200123,15.44,12.3661,13.5936,4.09,49.9064,49.3448,3.9957,4.3915,3.5646,0.5186,0.5186,18581.685,12321.6831,11209.0863,286901.2164,190246.7871
3143,600076.SH,20200123,4.2,1.3236,2.0215,1.49,9.29,9.5906,1.0672,1.8973,2.2237,0.4762,0.4762,103426.4129,103426.4129,67721.9727,434390.9342,434390.9342
3144,300277.SZ,20200123,8.69,1.4218,3.3141,0.57,363.0652,144.8353,6.2205,11.0216,9.0558,0.6904,0.6904,33500.0,33439.0625,14345.8545,291115.0,290585.4531
3145,002204.SZ,20200123,3.14,0.3376,0.8927,1.08,393.9825,31.973,0.9115,0.9229,0.7825,0.7962,0.7962,193137.0032,193137.0032,73048.9274,606450.19,606450.19
3146,601390.SH,20200123,5.56,0.2713,0.7019,1.57,7.9436,6.9592,0.7519,0.1852,0.1677,2.107,2.107,2457092.9283,1863691.1543,720254.1153,13661436.6813,10362122.8179
3147,603225.SH,20200123,11.82,2.5102,2.5102,1.12,11.6249,15.4214,1.5037,0.5065,0.4916,0.9258,0.9258,139956.7784,16664.4452,16664.4452,1654289.1207,196973.7423
3148,000890.SZ,20200123,5.19,4.5457,7.1411,2.0,,,3.7097,1.1603,1.3519,0.0,,37964.16,37962.4602,24164.826,197033.9904,197025.1684
3149,002319.SZ,20200123,8.16,1.0429,1.4094,0.99,,,3.9008,3.3481,3.5413,0.0,,20000.0,19996.2031,14796.2072,163200.0,163169.0173
3150,300694.SZ,20200123,13.58,2.9844,3.5208,1.06,36.5154,32.759,2.4279,2.6108,2.484,0.4418,0.4418,21531.6977,13411.9287,11368.3392,292400.4548,182133.9917
3151,300196.SZ,20200123,11.66,1.9909,2.5269,0.87,18.4017,15.9707,1.8451,2.2026,2.1214,1.6885,1.6885,41519.0679,25184.1675,19842.3072,484112.3317,293647.3931
3152,300336.SZ,20200123,7.63,19.1223,24.7004,1.98,194.5576,,1.9765,7.6338,8.7861,0.0393,0.0393,80623.0192,70516.807,54591.827,615153.6365,538043.2374
3153,002768.SZ,20200123,24.43,1.9362,2.8945,1.61,21.4829,18.5385,2.9583,1.7793,1.4925,0.4912,0.4912,27125.0,17668.9825,11818.9825,662663.75,431653.2425
3154,002135.SZ,20200123,6.07,0.5602,0.9972,1.05,36.7788,24.5432,1.477,0.7221,0.7046,0.2801,0.2801,103440.22,95851.0982,53850.4484,627882.1354,581816.1661
3155,000526.SZ,20200123,28.25,0.6555,1.0354,0.89,209.8334,314.6874,18.7956,0.9394,0.9113,0.0,,9619.5107,9619.5107,6089.9144,271751.1773,271751.1773
3156,002921.SZ,20200123,17.69,1.9745,2.4132,1.23,31.4758,36.0315,2.09,2.1269,1.9919,0.8479,0.8479,8000.0,4827.5,3950.0,141520.0,85398.475
3157,002328.SZ,20200123,4.17,5.1281,5.8756,1.7,31.6891,29.6806,1.2556,0.7784,0.8092,1.5799,1.5799,76177.0,55052.4958,48048.4958,317658.09,229568.9075
3158,603806.SH,20200123,48.7,0.6022,2.3101,1.79,33.8774,25.5312,4.2775,5.2915,4.2491,0.924,0.924,52260.0,52260.0,13622.5186,2545062.0,2545062.0
3159,600078.SH,20200123,4.7,2.7926,4.798,1.32,161.0716,41.8468,1.7869,0.9897,0.9504,0.2128,0.2128,66257.2861,66257.2861,38563.8247,311409.2447,311409.2447
3160,002634.SZ,20200123,5.56,4.0213,6.1025,1.42,140.7442,101.4309,3.8123,6.1466,4.7109,0.0,,45935.2513,31600.9042,20823.7715,255399.9972,175701.0274
3161,600225.SH,20200123,2.42,1.5727,3.0501,1.22,,,2.338,0.709,1.3008,0.0,,93549.2615,93288.1354,48103.5165,226389.2128,225757.2877
3162,603883.SH,20200123,73.5,0.8022,1.9646,0.85,48.4362,41.7548,6.3564,2.2248,1.9037,0.68,0.68,28668.7533,26700.1848,10902.1244,2107153.3676,1962463.5828
3163,002404.SZ,20200123,6.06,3.2932,4.6855,1.16,24.3943,21.9457,2.0188,1.1004,1.0302,3.3003,3.3003,57767.3641,45906.5751,32265.2122,350070.2264,278193.8451
3164,600057.SH,20200123,4.04,0.4547,1.0204,1.76,8.7356,8.6664,0.8444,0.0372,0.033,5.9406,5.9406,215745.4085,215745.4085,96131.3262,871611.4503,871611.4503
3165,601018.SH,20200123,3.66,0.1522,0.6243,1.75,16.7161,14.3321,1.1889,2.2035,1.9821,2.541,2.541,1317284.7809,1280000.0,312018.7004,4821262.2981,4684800.0
3166,000981.SZ,20200123,1.57,0.692,1.9129,0.59,,,0.4827,0.705,0.8062,0.0,,402798.9882,257431.56,93122.1641,632394.4115,404167.5492
3167,000408.SZ,20200123,7.03,2.1403,2.1403,0.97,16.4864,31.2197,1.7966,5.2288,6.9864,0.0,,199377.9522,47348.6085,47348.6085,1401627.004,332860.7178
3168,000601.SZ,20200123,6.35,2.0376,2.6175,1.24,22.6516,13.3893,1.4191,2.0014,1.6407,2.3622,2.3622,108055.1669,107983.2057,84060.3265,686150.3098,685693.3562
3169,002241.SZ,20200123,23.61,2.2575,2.9836,1.14,88.2965,76.8847,4.8164,3.2259,2.362,0.4171,0.4171,324510.3948,276564.5953,209253.2956,7661690.4212,6529690.095
3170,603685.SH,20200123,12.36,3.3465,4.5512,1.45,19.9838,17.7141,2.0395,2.3816,1.9441,1.5559,1.5559,16900.0,5746.0,4225.0,208884.0,71020.56
3171,000301.SZ,20200123,5.05,0.8745,1.1899,2.05,24.0297,14.6911,1.5109,1.1034,0.8556,1.9802,1.9802,402905.3222,121823.6445,89526.3992,2034671.8771,615209.4047
3172,002796.SZ,20200123,36.87,6.1588,10.3229,1.07,127.65,51.2232,4.1192,4.8479,3.4143,0.3617,0.3617,16829.1382,13307.3098,7939.3113,620490.3254,490640.5123
3173,600655.SH,20200123,7.59,0.6508,0.8577,2.12,9.7585,9.4489,0.9975,0.8727,0.7187,3.5548,3.5548,388376.1964,160299.8144,121626.5348,2947775.3307,1216675.5913
3174,601006.SH,20200123,7.7,0.2357,0.624,1.33,7.8708,7.8956,1.0275,1.4612,1.4071,6.2338,6.2338,1486679.1491,1486679.1491,561497.8895,11447429.4481,11447429.4481
3175,603828.SH,20200123,5.08,0.6617,1.662,0.88,48.1542,90.4264,2.4402,1.1785,1.1711,0.318,0.318,55333.4476,54756.0,21799.8694,281093.9138,278160.48
3176,603955.SH,20200123,15.89,0.9365,1.6628,0.8,19.9414,18.1971,1.5099,2.2415,2.1303,0.0,,11310.0,7132.0213,4016.9309,179715.9,113327.8185
3177,600982.SH,20200123,2.94,0.6212,0.896,2.05,20.6846,23.5828,0.9654,1.8351,1.041,1.543,1.543,108669.5511,74693.0,51783.5403,319488.4802,219597.42
3178,300790.SZ,20200123,41.9,8.8198,8.8198,0.95,48.8273,44.0398,4.1318,4.7997,4.1811,,,11428.6247,2858.0,2858.0,478859.3749,119750.2
3179,601258.SH,20200123,1.5,0.6176,0.8446,0.83,,,3.4653,0.365,0.7251,0.0,,1022722.507,1022722.507,747854.3635,1534083.7605,1534083.7605
3180,600599.SH,20200123,9.85,2.471,4.4598,1.47,,,2.5028,5.7732,9.7483,0.0,,16600.0,16600.0,9197.5171,163510.0,163510.0
3181,600284.SH,20200123,6.65,3.5873,5.1248,5.19,14.2469,13.2298,1.0809,1.757,1.2861,2.2556,2.2556,97025.6,97025.6,67918.1607,645220.24,645220.24
3182,600826.SH,20200123,11.25,1.2364,2.6005,1.55,20.67,30.7164,1.3829,1.4315,1.3478,1.5111,1.5111,42064.2288,42064.2288,19998.3368,473222.574,473222.574
3183,601200.SH,20200123,11.6,1.2238,2.4891,1.48,18.3358,20.3627,1.681,4.1022,3.6216,0.5637,0.5637,91338.7595,87411.1231,42977.9274,1059529.6102,1013969.028
3184,000538.SZ,20200123,86.6,0.9868,1.2839,1.21,33.4556,26.8745,2.9566,4.1419,3.8638,1.8828,1.8828,127740.3317,59885.0238,46025.5733,11062312.7252,5186043.0611
3185,002134.SZ,20200123,9.61,3.8804,7.2327,0.7,,,6.1387,6.0215,5.9458,0.0,,24584.9768,24584.9768,13189.9737,236261.627,236261.627
3186,600721.SH,20200123,6.53,2.4672,3.8398,1.23,,,2.6918,6.2371,10.0166,0.0,,40038.6394,30602.0714,19662.9508,261452.3153,199831.5262
3187,000616.SZ,20200123,2.35,0.5922,0.7401,1.42,9.6349,216.269,0.7751,12.4528,12.9354,0.0,,143023.4425,143023.4425,114445.8002,336105.0899,336105.0899
3188,600993.SH,20200123,17.31,2.4009,3.7114,1.44,42.3451,21.3928,2.9905,3.3955,2.9513,0.8666,0.8666,43105.3891,43030.7016,27837.0112,746154.2853,744861.4447
3189,300301.SZ,20200123,3.54,1.9082,3.1187,1.54,,,1.6757,1.7766,1.7211,0.0,,79010.8769,60136.5958,36795.0552,279698.5042,212883.5491
3190,300285.SZ,20200123,24.55,1.2478,1.2942,1.32,43.5517,46.6676,6.7371,13.1551,11.4489,0.2716,0.2716,96334.1059,70731.076,68194.4169,2365002.2998,1736447.9158
3191,002057.SZ,20200123,8.02,3.0834,4.5354,1.11,37.7236,38.2752,3.2969,3.6062,3.5077,0.8313,0.8313,57528.7776,47946.4106,32596.6515,461380.7964,384530.213
3192,000519.SZ,20200123,7.68,3.4438,4.464,1.11,30.8049,28.9457,1.3215,2.159,2.0349,0.5339,0.5339,139255.8982,93264.7561,71951.7302,1069485.2982,716273.3268
3193,300649.SZ,20200123,19.45,2.4256,2.4256,1.48,47.5828,39.5625,6.4609,4.7585,3.633,0.5141,0.5141,12800.0,3200.0,3200.0,248960.0,62240.0
3194,300807.SZ,20200123,50.1,12.818,12.818,1.01,58.3518,42.7746,5.3411,9.3045,8.1973,,,6785.1,1700.0,1700.0,339933.51,85170.0
3195,002338.SZ,20200123,13.13,1.9175,3.3436,1.2,77.2348,77.6015,3.7908,8.1899,7.9122,0.3808,0.3808,24000.0,23997.855,13762.3766,315120.0,315091.8362
3196,000783.SZ,20200123,6.88,1.1529,1.6091,1.34,147.9125,33.1165,1.4161,8.7072,6.3377,0.2907,0.2907,552956.3428,552946.2808,396180.6264,3804339.6385,3804270.4119
3197,600193.SH,20200123,3.56,0.6399,0.9904,1.13,52.7775,55.7141,6.2262,6.829,3.4434,0.0,,42537.3,42537.3,27485.3755,151432.788,151432.788
3198,000416.SZ,20200123,4.97,2.3084,2.9812,1.86,132.2798,77.9586,2.9868,260.9257,316.6098,0.6036,0.6036,53187.1494,53164.1098,41165.967,264340.1325,264225.6257
3199,002029.SZ,20200123,5.64,0.7937,1.2333,1.4,12.3077,12.9286,0.7276,1.2118,1.1701,1.773,1.773,75567.0,74427.2168,47901.76,426197.88,419769.5028
3200,300457.SZ,20200123,39.35,1.4696,1.9037,0.73,45.5933,41.7235,4.6314,7.0885,7.0364,0.0889,0.0889,37600.347,28079.0141,21675.7757,1479573.6545,1104909.2048
3201,601872.SH,20200123,6.31,2.2,6.376,1.34,36.4442,29.3386,1.7164,3.8907,3.1694,0.8273,0.8273,674012.0114,529945.8112,182855.5488,4253015.7919,3343958.0687
3202,300442.SZ,20200123,17.1,4.2275,6.3438,2.27,,,2.2928,2.9506,2.9791,0.0,,10000.0,7215.0625,4808.05,171000.0,123377.5688
3203,688278.SH,20200123,42.16,21.6421,21.6421,,1071.7214,297.7023,19.6729,38.2586,25.7748,,,40680.0,3820.5081,3820.5081,1715068.8,161072.6215
3204,000686.SZ,20200123,8.63,1.5359,2.6763,1.24,67.0248,20.0896,1.2985,2.979,2.6031,1.1587,1.1587,234045.2915,234045.2915,134321.0589,2019810.8656,2019810.8656
3205,000893.SZ,20200123,6.22,0.4868,0.8356,0.94,1176.1194,120.6761,1.2912,11.1821,8.1427,0.0,,75690.3272,40074.195,23344.3396,470793.8352,249261.4929
3206,000036.SZ,20200123,3.93,0.5541,0.8321,1.25,6.0206,6.9516,1.2307,1.7489,2.0271,11.744,11.744,148393.4025,147502.3304,98215.5544,583186.0718,579684.1585
3207,600872.SH,20200123,37.86,1.4518,2.2559,1.21,49.6532,45.2002,7.9862,7.2389,6.6543,0.6075,0.6075,79663.7194,79663.7194,51269.0839,3016068.4165,3016068.4165
3208,601008.SH,20200123,3.78,0.7336,1.4252,1.46,1176.5396,1109.106,1.2,3.1393,2.8944,0.2429,0.2429,109382.6212,101521.5101,52255.4183,413466.3081,383751.3082
3209,603383.SH,20200123,70.46,3.1741,3.751,1.18,70.7001,69.8491,8.1105,28.6552,24.9439,0.7098,0.7098,12018.524,5870.718,4967.717,846825.201,413650.7903
3210,300565.SZ,20200123,10.63,2.8114,4.0954,1.05,132.3776,,3.1491,4.0747,6.0783,0.0,,20800.0,11682.7282,8020.099,221104.0,124187.4008
3211,600615.SH,20200123,9.84,2.5288,3.8042,1.34,198.2646,75.9515,2.9352,22.2087,28.9455,0.0,,18802.0508,18762.4508,12472.3277,185012.1799,184622.5159
3212,600141.SH,20200123,10.08,1.8604,2.7352,0.81,25.7658,33.2298,1.2252,0.5805,0.5758,1.4032,1.4032,102823.2663,71364.6993,48541.3602,1036458.5243,719356.1689
3213,600280.SH,20200123,2.28,0.7731,1.7575,0.8,,,1.9047,0.3174,0.3295,0.0,,114833.4872,114833.4872,50514.7456,261820.3508,261820.3508
3214,300117.SZ,20200123,3.73,1.019,2.3903,0.85,45.5242,7.4098,1.5475,0.6284,0.6985,0.2145,0.2145,71676.0,71428.5,30450.1379,267351.48,266428.305
3215,300271.SZ,20200123,28.23,1.7,1.8022,1.14,45.9086,43.3457,4.0405,8.4361,6.907,0.2179,0.2179,80939.0723,58299.0631,54993.1967,2284910.011,1645782.5513
3216,600869.SH,20200123,4.97,1.1623,2.6182,0.75,72.6707,62.8444,2.1314,0.6299,0.6644,0.0,,221935.2746,221935.2746,98518.3503,1103018.3148,1103018.3148
3217,600628.SH,20200123,8.27,0.6265,1.0269,2.48,19.6062,65.014,1.2144,1.927,2.6188,1.5719,1.5719,64687.5384,64687.5384,39467.6004,534965.9426,534965.9426
3218,300021.SZ,20200123,5.08,2.5796,3.9761,1.07,40.4248,31.9417,2.798,2.2761,1.9105,1.9443,1.9443,79736.0687,64842.7009,42067.0983,405059.229,329400.9206
3219,600159.SH,20200123,2.42,0.3138,0.6001,1.09,22.0499,15.0086,0.8891,2.2764,2.4305,2.0661,2.0661,83000.3232,83000.3232,43408.6677,200860.7821,200860.7821
3220,300038.SZ,20200123,9.96,5.165,5.822,1.03,18.4167,20.093,1.0617,2.1399,2.1527,0.7028,0.7028,117182.7123,80572.1756,71480.4137,1167139.8145,802498.869
3221,300550.SZ,20200123,28.1,2.1204,5.7024,1.07,81.5027,66.6879,5.4462,8.4214,7.2588,0.1906,0.1906,11730.6,11306.35,4204.15,329629.86,317708.435
3222,600901.SH,20200123,5.88,1.0703,2.2452,1.86,14.0376,11.6893,1.5112,7.2074,6.0959,3.4014,3.4014,298664.9968,182044.9968,86778.41,1756150.1812,1070424.5812
3223,002353.SZ,20200123,36.98,2.2221,3.1553,1.64,57.5732,30.6035,3.817,7.7057,5.9729,0.3245,0.3245,95785.3992,66602.9647,46904.8314,3542144.0624,2462977.6346
3224,300084.SZ,20200123,4.3,1.7479,1.8616,1.57,25.0925,38.1748,0.9005,2.3574,2.3767,0.0,,38476.5738,32975.2181,30961.9582,165449.2673,141793.4378
3225,300653.SZ,20200123,77.22,3.2272,4.1424,0.77,71.9874,61.6066,11.0194,28.6606,24.5776,0.777,0.777,8000.0,4328.0,3371.7302,617760.0,334208.16
3226,002206.SZ,20200123,4.07,0.8085,1.0443,0.89,14.1724,16.3569,1.8226,1.3945,1.2807,4.7798,4.7798,122302.8645,97149.455,75215.4717,497772.6585,395398.2819
3227,603045.SH,20200123,14.12,3.1566,3.1566,1.04,33.6013,27.2222,2.4221,1.466,1.3352,0.607,0.607,13762.0,9493.2694,9493.2694,194319.44,134044.9639
3228,002363.SZ,20200123,5.85,1.1289,1.9557,1.29,30.0291,32.526,1.029,1.2808,1.4348,0.3419,0.3419,41610.0301,41575.8167,23998.6727,243418.6761,243218.5277
3229,600640.SH,20200123,21.93,4.6681,11.2931,2.44,66.5277,105.2419,3.8908,3.8379,3.6216,0.456,0.456,79569.594,58939.9727,24363.2395,1744961.1964,1292553.6013
3230,300571.SZ,20200123,50.85,5.3107,8.472,0.5,32.1382,25.595,7.6423,7.3505,4.1008,0.3803,0.3803,12459.7715,7289.9896,4569.7396,633579.3808,370695.9712
3231,000338.SZ,20200123,13.53,2.5941,2.6407,1.43,12.3991,11.05,2.5036,0.674,0.6398,3.1781,3.1781,793387.3895,424503.575,417013.0701,10734531.3799,5743533.3698
3232,603096.SH,20200123,57.43,2.0513,2.4314,2.08,32.2686,30.5998,4.1372,8.3913,8.2393,1.0448,1.0448,13530.8,5430.8,4581.85,777073.844,311890.844
3233,300547.SZ,20200123,9.26,1.5563,1.7623,0.9,14.6462,16.0343,2.4943,3.2907,3.9035,3.3815,3.3815,21690.6174,18821.3298,16621.1872,200855.1171,174285.5139
3234,300062.SZ,20200123,5.28,1.968,2.6703,1.11,97.2582,42.4682,2.0255,1.6334,1.5975,0.7576,0.7576,30800.0,18934.355,13954.265,162624.0,99973.3944
3235,300407.SZ,20200123,8.23,1.9433,2.5171,0.44,169.3592,74.5903,1.9873,1.5475,1.4238,0.1195,0.1195,30504.8133,19780.4873,15271.5026,251054.6135,162793.4105
3236,601727.SH,20200123,4.85,0.1873,0.5814,1.76,24.3623,24.0221,1.1927,0.7265,0.6944,1.2672,1.2672,1515246.2418,1028381.8533,331374.4886,7348944.2727,4987651.9885
3237,603133.SH,20200123,23.05,5.3331,6.0446,0.77,90.4432,,5.3311,8.9752,9.7163,0.3332,0.3332,21108.5,11295.8895,9966.2643,486550.925,260370.253
3238,002131.SZ,20200123,3.05,5.9035,6.9925,0.81,,,2.5032,1.6635,1.5564,0.0,,668144.2413,540737.6344,456522.3708,2037839.936,1649249.7849
3239,601211.SH,20200123,17.57,0.6395,1.1118,1.59,23.3318,18.1449,1.3143,6.8891,5.2422,1.5652,1.5652,890794.8159,751612.0979,432351.3083,15651264.9154,13205824.5601
3240,300730.SZ,20200123,14.22,4.4483,4.4483,1.24,63.9926,70.959,5.6795,6.7554,6.2429,0.4219,0.4219,15800.8198,8436.9589,8436.9589,224687.6576,119973.5556
3241,000100.SZ,20200123,5.06,3.5172,3.9849,1.3,19.7375,19.2509,2.2542,0.6039,0.7611,1.9533,1.9533,1352843.8719,1269903.0613,1120849.9223,6845389.9918,6425709.4902
3242,000759.SZ,20200123,6.38,0.6774,2.2463,1.51,10.0823,12928.8804,1.2796,0.2857,0.2815,0.7837,0.7837,68102.15,68061.0192,20525.6594,434491.717,434229.3025
3243,000539.SZ,20200123,3.97,0.2433,0.7624,1.66,43.9311,23.8344,0.8243,0.7605,0.7451,1.5113,1.5113,525028.3986,255390.704,81487.7035,2084362.7424,1013901.0949
3244,002818.SZ,20200123,12.31,0.4283,2.216,1.48,12.6672,12.0649,2.0197,6.553,6.1737,4.0135,4.0135,75649.49,74328.5924,14367.3678,931245.2219,914984.9724
3245,603040.SH,20200123,30.87,2.0708,2.0708,1.5,23.9201,22.1643,3.2788,8.1556,7.6982,1.2962,1.2962,7948.2884,3222.3035,3222.3035,245363.6629,99472.509
3246,002792.SZ,20200123,27.13,5.9973,9.8034,0.84,206.3187,122.1103,4.5247,7.2464,5.6909,0.0983,0.0983,33784.02,14989.8307,9170.1814,916560.4626,406674.1069
3247,601339.SH,20200123,3.85,0.5773,2.244,1.78,13.1992,21.4804,0.7211,0.9628,0.9611,2.2857,2.2857,150000.0,150000.0,38591.3228,577500.0,577500.0
3248,002019.SZ,20200123,17.9,3.0541,3.6077,1.33,30.0237,28.8093,3.0232,4.7801,4.4332,0.5478,0.5478,123690.4577,81007.7347,68577.827,2214059.1928,1450038.4511
3249,300771.SZ,20200123,59.08,8.09,8.09,1.06,27.9573,22.1382,3.8813,6.6484,5.9834,0.5078,0.5078,10000.0,2500.0,2500.0,590800.0,147700.0
3250,002559.SZ,20200123,6.15,3.6206,4.323,1.81,30.6997,28.7408,2.1537,2.2336,2.2515,3.2242,3.2242,55672.3012,47571.3915,39842.3931,342384.6524,292564.0577
3251,600462.SH,20200123,1.52,2.4289,3.0009,1.56,,,,0.3592,3.1133,0.0,,53378.0,53378.0,43204.3096,81134.56,81134.56
3252,002095.SZ,20200123,22.3,1.7378,3.8009,1.07,161.728,165.5048,6.4899,13.4295,14.2982,0.2242,0.2242,25272.0,25163.8091,11504.8591,563565.6,561152.9429
3253,600879.SH,20200123,6.14,2.5975,3.2466,1.72,36.5546,35.9033,1.3626,1.234,1.2161,0.0,,271927.1284,241769.8526,193433.236,1669632.5684,1484466.895
3254,300316.SZ,20200123,19.55,3.9836,8.2192,1.13,43.1362,41.2868,5.7311,9.9032,9.4641,0.5116,0.5116,128448.9364,120434.664,58371.1118,2511176.7066,2354497.6812
3255,002051.SZ,20200123,8.98,0.6197,1.526,1.81,9.2572,10.9219,1.0726,1.0947,1.1159,3.3368,3.3368,123740.8937,111114.1542,45125.7942,1111193.2254,997805.1047
3256,600877.SH,20200123,6.72,2.1006,2.7051,1.36,,,23.9992,15.2777,41.1808,0.0,,82216.1695,68728.204,53371.5867,552492.659,461853.5309
3257,002731.SZ,20200123,7.08,1.9987,3.555,1.37,61.2446,83.7091,1.4919,0.6735,0.7131,0.4154,0.4154,25615.6,21962.9771,12347.9561,181358.448,155497.8779
3258,603690.SH,20200123,37.78,4.6686,10.5707,1.07,301.5362,122.9051,7.19,14.5108,10.1251,0.1003,0.1003,25890.8558,20870.8,9217.6,978156.5321,788498.824
3259,600378.SH,20200123,17.8,2.6615,4.4814,1.36,30.4102,19.5822,2.7186,3.8165,2.2362,0.3305,0.3305,89662.4657,20217.154,12006.774,1595991.8895,359865.3412
3260,603697.SH,20200123,12.66,3.7343,3.7343,1.22,21.636,20.7249,2.5073,3.502,3.8983,1.4218,1.4218,30454.5,7950.0,7950.0,385553.97,100647.0
3261,000058.SZ,20200123,7.26,2.9576,5.52,1.13,322.0819,205159.7947,4.6578,5.5866,7.0374,0.4821,0.4821,123565.6249,53803.9603,28827.8083,897086.4368,390616.7518
3262,300725.SZ,20200123,70.4,2.6746,3.2341,0.53,76.4316,65.0173,13.6167,21.3133,16.8948,0.2158,0.2158,14478.9501,9728.4383,8045.4511,1019318.087,684882.0563
3263,600753.SH,20200123,14.83,1.0491,1.7627,0.81,90.6921,65.5856,9.6678,0.9834,1.2717,0.0,,12800.0,12800.0,7618.3393,189824.0,189824.0
3264,002972.SZ,20200123,23.55,8.389,8.389,0.6,43.642,31.996,4.1545,15.4482,12.7111,,,17632.0,4408.0,4408.0,415233.6,103808.4
3265,300670.SZ,20200123,7.89,1.9608,3.1296,1.18,69.6269,66.9373,2.9219,7.0135,6.1865,,,31589.0479,14040.0,8796.6,249237.5879,110775.6
3266,603797.SH,20200123,11.4,5.0301,5.0301,0.8,49.4228,25.1913,2.6855,14.4506,8.5264,0.6213,0.6213,31877.1826,9477.1826,9477.1826,363399.8816,108039.8816
3267,603738.SH,20200123,27.6,7.986,17.0763,1.0,126.8547,4770.8469,6.3709,7.545,8.1964,0.3097,0.3097,16711.1516,16711.1516,7815.1949,461227.7842,461227.7842
3268,000711.SZ,20200123,4.68,0.8663,1.8947,0.74,46.7228,,0.9128,1.9233,2.1621,0.0,,102366.7816,78293.1395,35799.8496,479076.5379,366411.8929
3269,002073.SZ,20200123,4.45,2.1518,2.2509,1.51,,,0.9611,1.5053,1.3678,0.0,,93398.6674,82486.386,78853.6738,415624.0699,367064.4177
3270,300252.SZ,20200123,10.32,4.3513,6.5612,1.22,45.3191,104.2449,2.4803,2.2996,2.245,0.4837,0.4837,57780.3834,37868.9716,25113.9416,596293.5567,390807.7869
3271,600135.SH,20200123,7.86,4.7618,7.2271,2.65,265.8492,59.2172,1.9337,2.1036,1.8811,0.1142,0.1142,49853.4017,37299.1735,24575.7574,391847.7374,293171.5037
3272,002239.SZ,20200123,1.98,2.1089,4.8194,0.84,155.7727,,1.1906,1.5156,1.8427,0.0,,313135.9417,309228.3285,135312.7538,620009.1646,612272.0904
3273,603668.SH,20200123,8.25,1.4546,2.3433,1.48,38.2104,37.6035,2.3008,1.8658,1.3159,0.5923,0.5923,34063.6002,33850.6752,21013.0027,281024.7017,279268.0704
3274,002149.SZ,20200123,7.34,1.8136,3.0843,1.1,51.7692,48.5393,1.7358,1.8153,1.5314,1.3624,1.3624,42541.4274,42533.9274,25010.2406,312254.0771,312199.0271
3275,600339.SH,20200123,3.18,0.4486,1.6135,1.57,18.5907,20.967,0.7603,0.3029,0.2964,1.6352,1.6352,558314.7471,558314.7471,155218.0662,1775440.8958,1775440.8958
3276,002307.SZ,20200123,5.65,0.9836,1.8471,1.26,95.5149,86.1112,2.7534,0.495,0.4494,0.0,,89820.6436,89171.082,47486.927,507486.6363,503816.6133
3277,600978.SH,20200123,2.76,2.1708,3.098,2.5,10.5823,,0.4803,0.5529,0.7218,0.9783,0.9783,148287.0004,148287.0004,103909.2213,409272.1211,409272.1211
3278,300265.SZ,20200123,7.42,0.9739,3.0072,1.54,67.1044,61.4323,2.4433,1.5584,1.6928,0.2022,0.2022,33750.0,33676.425,10906.315,250425.0,249879.0735
3279,600605.SH,20200123,11.1,0.7522,1.6004,1.05,91.9597,320.5444,2.3591,0.8138,4.106,0.3604,0.3604,14734.4592,14734.4592,6925.1966,163552.4971,163552.4971
3280,002866.SZ,20200123,17.2,7.7154,7.7154,0.51,44.2541,55.0679,4.1308,3.7285,2.7905,0.5156,0.5156,24777.539,8062.539,8062.539,426173.6708,138675.6708
3281,002890.SZ,20200123,27.3,2.6034,3.9714,1.13,64.7129,321.355,3.3943,7.6046,6.7495,0.0,,6667.0,3904.5737,2559.5738,182009.1,106594.862
3282,600129.SH,20200123,11.36,2.1975,3.319,1.49,90.0365,132.8484,1.8793,0.5918,0.53,0.8803,0.8803,55689.0744,54389.107,36010.8592,632627.8852,617860.2555
3283,688166.SH,20200123,38.3,4.2654,4.2654,0.64,214.5159,164.2531,12.3302,38.5347,33.6734,,,41000.0,3696.4527,3696.4527,1570300.0,141574.1384
3284,000957.SZ,20200123,7.15,3.4682,5.7831,0.76,115.9179,72.7689,1.5359,0.6974,0.5646,0.0,,59290.3936,59289.2704,35556.4924,423926.3142,423918.2834
3285,002905.SZ,20200123,14.42,9.5454,9.5454,1.05,24.5271,31.1086,1.9651,1.9279,1.9226,1.9417,1.9417,26880.0,6720.0,6720.0,387609.6,96902.4
3286,600987.SH,20200123,6.3,0.5901,1.1288,1.4,10.2872,9.2067,1.4856,0.9038,0.7074,3.0651,3.0651,108081.8841,92119.95,48157.9585,680915.8698,580355.685
3287,002100.SZ,20200123,10.98,4.1727,7.0683,1.48,37.2984,32.8587,2.7761,2.2191,1.7356,0.8516,0.8516,106570.9511,106570.9511,62913.0569,1170149.0431,1170149.0431
3288,600172.SH,20200123,2.74,1.3971,1.7586,1.54,,,0.8785,1.2482,1.3493,0.0,,144218.4476,118668.3183,94278.585,395158.5464,325151.1921
3289,002074.SZ,20200123,24.95,12.7132,19.2785,1.87,48.8665,56.7598,3.1604,5.5314,4.5876,0.3952,0.3952,113665.0819,101169.7085,66716.2355,2835943.7934,2524184.2271
3290,002693.SZ,20200123,4.79,1.7146,3.4854,0.95,,,3.878,5.7524,5.5748,0.0,,40500.0,40341.6821,19845.7069,193995.0,193236.6573
3291,600215.SH,20200123,9.4,4.9837,7.0363,1.75,44.7377,48.9272,1.7073,7.4223,19.5254,0.6809,0.6809,46503.288,46503.288,32937.8329,437130.9072,437130.9072
3292,300481.SZ,20200123,16.81,3.5795,6.805,1.51,40.9125,31.9242,5.2125,6.796,6.4116,1.1898,1.1898,25705.95,25461.255,13392.655,432117.0195,428003.6966
3293,300738.SZ,20200123,33.69,4.9793,4.9793,1.16,68.3235,41.5268,5.9906,9.6292,5.2195,0.2968,0.2968,11747.88,6025.68,6025.68,395786.0772,203005.1592
3294,002432.SZ,20200123,5.66,6.3161,9.2046,1.1,193.0897,,1.6319,4.3443,3.6666,0.0,,43280.5921,43280.5921,29699.0819,244968.1513,244968.1513
3295,300592.SZ,20200123,10.57,3.4338,4.1916,0.71,82.4358,116.7433,2.4901,2.8843,2.8433,0.0,,12238.11,9515.0475,7794.761,129356.8227,100574.0521
3296,600684.SH,20200123,3.54,0.5301,0.8234,1.51,12.309,,0.9695,0.8874,1.5536,1.0169,1.0169,85346.0723,85346.0723,54948.1812,302125.0959,302125.0959
3297,002815.SZ,20200123,18.38,5.4271,8.3498,1.6,28.9855,31.368,4.4447,4.4442,4.4384,1.7437,1.7437,88402.6738,41749.6858,27136.0578,1624841.1444,767359.225
3298,688068.SH,20200123,71.25,44.4496,44.4496,1.76,92.0526,103.7621,7.0944,23.6822,21.8083,,,6219.6341,1414.0014,1414.0014,443148.9296,100747.5998
3299,002862.SZ,20200123,21.22,4.4406,5.1707,0.94,53.1025,65.2865,2.9188,4.2658,4.2273,0.4713,0.4713,8000.0,3116.0,2676.0,169760.0,66121.52
3300,600819.SH,20200123,4.94,1.3563,4.2237,1.86,50.9306,33.7111,1.435,1.1973,1.0601,0.6073,0.6073,93491.6069,74741.6067,24001.0914,461848.5381,369223.5371
3301,300580.SZ,20200123,16.6,4.0739,6.9168,0.9,20.9096,20.1079,2.2597,4.4578,4.2835,0.9639,0.9639,20000.0,10134.305,5968.9475,332000.0,168229.463
3302,300103.SZ,20200123,8.98,1.1641,2.2969,1.39,148.4369,120.5283,3.0016,12.1892,3.6833,0.0,,31760.1,24524.605,12429.0992,285205.698,220230.9529
3303,603982.SH,20200123,17.04,7.4998,7.4998,1.0,37.1913,44.387,2.4008,2.8346,2.8601,0.0,,20000.0,5000.0,5000.0,340800.0,85200.0
3304,603022.SH,20200123,15.03,7.6184,21.5568,4.25,95.9971,119.8911,4.7405,4.5172,4.4641,0.3127,0.3127,20000.0,20000.0,7068.16,300600.0,300600.0
3305,300399.SZ,20200123,13.34,2.5353,5.1188,0.99,105.0031,96.7346,6.1912,7.6043,5.1792,0.1649,0.1649,19760.0,13405.5263,6639.7781,263598.4,178829.7208
3306,300767.SZ,20200123,58.8,7.2672,7.2672,0.81,41.1067,50.0738,4.9833,10.2408,11.0148,0.0,,8000.0,2000.0,2000.0,470400.0,117600.0
3307,000528.SZ,20200123,6.61,1.3219,2.0331,1.51,12.3469,10.196,0.9624,0.5394,0.5179,2.2665,2.2665,147592.1376,146263.2724,95100.1261,975584.0295,966800.2306
3308,300133.SZ,20200123,7.73,3.9315,5.5712,1.1,64.2513,,1.9535,2.341,3.8494,0.194,0.194,175567.3701,138122.096,97468.9393,1357135.7709,1067683.8021
3309,600348.SH,20200123,5.09,0.7588,1.8214,1.91,6.2099,5.6572,0.6958,0.3745,0.3838,5.501,5.501,240500.0,240500.0,100196.176,1224145.0,1224145.0
3310,002471.SZ,20200123,2.16,1.0157,1.6343,1.24,32.0561,,1.491,0.3588,0.3612,0.2778,0.2778,126800.0,126509.0031,78624.7252,273888.0,273259.4467
3311,300783.SZ,20200123,61.55,4.8319,4.8319,0.85,81.2268,74.4069,12.6429,3.5253,2.7285,0.0,,40100.0,4100.0,4100.0,2468155.0,252355.0
3312,002658.SZ,20200123,6.87,0.5071,0.7369,1.29,23.1831,30.3224,2.0984,3.2244,3.002,1.4358,1.4358,60489.7469,30477.3104,20970.8104,415564.5612,209379.1224
3313,600908.SH,20200123,5.29,0.843,1.1321,1.66,8.9248,7.8532,0.9134,3.0629,2.7441,3.4026,3.4026,184825.8899,169684.2586,126351.4776,977728.9576,897629.728
3314,601000.SH,20200123,2.47,0.6445,1.3711,1.94,9.0915,8.342,0.8812,1.4438,1.2738,2.834,2.834,592592.8614,592592.8614,278564.6439,1463704.3677,1463704.3677
3315,600138.SH,20200123,11.4,2.9435,3.8256,0.94,13.8123,13.8535,1.2568,0.6728,0.6406,1.2281,1.2281,72384.0,72384.0,55693.55,825177.6,825177.6
3316,603843.SH,20200123,4.49,0.9877,2.233,1.34,36.0351,34.8409,1.8258,0.8941,0.7159,0.4773,0.4773,56000.42,56000.42,24770.2025,251441.8858,251441.8858
3317,300082.SZ,20200123,6.38,1.8302,3.9559,1.57,13.3347,13.7513,1.3977,0.583,0.6775,5.2508,5.2508,68072.0,67626.0801,31287.3846,434299.36,431454.391
3318,600733.SH,20200123,6.48,1.9087,2.4584,0.56,145.9065,,1.3298,1.3772,0.938,0.0,,349365.9337,168634.2519,130926.9685,2263891.2504,1092749.9523
3319,600119.SH,20200123,5.95,1.7686,2.7479,0.93,,,21.453,1.7824,2.4817,0.0,,30740.0,30740.0,19785.1609,182903.0,182903.0
3320,000860.SZ,20200123,52.4,1.4744,2.3954,0.76,52.2248,44.5424,5.3331,3.2191,2.7897,0.2202,0.2202,74176.6989,74176.6989,45655.7321,3886859.0224,3886859.0224
3321,600517.SH,20200123,7.35,1.0324,2.2469,1.18,514.469,52.106,2.8913,2.0223,1.9469,0.0,,135616.7823,135616.7823,62310.1491,996783.3499,996783.3499
3322,300493.SZ,20200123,9.4,7.4411,12.1874,1.07,284.2566,417.7655,6.0355,2.6485,3.0682,0.5674,0.5674,47706.8962,47706.8962,29127.5212,448444.8243,448444.8243
3323,603333.SH,20200123,9.25,1.8515,4.4831,1.04,82.9491,47.6038,3.2168,3.053,2.5376,0.3676,0.3676,51990.5,51362.6363,21212.6363,480912.125,475104.3858
3324,600821.SH,20200123,4.2,3.061,3.7418,4.27,,,17.0655,11.0076,18.7377,0.0,,41626.8225,41626.8225,34053.6666,174832.6545,174832.6545
3325,300283.SZ,20200123,4.35,2.5329,3.2711,1.72,85.9479,92.1769,3.0188,1.5363,1.1023,0.2299,0.2299,41436.135,22574.9813,17480.414,180247.1873,98201.1687
3326,002439.SZ,20200123,39.19,1.8331,2.0101,0.99,61.7655,64.1573,9.8818,13.9352,12.5389,0.1016,0.1016,89670.1866,67474.8199,61533.5505,3514174.6129,2644338.1919
3327,300078.SZ,20200123,12.03,4.1247,5.9578,2.44,72.0492,66.3326,3.6263,7.9846,6.9696,0.1407,0.1407,85927.5466,72929.2321,50490.5908,1033708.3856,877338.6622
3328,600689.SH,20200123,9.2,1.6995,2.5855,1.58,172.0599,88.8836,3.9429,1.3418,1.3754,0.1848,0.1848,20099.1343,15220.4143,10004.52,184912.0356,140027.8116
3329,300346.SZ,20200123,22.07,13.8908,20.6499,0.96,175.2473,192.7535,7.4068,39.3561,33.9405,0.1189,0.1189,40689.0845,36821.8835,24769.3416,898008.0949,812658.9688
3330,002822.SZ,20200123,10.7,3.3828,5.2378,1.15,43.7576,30.5222,2.556,1.7636,1.5424,0.2492,0.2492,68331.6991,62255.9979,40207.1337,731149.1804,666139.1775
3331,600791.SH,20200123,3.49,1.1099,2.0298,2.33,31.3934,,0.9253,1.5563,1.2206,0.4585,0.4585,45288.0,45231.3696,24733.0051,158055.12,157857.4799
3332,000544.SZ,20200123,6.32,0.5041,1.6118,1.18,14.8677,15.3798,1.0647,5.998,4.3504,3.9557,3.9557,97468.4488,97468.4488,30482.9341,616000.5964,616000.5964
3333,000681.SZ,20200123,17.8,1.4566,2.8404,0.75,38.8227,39.4716,4.0459,12.6238,14.2981,0.2584,0.2584,70057.7436,66117.7568,33906.0942,1247027.8361,1176896.071
3334,603603.SH,20200123,8.18,3.6875,6.1488,0.92,18.4831,,2.3725,0.7882,1.108,1.175,1.175,41778.4056,23483.0015,14083.0885,341747.3578,192090.9523
3335,600909.SH,20200123,6.97,1.5801,2.6997,1.31,45.5776,23.5968,1.9375,14.3292,9.2641,0.8608,0.8608,362100.0,362100.0,211932.559,2523837.0,2523837.0
3336,300194.SZ,20200123,5.78,5.038,5.1932,1.0,,,1.7532,2.5762,2.52,0.0,,118971.2382,89270.3831,86602.8976,687653.7568,515982.8143
3337,300152.SZ,20200123,3.24,1.7351,2.4549,1.22,,,2.9069,4.387,4.3226,0.0,,71280.0,71269.12,50372.6585,230947.2,230911.9488
3338,600302.SH,20200123,4.33,0.9168,1.602,1.38,52.8069,,1.2851,2.0052,2.3209,0.0,,34600.9804,34600.9804,19801.8356,149822.2451,149822.2451
3339,002383.SZ,20200123,10.68,5.8867,7.0583,1.99,41.5667,,2.0735,3.4601,,0.0,,74515.8184,52256.6142,43582.3486,795828.9405,558100.6397
3340,603681.SH,20200123,23.19,5.6112,5.6112,0.95,29.4058,28.8135,2.9162,2.2711,1.9603,1.0349,1.0349,16659.1604,4164.7901,4164.7901,386325.9297,96581.4824
3341,600618.SH,20200123,7.78,1.9781,7.0286,2.54,8.5434,8.9031,2.0086,1.2547,1.2707,1.5424,1.5424,115639.9976,74983.9976,21103.4329,899679.1813,583375.5013
3342,688366.SH,20200123,99.47,8.7784,8.7784,0.82,42.6744,45.7662,3.323,11.3512,10.9568,,,17784.53,1466.2238,1466.2238,1769027.1991,145845.2814
3343,000800.SZ,20200123,9.68,0.6742,1.245,1.13,77.4688,,2.0367,0.6172,0.6624,0.3099,0.3099,162750.0,141175.4078,76451.6311,1575420.0,1366577.9475
3344,002672.SZ,20200123,9.11,0.9779,1.6287,1.39,19.6366,21.8035,1.8848,2.4391,2.3641,1.5368,1.5368,87926.7102,66041.8451,39653.3661,801012.3299,601641.2089
3345,603090.SH,20200123,16.36,1.9798,4.8667,1.57,50.1472,49.8058,3.2979,3.9408,3.3694,0.6112,0.6112,10000.0,10000.0,4068.13,163600.0,163600.0
3346,002490.SZ,20200123,3.54,1.2167,1.465,2.56,30.5417,,1.4784,0.6344,0.6201,0.0,,79784.84,34757.175,28866.75,282438.3336,123040.3995
3347,603996.SH,20200123,3.88,1.5131,4.4772,1.52,,,0.969,0.173,0.762,0.0,,30015.0,30015.0,10143.5003,116458.2,116458.2
3348,600883.SH,20200123,9.4,1.755,2.9064,0.89,206.4271,306.1369,3.3471,73.6947,86.8742,0.2128,0.2128,23608.8,23608.8,14256.1395,221922.72,221922.72
3349,002868.SZ,20200123,17.46,4.5305,5.8082,1.33,28.0522,41.6627,2.81,6.0855,6.7342,1.4318,1.4318,12000.0,3846.0,3000.0,209520.0,67151.16
3350,002457.SZ,20200123,7.94,1.7392,2.5869,1.42,36.043,18.9871,1.4304,1.8475,1.3194,1.2383,1.2383,33499.2,33445.2486,22484.9667,265983.648,265555.2739
3351,600226.SH,20200123,2.85,4.1064,4.541,1.65,63.1185,61.2823,2.0168,9.1085,9.584,0.7662,0.7662,313864.0149,199286.9006,180215.8656,894512.4425,567967.6667
3352,000069.SZ,20200123,7.08,0.6878,1.1519,1.2,5.4844,5.0516,0.9317,1.2063,1.0864,4.2381,4.2381,820250.6415,703620.9909,420120.2517,5807374.5418,4981636.6156
3353,601360.SH,20200123,24.57,7.5129,13.0227,2.06,47.0157,26.8264,5.9656,12.6582,12.5884,0.2157,0.2157,676405.5167,39718.2443,22913.7244,16619283.5453,975877.2625
3354,600109.SH,20200123,8.83,1.1352,1.5644,1.61,26.4278,22.679,1.3143,7.0909,6.4014,0.453,0.453,302435.931,302435.931,219472.8474,2670509.2707,2670509.2707
3355,000955.SZ,20200123,7.31,18.303,22.2451,1.04,,,6.5549,5.2987,5.0136,0.0,,53839.5,53759.835,44232.8949,393566.745,392984.3939
3356,600527.SH,20200123,2.83,19.5343,23.2259,2.81,46.1908,48.155,1.75,2.9777,3.3847,3.5336,3.5336,144313.4085,120313.4085,101190.7413,408406.9461,340486.9461
3357,002719.SZ,20200123,9.99,1.2691,2.9378,1.59,,,1.9171,2.8984,2.7311,0.0,,17413.9457,16187.2295,6992.6838,173965.3175,161710.4227
3358,000008.SZ,20200123,3.42,0.9544,1.4523,0.94,29.2579,27.1786,1.3198,3.7079,3.3541,0.2905,0.2905,278079.5346,266529.7419,175163.1419,951032.0083,911531.7173
3359,300134.SZ,20200123,15.0,3.0277,6.1906,0.91,465.967,80.8321,2.1326,6.3204,4.953,0.0,,76749.8006,71241.6506,34842.4328,1151247.009,1068624.759
3360,603323.SH,20200123,4.96,2.0704,2.3621,1.5,11.1487,9.8735,0.7896,2.8395,2.5421,1.8328,1.8328,180306.5243,136218.5043,119394.9309,894320.3605,675643.7813
3361,000976.SZ,20200123,5.01,1.4505,2.7362,1.0,54.8968,54.1856,1.832,4.6176,4.6742,0.0,,159567.8796,159443.5724,84519.7286,799435.0768,798812.2977
3362,000096.SZ,20200123,10.82,0.2919,0.6353,1.19,53.0301,48.6514,2.2205,3.4536,3.5451,0.1848,0.1848,52800.0,51084.8,23472.9623,571296.0,552737.536
3363,300698.SZ,20200123,16.17,5.0653,7.3668,1.01,505.5098,835.9928,5.6263,7.2577,6.041,0.0,,13400.0,4211.9796,2896.0996,216678.0,68107.7101
3364,600773.SH,20200123,5.76,0.8868,1.5458,0.96,45.3006,44.844,1.4025,4.0114,3.6107,0.2604,0.2604,81966.0744,74610.4694,42804.3039,472124.5885,429756.3037
3365,603855.SH,20200123,9.42,0.8951,1.317,1.01,20.8477,17.3282,2.1554,1.9471,1.7888,4.1692,4.1692,33719.0,20154.0,13697.0,317632.98,189850.68
3366,000993.SZ,20200123,6.95,1.5425,3.2966,1.66,,,1.5079,5.7052,4.7305,0.0,,45795.1455,37300.0,17453.0,318276.2612,259235.0
3367,600315.SH,20200123,28.45,1.0267,2.004,0.87,35.34,30.4571,3.0741,2.6754,2.5623,0.8787,0.8787,67124.8461,67124.8461,34388.9346,1909701.8715,1909701.8715
3368,000066.SZ,20200123,14.18,3.3713,4.8999,0.86,42.0642,43.443,6.6349,4.1482,3.8133,0.3536,0.3536,292818.2053,249070.2309,171368.3927,4152162.1512,3531815.8742
3369,002042.SZ,20200123,7.47,0.376,0.7086,0.68,15.0971,26.5627,1.7919,0.7933,0.7756,4.4295,4.4295,151937.5555,151814.5368,80545.7606,1134973.5396,1134054.5899
3370,002650.SZ,20200123,3.53,1.4045,2.007,1.53,35.2518,34.7935,1.7841,2.2738,2.0848,0.0,,115200.0,94644.926,66233.5647,406656.0,334096.5888
3371,300289.SZ,20200123,5.96,1.4013,2.4685,1.13,62.0055,,1.8993,3.8324,5.0897,0.0,,42105.1985,41685.131,23663.631,250946.9831,248443.3808
3372,300729.SZ,20200123,22.26,7.5956,7.6822,1.44,33.7164,36.7187,2.5207,2.0509,2.0037,0.8996,0.8996,8723.083,2515.9448,2487.5757,194175.8276,56004.9312
3373,300081.SZ,20200123,12.4,8.5769,9.8071,1.22,33.0861,65.7518,2.4686,9.4042,10.7351,0.0,,52915.7876,36184.3033,31645.5199,656155.7662,448685.3609
3374,000966.SZ,20200123,4.49,1.1694,2.2572,1.33,23.8453,9.3208,1.2519,0.7583,0.6777,1.3363,1.3363,110828.408,110828.408,57419.7642,497619.5519,497619.5519
3375,600101.SH,20200123,6.63,1.0814,1.5769,0.89,27.4521,28.2877,1.1883,1.7464,1.7379,0.5801,0.5801,42143.267,42143.267,28900.219,279409.8602,279409.8602
3376,300485.SZ,20200123,9.32,2.178,3.05,0.8,15.9389,22.6008,1.6989,3.1605,3.3012,1.2876,1.2876,48416.6,24825.23,17727.8509,451242.712,231371.1436
3377,688181.SH,20200123,60.0,17.4937,17.4937,0.62,50.5584,57.5892,3.783,14.6901,14.1973,,,9647.3014,2028.1855,2028.1855,578838.084,121691.13
3378,600461.SH,20200123,6.32,1.6352,3.3423,1.06,17.8318,13.356,1.2932,1.3686,1.2609,2.2403,2.2403,94803.8351,78959.3625,38629.643,599160.2378,499023.171
3379,603117.SH,20200123,3.87,2.033,3.2212,0.48,25.317,30.2823,1.0991,2.6421,2.5285,1.292,1.292,64301.6885,63314.4502,39958.9054,248847.5345,245026.9223
3380,000663.SZ,20200123,4.14,2.2383,2.893,1.56,,,1.8028,1.8466,1.8803,0.0,,33668.3929,25503.7222,19731.5689,139387.1466,105585.4099
3381,601113.SH,20200123,3.14,1.2103,2.4929,2.17,13.7328,12.64,0.5949,0.5428,0.4428,2.2687,2.2687,114148.1073,90768.224,44068.434,358425.0569,285012.2234
3382,603003.SH,20200123,7.25,0.8525,1.3723,0.96,47.5354,,0.7809,0.1883,0.2229,0.0,,41653.2402,41653.2402,25874.9894,301985.9915,301985.9915
3383,300444.SZ,20200123,4.24,7.3456,8.2532,2.07,13.1612,62.9291,1.6499,1.3036,1.3819,0.5897,0.5897,58572.0642,31908.3449,28399.5025,248345.5522,135291.3824
3384,002391.SZ,20200123,8.16,1.0659,1.2555,1.67,13.7756,12.4863,1.3533,1.4664,1.346,2.4508,2.4508,53926.2563,33452.6549,28401.9804,440038.2514,272973.664
3385,600356.SH,20200123,7.32,0.9652,1.3908,0.87,32.7379,24.2437,1.0085,1.3574,1.2639,0.929,0.929,29873.1378,29873.1378,20730.8295,218671.3687,218671.3687
3386,600498.SH,20200123,26.0,1.9239,3.4369,1.64,36.079,36.5867,2.9715,1.2563,1.2357,1.3051,1.3051,117098.4634,110693.9199,61963.8893,3044560.0484,2878041.9174
3387,603886.SH,20200123,17.05,1.7986,5.6857,1.47,16.9338,15.1702,2.6955,2.0897,1.9343,3.871,3.871,24000.0,24000.0,7592.0695,409200.0,409200.0
3388,000019.SZ,20200123,5.87,1.2113,1.8631,1.41,21.9419,10.1325,1.5423,0.6288,0.3754,1.7036,1.7036,115253.5254,41592.0398,27042.0418,676538.1941,244145.2736
3389,600763.SH,20200123,102.5,1.4998,2.5546,1.11,98.9651,72.0155,18.9887,21.2579,18.2252,0.0,,32064.0,32064.0,18824.4,3286560.0,3286560.0
3390,603000.SH,20200123,21.24,2.7044,6.225,0.64,109.7982,97.9351,7.9606,13.866,12.1816,0.6121,0.6121,110569.1056,110569.1056,48036.5035,2348487.8029,2348487.8029
3391,300095.SZ,20200123,5.79,1.4316,2.113,1.14,,,1.8345,2.3698,2.2261,0.0,,37871.0854,27535.9223,18656.5094,219273.5845,159432.9901
3392,603320.SH,20200123,16.01,2.7128,2.7128,0.89,37.3779,39.1745,2.4978,2.5218,2.4275,0.812,0.812,10000.0,3250.0,3250.0,160100.0,52032.5
3393,300471.SZ,20200123,10.0,6.2807,9.8793,0.52,,,3.0255,9.8469,8.754,0.0,,36472.0,27173.4557,17275.1844,364720.0,271734.557
3394,300516.SZ,20200123,30.93,1.4014,4.9173,1.6,121.6334,103.4111,5.3239,11.9219,10.5488,0.166,0.166,18000.0,18000.0,5129.995,556740.0,556740.0
3395,300184.SZ,20200123,7.72,7.9648,8.1865,0.98,25.4488,31.471,1.9166,0.8424,0.7038,0.7216,0.7216,117815.8222,61530.9822,59864.2714,909538.1474,475019.1826
3396,601002.SH,20200123,5.62,1.3267,2.2619,1.73,25.0565,24.1237,1.6473,1.2834,1.3186,0.0,,79269.0,79269.0,46493.4793,445491.78,445491.78
3397,002611.SZ,20200123,4.72,3.5765,4.3826,0.91,,,1.6669,1.1014,0.6773,0.0,,154512.6957,110678.762,90321.8094,729299.9237,522403.7566
3398,603329.SH,20200123,12.79,4.2918,4.782,1.89,37.5267,,2.4805,0.9648,0.8805,1.9547,1.9547,13200.0,6468.0,5805.0,168828.0,82725.72
3399,603069.SH,20200123,13.6,3.6606,9.697,1.35,72.99,103.259,3.8137,3.8469,3.9178,0.4412,0.4412,31600.0,31600.0,11929.0,429760.0,429760.0
3400,600976.SH,20200123,17.7,2.7983,3.9335,1.38,33.4306,33.1864,2.2936,1.2562,1.1303,1.1299,1.1299,15339.86,15329.86,10905.6586,271515.522,271338.522
3401,000788.SZ,20200123,7.33,3.9262,6.6462,1.07,96.6961,86.3382,3.507,1.8864,1.7749,0.2729,0.2729,59598.7425,59598.7425,35207.687,436858.7825,436858.7825
3402,300306.SZ,20200123,12.1,3.952,5.4042,0.62,,,2.3229,7.8723,8.6018,0.0,,27437.4306,14728.2541,10770.4281,331992.9103,178211.8746
3403,600794.SH,20200123,3.77,2.0424,3.1755,1.63,128.7075,24.5172,2.3157,3.3497,2.3054,0.3183,0.3183,121215.2157,121215.2157,77963.4369,456981.3632,456981.3632
3404,300077.SZ,20200123,7.56,11.8103,11.8103,2.01,,,4.173,7.0019,11.2616,0.0,,55761.5,54505.67,54505.67,421556.94,412062.8652
3405,300105.SZ,20200123,4.45,1.3786,2.3768,1.8,273.8256,,1.1857,4.9237,4.8777,0.0,,51321.6,51321.6,29766.528,228381.12,228381.12
3406,603239.SH,20200123,11.01,1.7289,5.1592,0.77,24.3487,42.1305,3.0997,4.2309,4.9155,2.7248,2.7248,27072.0,27072.0,9072.0,298062.72,298062.72
3407,000918.SZ,20200123,5.74,0.2922,0.8426,0.82,,,3.4332,6.1128,4.6319,0.0,,180419.15,180419.15,62562.0383,1035605.921,1035605.921
3408,603906.SH,20200123,10.37,3.6371,4.6857,1.12,38.3477,25.9809,2.3774,2.0952,1.8826,1.0356,1.0356,30261.312,11199.0528,8692.9828,313809.8054,116134.1775
3409,002718.SZ,20200123,15.54,1.456,2.6813,1.6,19.5651,34.9118,1.6864,2.8163,2.9508,1.287,1.287,13144.7829,6639.3705,3605.2527,204269.9263,103175.8176
3410,300124.SZ,20200123,29.25,0.8979,1.1834,0.82,43.4074,49.7166,6.135,8.6226,7.4014,0.6562,0.6562,173169.4256,138144.0471,104815.2794,5065205.6988,4040713.3777
3411,002729.SZ,20200123,44.92,1.6159,5.1183,0.82,145.2144,159.0786,6.7381,16.9358,17.2523,0.1558,0.1558,6668.0,6668.0,2105.106,299526.56,299526.56
3412,000045.SZ,20200123,7.31,1.4291,3.1579,1.29,,,1.4376,2.9263,2.0221,0.0,,50933.8429,45702.1849,20682.3381,372326.3916,334082.9716
3413,603693.SH,20200123,9.95,1.2033,1.9681,1.36,19.5432,27.5991,1.3571,4.1751,4.2743,2.0101,2.0101,61800.0,19300.0,11800.0,614910.0,192035.0
3414,600418.SH,20200123,4.9,1.1487,1.7447,1.19,,,0.7142,0.1852,0.1821,0.0,,189331.2117,189331.2117,124660.6251,927722.9373,927722.9373
3415,600557.SH,20200123,15.47,1.6231,2.6223,1.1,21.2614,18.8223,2.4067,2.3986,2.0678,0.5171,0.5171,59288.1038,57496.3152,35588.8576,917186.9658,889467.9961
3416,002884.SZ,20200123,15.49,2.7243,2.8293,1.26,13.5033,11.4741,2.2593,2.7286,2.6778,5.9944,5.9944,19454.7916,10661.0051,10265.3347,301354.7219,165138.969
3417,603678.SH,20200123,23.32,2.618,4.6252,1.36,31.6835,28.4072,3.473,5.2146,4.5722,0.4288,0.4288,45266.595,45128.9397,25544.2227,1055616.9954,1052406.8738
3418,600383.SH,20200123,13.17,0.6127,0.6645,1.14,7.3418,7.183,1.2128,1.1818,1.0017,4.5558,4.5558,451458.3572,451458.3572,416280.5943,5945706.5643,5945706.5643
3419,300303.SZ,20200123,6.97,17.0977,22.3228,1.65,55.742,32.1124,4.1882,3.7986,3.6025,0.6429,0.6429,127802.3219,114267.534,87521.0786,890782.1836,796444.712
3420,000863.SZ,20200123,4.41,0.2428,0.504,1.24,,,1.0225,3.7031,3.2159,0.0,,137127.1098,117974.2872,56842.5393,604730.5542,520266.6066
3421,600683.SH,20200123,4.13,0.4166,1.0108,1.31,8.5492,12.123,1.1596,0.3836,0.4321,4.8426,4.8426,74077.7597,74077.7597,30535.247,305941.1476,305941.1476
3422,000728.SZ,20200123,8.69,0.6953,1.1122,1.46,43.6262,31.8913,1.178,11.5236,8.855,2.8769,2.8769,336544.7047,294612.96,184178.2138,2924573.4838,2560186.6224
3423,002738.SZ,20200123,17.09,2.1053,3.1813,1.12,42.8444,27.2121,1.7767,5.4775,3.7918,0.2926,0.2926,27792.6476,18500.4356,12242.9013,474976.3475,316172.4444
3424,000420.SZ,20200123,2.11,0.595,1.0912,1.35,31.403,48.2594,1.3856,1.6228,1.6199,0.0,,197070.6656,185048.0524,100901.2595,415819.1044,390451.3906
3425,000989.SZ,20200123,9.38,3.5251,6.3378,1.06,24.9135,44.8866,2.0454,2.6113,2.7862,4.1201,4.1201,86935.4236,58888.8095,32754.3894,815454.2734,552377.0331
3426,601179.SH,20200123,3.52,0.192,0.5805,1.6,31.6989,29.6421,0.9149,1.318,1.2028,0.9659,0.9659,512588.2352,512588.2352,169567.4299,1804310.5879,1804310.5879
3427,300453.SZ,20200123,9.83,9.5115,10.4596,2.49,62.7621,49.7728,4.0441,4.8605,4.0437,0.6324,0.6324,26270.5,15060.4795,13695.3975,258239.015,148044.5135
3428,002194.SZ,20200123,18.31,3.4162,8.0529,1.2,54.7593,28.7714,6.0028,8.6514,6.6868,0.27,0.27,56466.9722,37168.8939,15767.5928,1033910.261,680562.4473
3429,300567.SZ,20200123,65.0,15.1469,17.1322,1.24,55.2018,50.115,12.0229,11.4797,8.1862,0.5129,0.5129,24540.1621,16361.3418,14465.3705,1595110.5365,1063487.217
3430,002231.SZ,20200123,7.21,2.6051,6.2038,1.45,,,4.6839,10.3929,10.5475,0.0,,35680.0,28892.5,12132.5,257252.8,208314.925
3431,600795.SH,20200123,2.22,0.2985,0.5527,1.79,31.8594,23.9552,0.8185,0.6661,0.423,1.8018,1.8018,1965039.7845,1965039.7845,1061168.8274,4362388.3216,4362388.3216
3432,001696.SZ,20200123,5.54,1.234,1.6262,1.37,16.9589,15.1226,1.5198,1.0959,1.1744,4.1516,4.1516,114502.692,89117.96,67623.81,634344.9137,493713.4984
3433,000679.SZ,20200123,3.47,1.638,2.2901,0.98,,,1.557,1.1371,1.456,0.0,,35640.0,35635.0622,25488.6022,123670.8,123653.6658
3434,603039.SH,20200123,73.01,0.4079,1.1371,1.14,96.7031,87.2679,13.8959,11.0315,9.4943,0.1389,0.1389,15164.0296,14771.5864,5299.3854,1107125.8011,1078473.5231
3435,601929.SH,20200123,2.08,0.6643,1.0187,1.77,21.2535,27.5704,0.9632,3.2162,3.2615,0.3365,0.3365,311106.1278,311106.1278,202866.9514,647100.7458,647100.7458
3436,002101.SZ,20200123,7.66,1.8783,3.7834,1.06,12.1171,14.564,0.8796,0.6729,0.6655,4.1123,4.1123,53236.3366,42557.5704,21128.2965,407790.3384,325990.9893
3437,002102.SZ,20200123,2.27,1.9988,2.5622,1.9,,,1.9259,0.4183,0.4062,0.0,,263383.629,196449.5753,153251.5161,597880.8378,445940.5359
3438,603131.SH,20200123,15.39,5.2751,5.2751,1.66,65.9253,69.4151,4.1848,5.6653,5.8087,0.4641,0.4641,31797.4252,7000.0,7000.0,489362.3738,107730.0
3439,000975.SZ,20200123,12.39,1.6876,2.5682,0.89,37.0887,29.2029,2.7909,5.0917,4.8894,1.5935,1.5935,198337.3047,123742.2864,81312.3922,2457399.2052,1533166.9285
3440,600882.SH,20200123,18.4,1.3657,2.2375,0.87,707.8693,277.143,6.0356,6.1452,4.6612,0.0,,40935.7045,40600.6045,24781.4423,753216.9628,747051.1228
3441,000718.SZ,20200123,3.39,0.9683,1.6631,1.77,10.0793,8.2426,1.3205,3.1714,2.77,8.3634,8.3634,303463.6384,228926.2038,133290.2233,1028741.7342,776059.8309
3442,002141.SZ,20200123,3.53,1.4523,1.9364,1.07,568.9212,,2.8176,3.9891,4.0798,0.0,,113465.6519,63660.8,47745.6,400533.7512,224722.624
3443,600500.SH,20200123,5.21,0.5633,1.2616,1.26,15.4849,20.3797,1.2209,0.2353,0.2579,2.2147,2.2147,270791.6472,270791.6472,120903.0862,1410824.4819,1410824.4819
3444,000423.SZ,20200123,34.13,1.2352,1.8166,0.82,10.7066,20.8871,2.1003,3.0418,3.8592,2.93,2.93,65402.1537,65386.7313,44458.0466,2232175.5058,2231649.1393
3445,300015.SZ,20200123,40.0,1.6939,3.537,1.82,122.8148,92.1289,19.224,15.4725,12.8858,0.3847,0.3847,309781.1227,251272.7331,120338.3051,12391244.908,10050909.324
3446,300699.SZ,20200123,46.9,1.9732,2.5379,1.23,64.5562,47.6531,7.727,17.8288,14.3965,0.7615,0.7615,51835.0,32259.806,25081.9174,2431061.5,1512984.9014
3447,600460.SH,20200123,16.95,9.1162,15.5901,1.69,130.4653,319.6931,6.4908,7.3498,7.3217,0.236,0.236,131206.1614,131206.1614,76722.0065,2223944.4357,2223944.4357
3448,002389.SZ,20200123,12.35,2.8029,3.9226,0.82,48.3207,47.4196,1.8598,4.2974,4.0222,0.2429,0.2429,94606.2685,59668.5522,42635.7422,1168387.416,736906.6197
3449,002279.SZ,20200123,6.64,5.0008,7.272,0.63,,,4.936,1.7361,1.6407,0.0,,71125.3742,61009.3324,41954.5247,472272.4847,405101.9671
3450,000917.SZ,20200123,6.38,2.0486,2.5056,1.38,103.2665,31.061,0.8647,0.8605,1.1376,0.2821,0.2821,141755.6338,129463.9951,105849.7971,904400.9436,825980.2887
3451,600604.SH,20200123,8.1,1.4264,3.5659,1.07,63.8551,75.264,2.4918,29.8781,35.366,0.3086,0.3086,187330.4804,140745.4804,56298.9292,1517376.8912,1140038.3912
3452,600685.SH,20200123,14.59,0.7266,1.867,1.28,,,2.1353,1.0734,1.0173,0.0,,141350.6378,82143.5181,31969.0081,2062305.8055,1198473.9291
3453,600099.SH,20200123,6.28,1.578,2.7256,1.94,519.7053,428.5633,2.903,2.6157,2.3167,0.0,,21912.0,21912.0,12686.308,137607.36,137607.36
3454,603815.SH,20200123,14.88,11.9026,11.9026,0.56,61.303,58.075,7.1886,2.7274,2.4713,,,49900.0,4990.0,4990.0,742512.0,74251.2
3455,300443.SZ,20200123,14.07,2.8196,3.3605,1.51,28.7894,19.2989,1.8071,4.2418,3.0473,0.7107,0.7107,23805.6802,15945.1183,13378.5599,334945.9204,224347.8145
3456,300108.SZ,20200123,3.48,3.1338,4.1726,0.83,10.6976,18.2188,1.044,2.4598,1.9384,0.0,,66601.4674,43007.5064,32300.2469,231773.1066,149666.1223
3457,002502.SZ,20200123,2.99,1.7882,2.2901,0.92,,,1.5398,3.4199,1.8174,0.0,,85982.8874,75652.3863,59072.2727,257088.8333,226200.635
3458,603938.SH,20200123,25.92,10.5649,10.5649,1.19,34.43,34.3106,3.4548,3.5261,3.3411,0.6173,0.6173,15016.66,5078.66,5078.66,389231.8272,131638.8672
3459,300422.SZ,20200123,10.81,5.3017,5.9125,1.24,16.3501,12.6548,2.3724,1.4121,1.1798,0.629,0.629,35583.525,25332.7221,22715.4034,384657.9053,273846.7259
3460,300127.SZ,20200123,17.2,2.3782,5.6334,0.95,35.5383,38.8069,4.5482,9.2779,9.5566,2.0349,2.0349,32314.636,22711.314,9587.9499,555811.7392,390634.6008
3461,002692.SZ,20200123,3.49,0.2729,0.5594,0.84,,,2.384,0.8354,0.84,0.0,,71814.6,71538.38,34902.7562,250632.954,249668.9462
3462,000688.SZ,20200123,13.83,0.4657,1.7895,0.93,38.8337,54.3789,7.2079,12.8311,13.7996,0.0,,113729.9314,113729.4994,29599.5242,1572884.9513,1572878.9767
3463,688066.SH,20200123,47.7,20.377,20.377,1.89,124.4986,58.4769,7.053,18.7027,12.8597,,,16598.3333,3942.5,3942.5,791740.4984,188057.25
3464,300020.SZ,20200123,9.01,3.5218,4.8328,1.34,223.4397,39.4286,1.7793,2.4484,2.5169,0.333,0.333,65578.9086,61743.1768,44993.5263,590865.9665,556306.023
3465,000506.SZ,20200123,2.76,1.7309,2.7516,1.54,60.775,152.0922,2.4628,5.1647,5.6663,0.0,,92901.7761,92867.0961,58418.9526,256408.902,256313.1852
3466,600988.SH,20200123,5.74,7.9409,11.3876,1.26,,,2.7802,4.1459,1.7984,0.0,,155516.9374,142638.1496,99464.9514,892667.2207,818742.9787
3467,600647.SH,20200123,13.25,1.1189,1.8863,1.24,,,6.3743,90.3897,100.3809,0.0,,13914.355,13914.355,8253.7095,184365.2038,184365.2038
3468,300307.SZ,20200123,4.45,0.9506,1.8132,1.24,25.8921,118.9639,0.8735,2.1122,2.2901,0.4494,0.4494,80200.0,79322.3271,41586.3734,356890.0,352984.3556
3469,300637.SZ,20200123,12.35,5.5723,5.5723,1.2,21.0881,23.4297,3.8093,5.5122,5.3928,1.2785,1.2785,23476.02,12586.93,12586.93,289928.847,155448.5855
3470,300762.SZ,20200123,53.64,4.7946,4.7946,0.79,69.7253,65.9358,6.2515,16.8017,14.8027,0.0,,13336.0,3336.0,3336.0,715343.04,178943.04
3471,000625.SZ,20200123,9.88,1.1502,2.3159,1.04,69.705,,1.0891,0.7157,0.7708,0.1822,0.1822,480264.8511,390064.3469,193728.585,4745016.7289,3853835.7474
3472,603977.SH,20200123,8.05,1.075,2.9666,1.2,44.776,23.734,1.6441,3.6271,2.2518,1.2422,1.2422,39123.398,30951.2,11215.3506,314943.3539,249157.16
3473,603335.SH,20200123,4.73,2.6017,2.6732,1.3,149.9229,439.0281,3.5651,2.5447,2.5107,0.3253,0.3253,42814.46,20337.46,19793.7909,202512.3958,96196.1858
3474,002004.SZ,20200123,4.89,1.3572,1.7359,1.31,18.9343,17.9275,1.0607,0.9157,0.9396,4.499,4.499,197991.9191,180880.543,141421.9909,968180.4844,884505.8553
3475,603203.SH,20200123,27.82,1.14,3.3145,1.63,27.8702,25.8239,4.7053,10.1254,9.6715,1.0805,1.0805,15737.9112,15653.3787,5384.0024,437828.6896,435476.9954
3476,300281.SZ,20200123,6.68,2.1417,3.1223,0.79,140.8793,,2.312,7.4934,9.6149,0.2246,0.2246,41892.358,29811.2398,20448.8257,279840.9514,199139.0819
3477,002032.SZ,20200123,70.62,0.3091,1.2546,1.48,34.7257,31.9687,9.4194,3.2484,2.9962,1.8099,1.8099,82111.991,61080.4243,15048.9929,5798748.8044,4313499.5641
3478,002816.SZ,20200123,21.78,1.1083,1.7843,1.24,338.5481,,4.3165,6.3194,10.5536,0.0459,0.0459,10000.0,10000.0,6211.2542,217800.0,217800.0
3479,600420.SH,20200123,9.64,3.9114,6.7289,1.33,14.0318,14.931,1.3607,0.8745,0.8115,1.0669,1.0669,102694.026,57547.0104,33450.8982,989970.4106,554753.1803
3480,603922.SH,20200123,15.4,2.8922,2.8922,1.83,35.0514,,1.8232,1.8427,2.4423,0.8766,0.8766,12800.0,3200.0,3200.0,197120.0,49280.0
3481,600789.SH,20200123,11.39,31.6387,40.4668,2.85,62.123,84.2449,3.3336,3.0111,2.7189,0.2701,0.2701,88022.9735,85212.1628,66622.5008,1002581.6682,970566.5343
3482,300213.SZ,20200123,6.62,2.1435,2.763,1.23,30.2708,26.4624,1.934,3.2376,2.7847,0.7489,0.7489,59492.6386,43754.8133,33944.4807,393841.2675,289656.864
3483,002491.SZ,20200123,6.41,1.3512,2.3106,1.03,14.3244,45.1444,1.579,1.8191,2.028,0.78,0.78,126155.3144,117650.8371,68803.3907,808655.5653,754141.8658
3484,600213.SH,20200123,8.17,4.1948,8.5609,0.69,137.4982,258.7903,8.8962,0.7314,0.6343,0.0,,22000.0,22000.0,10780.0,179740.0,179740.0
3485,002766.SZ,20200123,4.35,2.5476,3.7231,0.79,,,1.5766,1.2825,2.0393,0.0,,42175.4014,29501.7915,20187.1997,183462.9961,128332.793
3486,688122.SH,20200123,36.41,7.7804,7.7804,0.66,119.0536,107.0245,6.3662,14.7619,12.1179,,,44127.2,4199.0,4199.0,1606671.352,152885.59
3487,002935.SZ,20200123,29.3,4.5334,4.5533,1.77,48.2926,47.17,3.9373,5.4261,5.3582,0.5688,0.5688,16000.5,9072.198,9032.5753,468814.65,265815.4014
3488,600496.SH,20200123,3.17,1.841,2.3654,1.0,31.5835,16.7049,1.1125,0.665,0.5542,0.4101,0.4101,181044.52,151044.52,117558.7472,573911.1284,478811.1284
3489,300504.SZ,20200123,22.42,6.027,6.991,1.61,39.3964,42.7706,3.2911,2.1605,2.5448,0.8921,0.8921,26740.8,10540.8,9087.3,599528.736,236324.736
3490,002223.SZ,20200123,24.41,5.7941,9.039,2.71,33.6524,30.1366,4.0379,5.8494,5.3672,0.6145,0.6145,100247.6929,86685.5646,55566.5102,2447046.1837,2115994.6319
3491,002036.SZ,20200123,18.9,8.2335,10.7162,1.08,55.0256,47.1379,6.0049,2.8151,2.4442,0.1825,0.1825,71529.1441,71058.9052,54596.0972,1351900.8235,1343013.3083
3492,002843.SZ,20200123,7.86,1.4844,3.1558,1.23,29.6238,28.5094,2.8529,4.6743,4.1887,8.4818,8.4818,21000.0,16582.6987,7800.0,165060.0,130340.0118
3493,603803.SH,20200123,13.75,6.3576,7.0494,1.64,46.2617,40.1823,2.2833,2.3994,2.1996,0.8727,0.8727,42105.5557,21979.1552,19822.1552,578951.3909,302213.384
3494,000598.SZ,20200123,4.45,0.6375,1.1026,1.9,13.4497,12.3971,1.1971,3.1947,2.995,1.4821,1.4821,298621.8602,298621.8602,172661.3108,1328867.2779,1328867.2779
3495,002706.SZ,20200123,8.35,1.2452,1.4792,1.11,29.5311,25.681,3.6745,4.165,3.5379,2.9395,2.9395,78501.591,58829.5706,49522.469,655488.2849,491226.9145
3496,000488.SZ,20200123,4.95,1.1882,1.6251,0.95,5.7286,13.1133,0.8448,0.4979,0.5248,4.8485,4.8485,290460.82,165652.4003,121112.7875,1437781.059,819979.3815
3497,002064.SZ,20200123,6.66,1.7612,2.735,1.89,64.2955,64.5476,1.923,6.4535,6.574,0.1757,0.1757,429815.9221,155610.1,100203.29,2862574.0412,1036363.266
3498,002045.SZ,20200123,12.81,5.0726,7.629,0.68,,39.0302,3.1034,1.4844,1.3614,0.6245,0.6245,46838.3913,46705.7688,31055.3558,599999.7926,598300.8983
3499,000735.SZ,20200123,10.17,5.8639,7.4641,1.27,30.1279,,2.997,10.4445,12.6705,0.1967,0.1967,115151.3578,115088.6809,90415.4287,1171089.3088,1170451.8848
3500,002099.SZ,20200123,7.16,4.22,7.2674,1.63,15.0367,15.0367,2.0246,3.9403,3.9403,4.0271,4.0271,161871.5253,160444.0653,93165.8066,1159000.1211,1148779.5075
3501,600548.SH,20200123,10.43,0.445,1.7379,1.99,6.6119,5.5882,1.2639,3.9168,3.8865,6.8073,6.8073,218077.0326,143327.0326,36703.0439,2274543.45,1494900.95
3502,600602.SH,20200123,9.01,2.7904,5.1388,1.49,45.2645,44.6896,3.0041,2.7595,2.5716,0.6659,0.6659,136767.3455,103346.4671,56117.8659,1232273.783,931151.6686
3503,601069.SH,20200123,14.67,2.0505,6.1781,1.14,959.8556,110.0956,5.4411,9.3136,3.2,0.0682,0.0682,63600.0,63600.0,21108.7172,933012.0,933012.0
3504,300495.SZ,20200123,10.63,3.0252,3.4429,1.76,18.5313,19.9301,1.6727,3.1179,3.4619,0.9408,0.9408,67427.9488,36133.7487,31749.7735,716759.0957,384101.7487
3505,600252.SH,20200123,3.27,1.0928,1.4673,1.37,18.527,15.9429,1.8197,3.4448,3.1666,1.8349,1.8349,347510.7147,347510.7147,258825.9738,1136360.0371,1136360.0371
3506,002136.SZ,20200123,7.22,1.9707,2.8936,1.66,33.6763,82.4983,2.1852,1.4989,1.6043,1.385,1.385,21502.0,21400.936,14575.1811,155244.44,154514.7579
3507,603080.SH,20200123,15.68,1.5778,2.1199,1.14,24.1027,33.0141,2.0402,5.7032,4.9747,0.0,,14150.0,8723.5,6492.63,221872.0,136784.48
3508,603707.SH,20200123,49.74,0.9199,1.9397,1.5,84.1761,66.3485,12.745,21.0176,16.0695,0.232,0.232,71847.4289,37083.2475,17586.6974,3573691.1135,1844520.7307
3509,300224.SZ,20200123,9.08,1.5628,3.6348,1.11,,81.148,2.85,4.4332,4.1409,0.0,,82021.6556,73605.9474,31646.9174,744756.6328,668342.0024
3510,002514.SZ,20200123,5.5,1.3735,2.0474,0.82,32.3097,31.9798,2.9786,3.7754,3.6875,0.0,,55403.4264,40554.3559,27204.6656,304718.8452,223048.9575
3511,600880.SH,20200123,3.91,1.1039,1.6876,1.62,,,1.4978,7.8228,10.9318,0.0,,109333.2092,109303.0175,71501.6774,427492.848,427374.7984
3512,300140.SZ,20200123,9.99,1.2246,2.0961,0.8,142.9435,32.1179,1.8331,2.3378,1.6227,0.0,,42724.4052,36547.5976,21351.9394,426816.8079,365110.5
3513,300100.SZ,20200123,6.02,3.0909,6.4542,1.27,,,1.0028,0.4944,0.6032,0.5083,0.5083,45656.6616,38107.9873,18249.9811,274853.1028,229410.0835
3514,688196.SH,20200123,44.5,11.0266,11.0266,0.83,39.9444,25.9398,2.6359,5.248,4.2124,,,12000.0,2758.9792,2758.9792,534000.0,122774.5744
3515,002943.SZ,20200123,21.52,2.2733,3.1777,0.9,21.7412,51.2362,2.7195,5.3118,7.989,0.4647,0.4647,10000.0,5184.4875,3708.8625,215200.0,111570.171
3516,300428.SZ,20200123,16.23,4.1619,7.2307,1.12,24.0579,14.0493,2.5235,1.3897,0.8831,0.6778,0.6778,57836.9253,14884.1332,8567.2132,938693.2976,241569.4818
3517,600139.SH,20200123,3.29,2.9672,4.1488,1.69,746.2533,14471.5594,5.5783,11.9062,24.7743,0.0,,66189.0508,66189.0508,47337.8471,217761.9771,217761.9771
3518,000690.SZ,20200123,5.93,0.5946,0.7804,1.56,27.8748,39.8302,1.4173,3.3652,2.6571,1.6863,1.6863,217588.7862,208412.2681,158789.4037,1290301.5022,1235884.7498
3519,600551.SH,20200123,7.9,0.6301,1.7886,2.05,12.1241,12.713,0.8759,0.6208,0.6215,2.3028,2.3028,50582.5296,50582.5296,17820.0633,399601.9838,399601.9838
3520,002020.SZ,20200123,10.97,4.1444,4.7393,0.92,21.4893,15.351,2.1371,2.7012,2.2675,2.5922,2.5922,72487.2,58789.6803,51410.7125,795184.584,644922.7929
3521,300484.SZ,20200123,8.95,2.3259,3.3581,1.25,75.9232,,3.0023,4.6327,5.1126,0.0,,20800.0,13908.1645,9633.1209,186160.0,124478.0723
3522,600571.SH,20200123,10.28,3.574,4.7345,0.8,164.4408,159.7054,4.7635,3.6962,3.4854,3.5992,3.5992,43967.9218,43111.1108,32544.095,451990.2361,443182.219
3523,002091.SZ,20200123,7.53,1.2202,2.1765,0.93,11.5909,11.2423,1.4214,0.3199,0.3174,2.656,2.656,156353.6598,150992.3901,84652.4518,1177343.0583,1136972.6975
3524,300321.SZ,20200123,18.01,3.7669,8.3785,1.38,55.5343,43.3544,2.5102,3.4084,3.4524,0.3331,0.3331,8880.0,8274.2274,3719.9956,159928.8,149018.8355
3525,300668.SZ,20200123,17.72,6.0817,7.396,2.14,22.5409,21.5283,3.873,5.5147,5.169,0.0,,10635.25,4598.6553,3781.4594,188456.63,81488.1719
3526,600241.SH,20200123,4.4,2.1608,4.0491,0.91,,,1.0318,1.5894,2.8286,0.0,,29430.2115,25156.7072,13424.5566,129492.9306,110689.5117
3527,300323.SZ,20200123,7.18,3.4651,5.4981,1.53,32.1566,,1.5183,2.8708,3.3195,0.6305,0.6305,109216.1429,83198.0874,52434.7173,784171.906,597362.2675
3528,002454.SZ,20200123,5.23,1.9905,3.621,2.0,18.6834,11.5003,0.9575,0.8914,0.9456,1.1472,1.1472,62858.16,62442.2478,34325.0724,328748.1768,326572.956
3529,600258.SH,20200123,17.2,1.9464,3.8481,0.86,19.8233,21.9293,1.9361,1.9896,2.0222,0.6395,0.6395,98772.2962,97889.1302,49514.6293,1698883.4946,1683693.0394
3530,002807.SZ,20200123,4.45,0.5806,0.5806,1.48,11.2735,9.5507,0.8806,3.0338,2.8377,0.9363,0.9363,217198.4125,215711.9909,215711.9909,966532.9356,959918.3595
3531,000056.SZ,20200123,3.96,1.0835,3.1505,1.71,51.3075,80.6257,0.8538,4.9005,4.7114,0.2522,0.2522,117452.872,90372.8783,31081.1678,465113.3731,357876.5981
3532,300458.SZ,20200123,36.69,9.892,11.3373,1.25,102.6866,96.8384,5.5358,8.8885,8.6883,0.8177,0.8177,33061.0757,21313.6159,18596.462,1213010.8674,781996.5674
3533,002233.SZ,20200123,11.12,1.4765,2.5106,1.16,7.6943,8.6781,1.4515,1.9996,2.0275,6.5647,6.5647,119227.5016,116204.9705,68339.1686,1325809.8178,1292199.272
3534,300488.SZ,20200123,16.75,3.8763,5.8834,1.49,40.4146,44.4108,2.8578,7.7201,8.271,1.0496,1.0496,16709.2123,4997.7643,3292.8063,279879.306,83712.552
3535,600029.SH,20200123,6.43,1.4802,2.9483,1.48,26.4425,27.3312,1.2077,0.5492,0.521,0.7776,0.7776,1226717.2286,811152.0431,407229.1766,7887791.7799,5215707.6371
3536,002379.SZ,20200123,4.09,4.7454,7.1,2.66,438.0044,11.8523,2.3992,2.4966,1.4428,0.0,,92640.0,92640.0,61918.1195,378897.6,378897.6
3537,603777.SH,20200123,11.01,1.2152,3.8364,1.94,369.2888,317.2156,2.1135,0.9594,0.9429,1.3559,1.3559,33906.7764,33655.9908,10660.8366,373313.6082,370552.4587
3538,000596.SZ,20200123,143.2,0.6649,2.2732,1.08,42.5402,33.0636,8.3971,8.3024,7.1212,1.0475,1.0475,50360.0,38360.0,11219.5978,7211552.0,5493152.0
3539,600195.SH,20200123,11.77,3.1285,6.2461,0.99,23.8558,28.3752,2.3958,2.236,2.3631,1.4686,1.4686,84240.8,84240.8,42193.9196,991514.216,991514.216
3540,000895.SZ,20200123,29.26,1.6884,1.6884,1.11,19.7624,18.6582,6.3939,1.9915,1.7913,1.8685,1.8685,331928.219,88255.4826,88255.4826,9712219.6879,2582355.4209
3541,000590.SZ,20200123,11.37,2.8747,5.3367,1.0,,,4.5604,14.6535,10.0388,0.0,,23947.1267,22323.6227,12024.7492,272278.8306,253819.5901
3542,600219.SH,20200123,2.24,0.964,1.4968,1.32,18.6158,20.5167,0.6868,1.3237,1.241,2.2321,2.2321,1195048.152,978733.9527,630354.1865,2676907.8605,2192364.054
3543,000818.SZ,20200123,28.4,8.2401,11.6573,0.8,38.9284,61.8128,7.2484,5.1219,5.1775,0.5283,0.5283,68989.0,67647.2452,47817.2452,1959287.6,1921181.7637
3544,002824.SZ,20200123,10.82,1.6847,3.5886,0.63,106.0517,991.1784,2.5853,1.8661,1.6307,0.1941,0.1941,18361.48,10647.9939,4998.8584,198671.2136,115211.294
3545,603278.SH,20200123,8.8,1.0386,1.3185,1.57,12.4239,14.8605,1.6042,1.0459,0.9627,0.8831,0.8831,28992.9145,11987.5625,9442.3825,255137.6476,105490.55
3546,300246.SZ,20200123,16.5,8.3112,9.8222,1.8,37.5498,34.5255,4.4766,2.9635,2.9197,0.6061,0.6061,14608.8,10775.3865,9117.7445,241045.2,177793.8773
3547,300314.SZ,20200123,9.38,2.256,4.4468,0.86,93.7589,85.3521,3.3469,8.9959,7.914,0.9595,0.9595,28800.0,18912.8636,9595.1586,270144.0,177402.6606
3548,600805.SH,20200123,4.81,0.5777,0.8497,1.23,50.3612,159.497,0.6548,1.9626,1.6222,0.0,,85089.4494,85027.5368,57802.8806,409280.2516,408982.452
3549,600546.SH,20200123,9.15,2.6564,6.7133,0.88,82.4127,29.5272,2.8307,0.4756,0.5364,0.0,,198245.614,198245.614,78444.9958,1813947.3681,1813947.3681
3550,603596.SH,20200123,28.72,3.8576,3.8576,1.1,49.4513,36.9509,5.4652,4.5087,4.1612,0.2089,0.2089,40856.1,17179.35,17179.35,1173387.192,493390.932
3551,600828.SH,20200123,4.43,0.6428,1.7997,1.12,6.3698,5.7504,1.1935,0.5855,0.5815,2.2573,2.2573,173198.2546,65513.1907,23397.9684,767268.2679,290223.4348
3552,600165.SH,20200123,3.69,1.3097,1.8499,0.63,268.8358,,2.7667,4.5776,8.1362,0.0,,68488.3775,68488.3775,48488.3775,252722.113,252722.113
3553,000682.SZ,20200123,5.08,2.0873,2.6006,1.42,39.8063,26.3904,2.1291,2.2387,2.0313,0.0,,134072.7007,97802.2745,78496.1319,681089.3196,496835.5545
3554,603583.SH,20200123,49.37,1.762,2.5896,1.06,34.5106,27.4617,5.0195,7.8526,6.2957,1.3969,1.3969,17750.175,10554.26,7181.158,876326.1398,521063.8162
3555,300626.SZ,20200123,8.52,3.1875,3.8791,0.84,34.788,54.4625,2.853,1.8051,2.0289,0.0,,18000.0,9628.7625,7912.0125,153360.0,82037.0565
3556,600523.SH,20200123,13.78,1.6013,3.3988,1.27,47.3992,63.3226,2.416,1.9909,2.4545,1.0885,1.0885,40431.132,40404.462,19036.6485,557140.999,556773.4864
3557,002643.SZ,20200123,15.54,1.6048,2.9771,1.64,31.7855,27.9973,3.0095,5.3684,5.1851,1.1326,1.1326,90913.3215,90913.3215,49004.6006,1412793.0161,1412793.0161
3558,002466.SZ,20200123,30.82,3.5131,5.9858,1.35,20.6918,69.9814,3.4835,7.2904,8.6176,0.4516,0.4516,147709.9383,147445.5177,86536.9036,4552420.2984,4544270.8555
3559,603005.SH,20200123,80.9,11.7342,20.999,1.2,261.246,200.5786,9.6562,32.8152,38.5409,0.0882,0.0882,22967.9455,22967.9455,12834.3789,1858106.791,1858106.791
3560,002956.SZ,20200123,49.3,5.8723,5.8723,1.74,28.8196,26.5279,3.0222,4.6353,4.227,,,8000.0,2000.0,2000.0,394400.0,98600.0
3561,603380.SH,20200123,16.19,4.5739,4.5739,1.17,25.5038,24.0608,3.2066,2.7233,2.6168,1.3589,1.3589,16000.0,4789.48,4789.48,259040.0,77541.6812
3562,002655.SZ,20200123,12.61,5.3974,6.3703,0.62,212.6227,135.1228,8.9878,5.6409,5.0599,0.0,,36000.0,36000.0,30502.0,453960.0,453960.0
3563,603856.SH,20200123,10.61,8.1701,9.0657,4.42,17.6103,13.2952,1.5918,1.6614,1.4792,1.7059,1.7059,25641.46,9142.9,8239.7497,272055.8906,97006.169
3564,002369.SZ,20200123,9.98,10.4656,10.5544,1.13,,,2.9074,1.8341,1.8888,0.0,,57790.6704,41960.6535,41607.3983,576750.8906,418767.3219
3565,600679.SH,20200123,11.86,0.8083,2.6903,0.42,236.3746,276.2509,3.4617,6.2639,5.7239,0.0,,40219.8947,23059.8947,6928.4723,477007.9511,273490.3511
3566,600439.SH,20200123,3.37,0.9763,1.4727,1.52,16.2911,16.3415,1.3554,2.0277,2.0777,1.4837,1.4837,113198.544,113198.544,75044.7223,381479.0933,381479.0933
3567,002304.SZ,20200123,107.16,0.5749,1.3949,1.33,19.8996,19.6392,4.4518,6.6842,6.6479,2.9862,2.9862,150698.8,124893.9574,51471.3872,16148883.408,13383636.475
3568,600421.SH,20200123,9.09,0.4735,1.0195,1.87,,,,1773.2088,222.7006,0.0,,19560.0,19560.0,9085.2748,177800.4,177800.4
3569,002897.SZ,20200123,27.38,6.7256,7.903,0.86,60.113,73.9469,4.047,3.3675,3.2812,0.3652,0.3652,17067.2,6853.5121,5832.4895,467299.936,187649.1613
3570,300150.SZ,20200123,4.66,1.5729,2.2604,1.36,30.9,,1.412,4.0484,3.4964,2.1459,2.1459,58510.6053,47180.5929,32831.7994,272659.4207,219861.5629
3571,603101.SH,20200123,7.21,1.4295,5.4404,1.88,34.5309,287.2734,1.7625,0.6684,0.5576,0.0,,33600.0,33600.0,8828.4,242256.0,242256.0
3572,300461.SZ,20200123,18.61,2.4621,3.5529,1.14,,,14.0812,2.818,4.3072,0.0,,12164.238,6247.7472,4329.5296,226376.4692,116270.5754
3573,600808.SH,20200123,2.84,0.3318,0.8044,1.39,3.6798,11.9878,0.8021,0.2669,0.2862,10.9155,10.9155,770068.1186,596775.1186,246128.373,2186993.4568,1694841.3368
3574,002447.SZ,20200123,2.75,1.2895,1.6177,0.41,,,2.4463,16.0525,39.3691,0.0,,142719.3,135069.9863,107668.5513,392478.075,371442.4623
3575,688363.SH,20200123,85.0,8.0299,8.0299,0.82,96.2582,78.2628,9.2977,32.3003,24.192,,,48000.0,4566.5637,4566.5637,4080000.0,388157.9145
3576,002801.SZ,20200123,37.35,3.6263,6.0312,1.83,45.2146,31.3252,4.5158,6.8017,5.726,0.8032,0.8032,11776.0,5814.4,3496.0,439833.6,217167.84
3577,002037.SZ,20200123,6.8,1.4918,2.6107,1.37,18.6863,17.9596,0.9977,0.5494,0.5631,1.0735,1.0735,48762.5309,22915.776,13094.736,331585.2101,155827.2768
3578,600289.SH,20200123,3.4,1.2747,1.7061,0.85,,,,1.7113,2.1602,0.0,,63105.2069,56592.2684,42280.862,214557.7035,192413.7126
3579,300395.SZ,20200123,23.43,2.9977,3.8922,1.49,49.1458,42.8339,4.3261,10.9723,10.2977,0.7563,0.7563,33815.8344,27016.5421,20807.6604,792305.0,632997.5814
3580,600290.SH,20200123,2.17,3.2412,4.6859,1.13,,,0.4041,1.0525,1.2816,0.0,,75990.3511,75990.3511,52561.9749,164899.0619,164899.0619
3581,300142.SZ,20200123,28.22,2.4189,2.7936,1.31,41.4704,40.3425,8.9918,49.3564,39.3292,0.1063,0.1063,153743.6984,145450.4651,125939.2072,4338647.1688,4104612.1251
3582,002332.SZ,20200123,10.68,5.7234,7.3232,1.35,32.4696,25.7153,3.462,2.7018,2.6159,0.6086,0.6086,91621.2166,90400.9941,70652.1637,978514.5933,965482.617
3583,603232.SH,20200123,41.05,5.5436,6.071,0.87,69.3322,90.4254,8.4038,16.1318,16.3605,0.4803,0.4803,12126.8,7266.14,6634.939,497805.14,298275.047
3584,300025.SZ,20200123,4.98,3.3219,3.9917,0.87,195.1709,41.2868,2.7925,1.5647,1.8494,0.0,,42853.0562,39909.3794,33211.8754,213408.2199,198748.7094
3585,002227.SZ,20200123,11.92,1.3256,3.8154,1.09,252.7897,201.083,3.2839,7.4567,7.3086,0.1678,0.1678,22059.74,22030.6588,7654.1743,262952.1008,262605.4529
3586,002010.SZ,20200123,7.1,0.6046,1.67,0.81,28.2429,18.626,1.7663,1.148,1.3054,1.4085,1.4085,325781.4678,318265.1867,115214.1651,2313048.4214,2259682.8256
3587,601611.SH,20200123,6.83,0.4293,1.6235,1.67,18.6598,14.0627,1.8766,0.3491,0.2993,0.8199,0.8199,262500.9713,262500.9713,69413.9713,1792881.634,1792881.634
3588,600693.SH,20200123,5.27,0.5265,1.2453,1.25,18.0679,10.2263,1.9665,1.5795,1.2113,0.0,,89822.9148,89724.7594,37932.6398,473366.761,472849.482
3589,002940.SZ,20200123,35.0,6.9269,6.9269,1.34,28.9795,31.5315,3.3389,2.5099,2.1918,2.1429,2.1429,9000.0,4725.0,4725.0,315000.0,165375.0
3590,000039.SZ,20200123,9.17,0.62,0.9399,1.64,9.7236,19.3385,0.9651,0.3516,0.3725,4.9949,4.9949,358450.4382,152369.742,100509.1208,3286990.5183,1397230.5341
3591,601555.SH,20200123,9.14,1.8433,2.5404,1.56,76.5043,25.1037,1.3234,6.5883,4.9531,0.9837,0.9837,300000.0,300000.0,217674.697,2742000.0,2742000.0
3592,002642.SZ,20200123,7.12,3.8002,6.5964,1.86,,,1.6715,1.7228,1.6607,0.0,,66158.0313,52063.9426,29994.1524,471045.1829,370695.2713
3593,600048.SH,20200123,15.33,0.6887,1.1597,1.16,9.6768,6.885,1.2065,0.9404,0.7766,3.2513,3.2513,1193267.5162,1193267.5162,708621.2844,18292791.0233,18292791.0233
3594,601020.SH,20200123,8.48,0.7076,1.9211,1.1,19.8556,40.0847,2.0837,3.895,4.7732,1.0613,1.0613,52591.679,52286.153,19257.3756,445977.4379,443386.5774
3595,603578.SH,20200123,22.0,3.1417,3.273,0.45,32.8067,34.7859,3.418,6.0301,6.2391,0.9545,0.9545,8955.0803,3252.0803,3121.6303,197011.7666,71545.7666
3596,002126.SZ,20200123,8.31,2.7335,3.0582,1.07,18.8539,20.4923,1.7981,1.3114,1.3003,0.6037,0.6037,79209.5104,75765.4633,67721.0633,658231.0314,629611.0
3597,600366.SH,20200123,6.19,2.4437,3.6439,1.36,68.5403,86.336,1.4381,3.0213,3.3335,1.5874,1.5874,98911.3721,98911.3721,66334.027,612261.3933,612261.3933
3598,600350.SH,20200123,4.5,0.1438,0.5913,1.41,7.3543,9.2565,0.7634,3.1704,2.7197,4.9111,4.9111,481116.5857,481116.5857,116976.6196,2165024.6357,2165024.6357
3599,000006.SZ,20200123,5.08,0.9817,1.5349,1.6,7.8445,8.5034,1.0174,2.7303,1.8399,3.8386,3.8386,134999.5046,134830.7972,86230.9824,685797.4834,684940.4498
3600,002842.SZ,20200123,11.43,1.3262,2.6601,0.91,29.4677,133.6904,3.7495,1.8737,2.148,0.5468,0.5468,27460.16,23572.43,11752.16,313869.6288,269432.8749
3601,600390.SH,20200123,7.92,0.546,1.1013,0.93,15.8377,11.1015,1.0354,4.3261,4.8693,1.9045,1.9045,449806.5459,449806.5459,223024.9462,3562467.8435,3562467.8435
3602,600992.SH,20200123,6.57,0.897,1.2744,1.67,62.8744,57.6035,1.1465,0.7757,0.729,0.4566,0.4566,24509.0,24509.0,17251.9284,161024.13,161024.13
3603,300012.SZ,20200123,16.2,2.1219,2.496,1.65,99.4579,57.2842,8.8718,10.0161,8.8001,0.216,0.216,165753.0714,150558.4026,127990.7507,2685199.7567,2439046.1221
3604,601601.SH,20200123,35.96,0.3197,0.7441,1.21,18.0848,11.5483,1.9143,0.9196,0.8672,2.7809,2.7809,906200.0,628670.0,270117.4829,32586952.0,22606973.2
3605,002539.SZ,20200123,4.61,1.5102,1.9195,1.14,26.4994,21.3567,1.4559,0.5918,0.5392,2.1692,2.1692,101010.0,60554.9663,47642.5926,465656.1,279158.3946
3606,300437.SZ,20200123,9.84,2.703,3.4174,1.55,8.6972,10.9171,1.4485,1.2548,1.2359,2.3374,2.3374,21832.4973,13402.7473,10600.9973,214831.7734,131883.0334
3607,600291.SH,20200123,8.24,1.2868,2.614,1.8,23.8516,,0.8278,0.388,0.5704,0.1942,0.1942,109306.4378,109306.4378,53810.1379,900685.0475,900685.0475
3608,002869.SZ,20200123,68.0,11.0833,11.0833,0.93,378.5482,19.8918,5.8823,13.567,5.3995,0.0862,0.0862,12051.8161,4535.0305,4535.0305,819523.4948,308382.074
3609,601518.SH,20200123,2.57,0.2693,0.7656,2.47,14.2421,19.8291,0.9616,4.0763,4.4757,0.7393,0.7393,135039.5121,121320.0,42673.3506,347051.5461,311792.4
3610,300308.SZ,20200123,53.46,2.8035,4.6708,1.63,61.1857,76.3238,5.6668,7.394,8.9974,0.1645,0.1645,71316.5136,35058.7489,21043.2571,3812580.8171,1874240.7162
3611,300425.SZ,20200123,4.67,0.7747,1.4566,1.17,22.9858,28.2167,1.9654,2.6627,2.5702,1.0716,1.0716,67607.2346,63871.2077,33969.7325,315725.7856,298278.54
3612,002252.SZ,20200123,8.01,2.512,7.5988,2.25,,104.7579,3.4742,22.0851,17.2424,0.0,,497462.2099,497238.8449,164378.9241,3984672.3013,3982883.1476
3613,300047.SZ,20200123,7.57,4.8418,5.0977,1.09,22.398,21.3293,1.5658,1.2816,1.1138,0.496,0.496,63774.4672,49552.5648,47065.4808,482772.7167,375112.9155
3614,002802.SZ,20200123,19.7,1.4071,2.2352,1.43,29.0792,26.8426,3.9192,4.1181,4.022,4.9737,4.9737,10834.65,6051.7398,3809.5302,213442.605,119219.2741
3615,000157.SZ,20200123,6.3,0.7215,1.002,0.87,24.557,11.8189,1.3105,1.7285,1.2584,3.7158,3.7158,787327.4641,641738.3926,462068.6665,4960163.0238,4042951.8734
3616,600507.SH,20200123,9.15,0.734,1.0868,0.92,4.5258,7.0107,2.1557,0.7664,0.8493,18.5792,18.5792,144777.0416,138695.6166,93676.3834,1324709.9306,1269064.8919
3617,600469.SH,20200123,5.25,2.1612,3.8995,1.27,161.6052,14.17,1.3386,0.4748,0.4952,0.3763,0.3763,56241.3222,56241.3222,31170.1648,295266.9416,295266.9416
3618,603708.SH,20200123,22.8,0.4155,1.2387,1.12,32.2651,28.8868,4.9342,1.0896,0.9606,1.8893,1.8893,60840.0,60840.0,20406.2169,1387152.0,1387152.0
3619,600552.SH,20200123,5.86,3.4239,4.7044,1.72,103.9145,95.5238,1.8057,1.4685,1.1244,0.0,,76388.4003,76388.4003,55596.37,447636.0258,447636.0258
3620,002553.SZ,20200123,5.02,2.073,2.8641,1.89,19.376,45.6452,2.509,4.4445,4.4315,3.9841,3.9841,34800.0,23429.4201,16957.8268,174696.0,117615.6889
3621,002665.SZ,20200123,3.2,1.7846,2.0615,1.37,,,1.2078,14.1278,18.6544,0.0,,253872.0737,225637.2539,195325.5442,812390.6358,722039.2125
3622,300632.SZ,20200123,25.81,10.8747,10.9301,1.16,39.8374,25.3627,6.256,6.0978,4.6201,0.1594,0.1594,18298.2997,5782.1691,5752.8691,472279.1153,149237.7845
3623,002093.SZ,20200123,7.93,1.2697,2.8152,1.36,61.3441,82.1097,2.4114,8.1243,15.1062,0.1892,0.1892,100750.0,100264.615,45220.8544,798947.5,795098.397
3624,002619.SZ,20200123,3.15,2.3692,3.5398,1.16,8.6777,10.3644,0.8714,7.0077,7.2309,0.0,,184489.6231,142081.2318,95095.0648,581142.3128,447555.8802
3625,300183.SZ,20200123,16.72,9.0704,11.6034,1.63,43.8908,45.2438,2.7686,7.7339,8.5777,1.198,1.198,46870.7317,27210.0487,21270.0487,783678.634,454952.0143
3626,002269.SZ,20200123,2.13,0.4765,1.1796,1.25,132.5921,,2.0299,0.6971,0.8681,0.0,,251250.0,251250.0,101501.3641,535162.5,535162.5
3627,603887.SH,20200123,26.37,3.0154,5.0171,0.93,98.0239,28.2067,2.1908,5.6137,3.1318,0.2182,0.2182,26831.0822,14143.92,8500.772,707535.6376,372975.1704
3628,300591.SZ,20200123,5.72,2.9721,4.6621,0.8,47.2161,48.7372,3.5343,2.5738,2.6369,0.0,,31200.0,17945.2251,11440.0,178464.0,102646.6876
3629,002769.SZ,20200123,8.16,1.6871,2.4321,0.93,29.8325,47.9972,2.2104,0.5277,0.5076,0.576,0.576,37331.8054,23643.6179,16401.0904,304627.5321,192931.9221
3630,600609.SH,20200123,3.9,0.4188,0.7104,0.8,52.7667,69.04,10.1977,0.6934,0.6914,0.0,,109266.7132,109266.7132,64421.9183,426140.1815,426140.1815
3631,300482.SZ,20200123,60.8,2.3207,3.503,0.78,67.7047,55.4952,9.8452,12.6273,10.8457,0.3614,0.3614,34269.3153,23930.7137,15853.5158,2083574.3702,1454987.393
3632,002557.SZ,20200123,35.9,0.8699,1.7818,1.13,42.0539,34.3081,5.2714,4.3367,4.0388,1.3928,1.3928,50700.0,50700.0,24752.5099,1820130.0,1820130.0
3633,300053.SZ,20200123,13.16,9.1079,10.0587,1.76,97.344,116.6622,2.8474,10.1992,10.4496,0.152,0.152,70215.8212,58873.1277,53308.5172,924040.207,774770.3605
3634,603628.SH,20200123,7.9,0.9778,3.0152,0.68,86.9778,122.6502,2.2621,2.2499,2.0202,0.2532,0.2532,27380.0,27380.0,8879.22,216302.0,216302.0
3635,600962.SH,20200123,7.83,0.9344,1.7305,1.54,385.649,337.0599,2.4373,2.1316,1.9826,0.0,,26221.0,25402.0,13716.4531,205310.43,198897.66
3636,601985.SH,20200123,4.85,0.1689,0.5538,1.49,15.9372,16.3366,1.5711,1.9207,1.6763,2.4742,2.4742,1556544.6753,1556544.6753,474709.3183,7549241.6752,7549241.6752
3637,600606.SH,20200123,6.49,0.2894,1.1815,1.51,6.9427,5.3172,0.9884,0.2267,0.1869,4.6225,4.6225,1216815.4385,1216815.4385,298061.343,7897132.1959,7897132.1959
3638,300313.SZ,20200123,5.03,1.8798,3.6427,1.02,,,8.7395,14.9609,13.573,0.0,,31297.7396,18412.2102,9501.6104,157427.6302,92613.4173
3639,002436.SZ,20200123,10.47,11.5449,13.0461,1.12,72.5518,57.85,5.788,4.4852,4.3028,0.5731,0.5731,148790.7504,126255.9237,111727.9336,1557839.1567,1321899.5211
3640,002519.SZ,20200123,4.06,1.9315,2.6548,1.17,,,1.7988,3.0101,3.5033,0.0,,112643.0898,99445.2003,72352.9277,457330.9446,403747.5132
3641,600958.SH,20200123,10.29,0.6419,0.8803,1.38,58.4597,34.7896,1.351,6.9845,4.149,0.9718,0.9718,699365.5803,567736.054,413983.8118,7196471.8213,5842003.9957
3642,603813.SH,20200123,18.65,1.4351,2.0061,1.17,30.0761,26.3635,2.5573,2.0549,1.7003,1.001,1.001,8970.2,4732.2,3385.2,167294.23,88255.53
3643,300174.SZ,20200123,15.5,0.5648,1.3272,0.69,45.9172,57.2286,5.4367,2.2298,2.7175,0.3226,0.3226,24480.0,24183.5665,10292.0929,379440.0,374845.2808
3644,002416.SZ,20200123,7.16,2.3907,6.9774,1.88,,278.3102,1.8082,0.1562,0.161,2.7933,2.7933,123928.1806,122333.6055,41915.3144,887325.7731,875908.6154
3645,000953.SZ,20200123,3.95,0.858,1.4879,0.82,,,,5.8155,9.7499,0.0,,34026.0127,29405.9437,16956.5848,134402.7502,116153.4776
3646,600810.SH,20200123,7.29,1.3132,2.589,1.32,6.4533,8.9487,1.2487,0.3758,0.341,4.7483,4.7483,57496.4,57496.4,29164.6669,419148.756,419148.756
3647,300073.SZ,20200123,31.76,11.5466,14.9654,3.23,43.871,41.9676,4.0087,4.2279,5.249,0.4408,0.4408,43672.2773,43013.1531,33186.8903,1387031.527,1366097.7425
3648,603180.SH,20200123,62.1,5.4267,5.4267,1.55,19.8587,18.7151,3.9989,2.4529,2.1311,1.5926,1.5926,6721.5881,1841.6471,1841.6471,417410.621,114366.2849
3649,603001.SH,20200123,8.37,0.4804,1.1379,1.06,24.5074,47.4743,0.8695,1.1029,1.184,3.4778,3.4778,40098.0,40098.0,16929.2283,335620.26,335620.26
3650,002742.SZ,20200123,5.93,1.2105,2.2056,1.1,23.1127,22.5881,1.6574,0.8941,0.7742,1.6863,1.6863,43200.0,26977.06,14805.6806,256176.0,159973.9658
3651,600259.SH,20200123,32.64,1.9077,3.2337,1.3,,,5.6267,4.0863,2.6728,0.0,,30180.2291,30180.2291,17804.5001,985082.6778,985082.6778
3652,300273.SZ,20200123,4.84,3.0257,3.3769,1.21,38.1714,41.1838,1.4976,3.2155,3.0726,0.3099,0.3099,79458.0776,58085.6192,52044.1124,384577.0956,281134.3969
3653,000922.SZ,20200123,7.51,1.2884,2.2303,0.97,13.4378,12.7383,1.745,1.9224,1.6889,0.0,,49866.3378,48530.2919,28035.562,374496.1969,364462.4922
3654,000005.SZ,20200123,2.97,0.9869,1.2644,1.49,21.1268,16.8276,2.0458,6.4664,4.6738,0.0,,105853.6842,105794.6242,82576.0487,314385.4421,314210.0339
3655,600030.SH,20200123,23.9,2.4988,3.1382,1.64,30.841,23.5672,1.7911,7.7805,6.7071,1.4644,1.4644,1211690.84,981466.17,781496.5954,28959411.076,23457041.463
3656,000828.SZ,20200123,7.95,0.392,1.299,1.65,7.8792,7.0539,1.1855,5.0903,5.079,3.3962,3.3962,103951.6992,103951.5642,31367.3048,826416.0086,826414.9354
3657,002617.SZ,20200123,5.6,3.2654,4.7593,0.95,,206.4613,2.9285,2.8012,3.387,0.0,,151066.8434,106504.5834,73073.3768,845974.323,596425.667
3658,300688.SZ,20200123,20.77,2.7839,3.6642,0.82,147.0686,200.2033,5.1955,5.9028,7.5091,0.3439,0.3439,9520.0,5115.4131,3886.5597,197730.4,106247.1301
3659,300222.SZ,20200123,8.04,2.9463,3.5976,0.93,14.8282,33.5013,1.2798,1.6214,1.7895,1.0141,1.0141,72475.059,46579.841,38146.5921,582699.4744,374501.9216
3660,600533.SH,20200123,3.2,1.0261,1.9343,1.39,15.4399,5.6066,0.8322,1.4417,1.2339,3.125,3.125,105000.0,105000.0,55700.96,336000.0,336000.0
3661,600687.SH,20200123,1.44,1.709,3.7333,4.69,,,0.4717,0.1942,0.4773,0.0,,148871.5304,148871.5304,68149.5639,214375.0038,214375.0038
3662,002736.SZ,20200123,12.3,0.274,1.1158,1.44,29.462,19.2972,2.0211,10.0549,7.4383,0.9756,0.9756,820000.0,820000.0,201356.4669,10086000.0,10086000.0
3663,300337.SZ,20200123,3.22,0.9344,1.7048,1.02,,,1.9013,1.3724,1.4287,0.0,,82192.0,70777.0357,38793.0952,264658.24,227902.055
3664,300500.SZ,20200123,15.96,2.2331,4.4617,1.81,24.9342,17.4167,2.0186,2.5461,2.2922,0.8194,0.8194,17448.0186,15511.9096,7763.9096,278470.3769,247570.0772
3665,002691.SZ,20200123,5.75,0.9284,3.2761,1.7,129.7548,116.3811,2.1977,4.6924,4.8853,0.1217,0.1217,34000.0,33909.0101,9608.9416,195500.0,194976.8081
3666,600968.SH,20200123,2.79,3.5936,3.5936,2.19,26.6071,21.6757,1.5593,0.9788,0.8856,,,1016510.4199,186510.4199,186510.4199,2836064.0715,520364.0715
3667,002788.SZ,20200123,8.37,1.646,2.6847,1.06,15.1703,11.3776,1.5684,0.2379,0.1923,1.4056,1.4056,32683.044,31782.6456,19485.8595,273557.0783,266020.7437
3668,601086.SH,20200123,5.2,3.1559,3.1559,1.52,26.2968,28.1358,1.9429,1.1831,1.2215,3.8462,3.8462,66600.0,16600.0,16600.0,346320.0,86320.0
3669,002189.SZ,20200123,19.72,3.1668,5.5007,1.32,31.923,26.2897,3.893,2.0042,1.4757,0.3171,0.3171,26256.8166,19924.0,11470.5634,517784.4234,392901.28
3670,600510.SH,20200123,6.54,0.4231,1.3535,1.06,10.3476,5.7621,0.8295,1.0133,0.6877,2.9174,2.9174,104709.5025,104709.5025,32730.4467,684800.1464,684800.1464
3671,002157.SZ,20200123,13.84,3.5418,6.3545,1.7,175.7211,163.0064,4.5003,1.537,1.5385,0.2791,0.2791,245582.1356,221799.0191,123623.5101,3398856.7567,3069698.4243
3672,002277.SZ,20200123,3.45,4.5384,6.6764,1.09,10.6058,8.5996,0.7043,0.6664,0.7601,1.4493,1.4493,139417.28,139417.28,94772.406,480989.616,480989.616
3673,002781.SZ,20200123,16.06,0.2918,0.5709,0.62,21.4408,44.6186,1.8383,0.7228,0.854,0.467,0.467,22500.0,20294.8437,10372.1888,361350.0,325935.1898
3674,000089.SZ,20200123,9.03,1.2249,2.8466,1.42,27.7219,32.3783,1.5497,5.1451,4.9437,0.9033,0.9033,205076.9509,205076.9509,88247.3977,1851844.8666,1851844.8666
3675,300479.SZ,20200123,15.83,3.2891,5.403,1.17,259.4786,165.985,4.3743,6.6088,5.9235,0.1895,0.1895,16928.7237,16164.4064,9840.1764,267981.6962,255882.5533
3676,002891.SZ,20200123,24.15,4.187,6.2478,0.97,72.7385,67.6825,4.9286,2.9072,2.5389,0.2436,0.2436,17000.835,9156.1397,6136.0057,410570.1653,221120.7738
3677,600081.SH,20200123,11.59,1.7623,5.0352,1.0,24.7378,27.568,2.6879,0.5446,0.5287,1.2252,1.2252,31356.0,31356.0,10974.6,363416.04,363416.04
3678,603662.SH,20200123,48.94,14.6192,14.6192,1.78,41.4968,33.9757,3.4388,8.237,8.006,,,11940.0454,2985.0114,2985.0114,584345.8219,146086.4579
3679,300716.SZ,20200123,9.75,2.2079,3.198,1.02,28.1097,36.3896,1.8425,1.4287,0.7511,0.6769,0.6769,16002.0,9477.0,6543.045,156019.5,92400.75
3680,601016.SH,20200123,2.37,0.5292,1.3625,1.58,19.1167,16.8426,1.3392,4.1449,3.9655,1.9578,1.9578,415556.0,415556.0,161400.5134,984867.72,984867.72
3681,002214.SZ,20200123,13.04,14.8062,16.3312,1.75,108.9868,52.5517,5.356,14.122,11.4681,0.2301,0.2301,45866.6666,35732.1401,32395.4925,598101.3325,465947.1069
3682,002640.SZ,20200123,7.03,4.8384,7.4951,0.98,17.5877,22.0105,1.3613,0.5086,0.5555,0.6401,0.6401,155804.133,118001.1918,76175.4647,1095303.055,829548.3784
3683,000978.SZ,20200123,5.01,1.0692,1.617,1.64,22.4385,32.0266,1.1324,3.1481,2.961,1.5968,1.5968,36010.0,36005.3425,23808.7003,180410.1,180386.7659
3684,601606.SH,20200123,11.08,2.6841,3.9659,1.06,81.8814,129.6545,3.6671,5.6096,6.2692,0.3791,0.3791,72422.84,29772.6841,20150.3486,802445.0672,329881.3398
3685,600409.SH,20200123,5.85,3.2953,5.9423,3.06,7.614,21.1919,1.0868,0.5986,0.5831,3.9487,3.9487,206434.9448,203732.2421,112978.0565,1207644.4271,1191833.6163
3686,002486.SZ,20200123,3.04,1.9931,2.7287,1.84,143.8835,,2.7455,2.877,2.5764,0.0,,83200.0,83200.0,60771.1219,252928.0,252928.0
3687,300270.SZ,20200123,8.47,6.5343,7.4905,0.46,,,2.4798,8.3596,8.7425,0.0,,30280.6028,18446.8926,16091.8489,256476.7057,156245.1803
3688,002827.SZ,20200123,9.67,0.549,1.5016,0.82,44.1941,93.4817,3.5353,7.4506,7.5029,2.7577,2.7577,27600.0,27599.2745,10090.4458,266892.0,266884.9844
3689,603868.SH,20200123,37.16,0.3239,3.2363,1.66,19.1584,21.4511,6.5423,4.0706,4.1744,4.0366,4.0366,43560.0,43560.0,4360.0,1618689.6,1618689.6
3690,600804.SH,20200123,5.43,1.1976,1.3594,0.56,20.4326,91.1277,1.119,1.1339,1.2553,0.0,,143239.4299,143235.7859,126188.2219,777790.1044,777770.3174
3691,603650.SH,20200123,18.35,4.1173,4.1173,0.86,26.0824,25.7204,4.7653,4.9441,4.926,1.8529,1.8529,58598.75,13141.75,13141.75,1075287.0625,241151.1125
3692,603963.SH,20200123,11.7,3.0026,6.6567,0.46,184.7864,98.7961,4.2175,4.925,6.1042,0.5062,0.5062,16900.0,9928.75,4478.5,197730.0,116166.375
3693,002582.SZ,20200123,8.95,2.1539,2.8922,0.66,35.6203,30.2745,1.3818,0.9325,0.8503,0.8592,0.8592,51568.416,37353.8762,27819.1345,461537.3232,334317.192
3694,603416.SH,20200123,28.81,1.3112,2.4458,1.32,27.2457,24.2805,3.359,6.8592,6.2337,0.5207,0.5207,14056.0,9122.484,4890.424,404953.36,262818.764
3695,000550.SZ,20200123,13.89,1.6229,5.1217,0.89,130.5631,390.3074,1.1411,0.4244,0.4212,0.288,0.288,86321.4,51846.3085,16428.7085,1199004.246,720145.2251
3696,300173.SZ,20200123,6.3,5.2301,9.6585,0.67,,,4.3526,10.532,17.0994,0.0,,58618.0503,43968.2537,23809.0951,369293.7169,276999.9983
3697,002455.SZ,20200123,5.46,2.4369,3.0207,1.06,26.6757,33.9267,2.1219,0.9324,1.0545,1.7861,1.7861,51697.7142,39394.4665,31781.3839,282269.5195,215093.7871
3698,600512.SH,20200123,2.94,4.0664,4.5347,1.28,183.5524,8.7045,0.9931,1.338,1.3185,0.6803,0.6803,159890.2832,159890.2832,143377.6295,470077.4326,470077.4326
3699,300151.SZ,20200123,8.14,1.0764,1.2473,1.41,71.9561,63.4675,4.5433,5.8968,5.6373,0.7371,0.7371,50250.0,28595.5305,24677.9455,409035.0,232767.6183
3700,000726.SZ,20200123,9.15,0.5804,0.774,1.32,9.6754,9.6634,1.0681,1.1414,1.1777,5.4645,5.4645,85812.1541,56107.7152,42072.3569,785181.21,513385.5941
3701,002813.SZ,20200123,23.63,0.9107,2.8438,0.82,167.2581,,4.8146,3.7459,4.3016,0.127,0.127,12000.0,12000.0,3843.021,283560.0,283560.0
3702,600511.SH,20200123,29.6,2.0776,2.1515,0.9,15.9058,14.6455,2.2332,0.5765,0.5234,1.3691,1.3691,75450.2998,27764.3426,26809.8528,2233328.8741,821824.541
3703,300384.SZ,20200123,18.4,4.1597,5.4338,1.0,51.9327,38.6196,3.2548,9.4802,7.0249,0.2165,0.2165,31920.5969,18380.7426,14070.7043,587338.983,338205.6638
3704,603538.SH,20200123,23.03,6.8167,6.9706,1.63,35.7779,21.5559,2.6524,4.0605,3.019,0.8648,0.8648,14968.2,9147.92,8946.0,344717.646,210676.5976
3705,002356.SZ,20200123,1.95,2.2603,4.5184,0.95,,,,0.5367,1.0344,0.0,,52780.6548,48023.9402,24023.2767,102922.2769,93646.6834
3706,300160.SZ,20200123,4.4,4.2641,8.0762,1.13,,,2.642,1.9429,2.0698,0.0,,61850.2423,58115.0566,30683.4732,272141.0661,255706.249
3707,600223.SH,20200123,10.12,7.7871,17.9677,1.03,62.5063,40.6167,3.9298,1.1483,0.9217,0.4941,0.4941,100096.8,100096.8,43381.5221,1012979.616,1012979.616
3708,603027.SH,20200123,20.13,1.3336,3.1591,1.1,39.0694,46.2237,6.3302,8.8016,7.5072,0.7687,0.7687,46585.0722,46153.4578,19483.9872,937757.5034,929069.1055
3709,603990.SH,20200123,44.29,5.6439,9.6398,1.95,89.7739,90.6929,10.9044,17.5203,16.5006,0.34,0.34,11245.4776,11200.0,6557.32,498062.2029,496048.0
3710,603666.SH,20200123,85.94,4.6337,4.6337,0.88,46.2443,38.9898,7.8499,16.8487,14.3142,0.5333,0.5333,9902.767,2824.567,2824.567,851043.796,242743.288
3711,600150.SH,20200123,21.41,0.7626,1.6222,1.16,60.3121,106.9687,1.9576,1.7448,1.3376,0.4998,0.4998,137811.7598,137811.7598,64788.2235,2950549.7773,2950549.7773
3712,000561.SZ,20200123,6.59,1.1,2.4541,0.95,46.0656,47.846,2.8907,3.2563,3.2906,0.0,,60469.2321,59649.4745,26737.1451,398492.2395,393090.037
3713,300546.SZ,20200123,30.7,4.0714,5.5932,0.84,38.8986,33.1169,5.1957,6.9862,5.8468,0.4832,0.4832,13664.15,8179.1988,5953.7729,419489.405,251101.4032
3714,002498.SZ,20200123,2.93,0.5745,1.7183,1.38,44.032,22.0624,1.9769,1.7506,1.5585,1.2287,1.2287,332679.6,332679.6,111238.7984,974751.228,974751.228
3715,601700.SH,20200123,6.02,1.8597,4.3003,1.29,218.4753,50.0197,2.4456,3.4216,3.1284,2.99,2.99,113323.2,113323.2,49006.7,682205.664,682205.664
3716,603378.SH,20200123,24.63,3.3667,3.3677,0.68,81.6916,55.3579,3.5827,2.8864,2.1238,0.3695,0.3695,19480.0,6898.0,6896.0,479792.4,169897.74
3717,000413.SZ,20200123,3.05,5.366,6.5767,2.6,8.0778,8.8121,0.5251,0.6195,0.7433,2.2951,2.2951,573025.0118,486415.5314,396871.5843,1747726.286,1483567.3708
3718,600121.SH,20200123,2.23,0.808,2.2337,2.45,17.8208,,0.7928,0.5649,0.6678,1.8685,1.8685,121841.2038,121841.2038,44074.0982,271705.8845,271705.8845
3719,601162.SH,20200123,6.4,3.3147,3.3147,0.7,109.4662,142.5176,2.7496,10.1153,8.836,0.1094,0.1094,518000.0,235251.2658,235251.2658,3315200.0,1505608.1011
3720,002837.SZ,20200123,28.88,11.1456,21.8538,0.89,57.5552,49.8737,5.2353,5.7963,5.0677,0.5198,0.5198,21482.4107,20359.3742,10383.4269,620412.021,587978.7269
3721,002071.SZ,20200123,3.03,2.3576,4.1672,0.78,,,8.0819,1.1005,1.8672,0.0,,52542.9878,52166.035,29513.5588,159205.253,158063.0861
3722,688008.SH,20200123,96.62,21.6675,21.6675,1.43,148.142,119.0343,15.2402,62.1066,57.7331,,,112981.3889,7908.8809,7908.8809,10916261.7955,764156.0726
3723,002366.SZ,20200123,6.43,4.4191,4.4191,1.58,16.6132,45.1801,1.8071,4.041,4.9473,0.6065,0.6065,86705.735,49982.1631,49982.1599,557517.8761,321385.3087
3724,603968.SH,20200123,14.7,1.3532,2.8355,0.94,14.9638,14.5508,1.998,1.482,1.3956,3.4014,3.4014,20448.0,20448.0,9758.3994,300585.6,300585.6
3725,688081.SH,20200123,54.28,23.9229,23.9229,0.88,94.6376,65.7298,6.0467,20.1629,18.4198,,,7360.0,1672.437,1672.437,399500.8,90779.8804
3726,002052.SZ,20200123,3.02,5.1433,6.1599,2.3,,,3.9568,2.8226,2.5881,0.0,,74595.9694,74595.3215,62284.6177,225279.8276,225277.8709
3727,000591.SZ,20200123,3.55,1.0062,1.0437,1.08,12.3825,11.1043,0.8064,2.1194,1.8709,2.9296,2.9296,300709.8032,203709.8929,196375.417,1067519.8014,723170.1198
3728,000541.SZ,20200123,5.1,1.5103,2.839,1.85,18.8993,25.0705,1.6323,1.8771,2.1247,3.0588,3.0588,139934.6154,107255.4652,57057.5599,713666.5385,547002.8725
3729,600222.SH,20200123,5.52,10.0439,14.0789,1.64,,,2.4248,2.6514,2.5688,0.0,,57388.6283,57038.2633,40690.8619,316785.2282,314851.2134
3730,601318.SH,20200123,83.49,0.997,1.0943,1.56,14.2101,9.6857,2.3803,1.5624,1.3638,2.2111,2.2111,1828024.141,1083266.4498,986994.5396,152621735.5321,90441915.8938
3731,300531.SZ,20200123,16.53,1.4804,3.3978,1.6,45.5441,56.6204,3.7922,5.6097,5.1896,0.1573,0.1573,32305.3129,28000.0,12199.6,534006.8222,462840.0
3732,300696.SZ,20200123,31.07,8.7755,9.9627,0.87,54.0822,56.2716,4.5928,28.901,27.2665,0.5697,0.5697,11920.0,4917.9655,4331.8935,370354.4,152801.1881
3733,600479.SH,20200123,9.15,2.4082,3.3693,1.27,14.9961,13.0172,1.7582,1.1505,1.0863,4.3716,4.3716,41850.7117,41850.7117,29912.5981,382934.0121,382934.0121
3734,300367.SZ,20200123,3.93,4.984,5.5788,1.45,14.9372,,1.2659,2.0911,3.0709,0.6728,0.6728,119577.2516,83913.5585,74967.872,469938.5988,329780.2849
3735,603309.SH,20200123,15.83,4.3812,11.141,1.94,48.4076,24.8429,3.1294,4.2449,3.3083,0.6317,0.6317,20000.0,20000.0,7865.0572,316600.0,316600.0
3736,600983.SH,20200123,4.6,0.4423,1.198,1.78,13.4648,,0.8796,0.5609,0.6151,1.087,1.087,76643.9,53280.0,19670.04,352561.94,245088.0
3737,600064.SH,20200123,9.52,1.247,1.9107,1.72,12.2776,7.1362,1.0224,3.4621,5.8129,2.6261,2.6261,123595.6888,123595.6888,80661.1731,1176630.9574,1176630.9574
3738,002609.SZ,20200123,10.81,2.7966,3.6732,0.46,73.753,60.7267,3.5511,7.7212,6.5214,1.3859,1.3859,64539.9741,36660.6553,27911.2792,697677.12,396301.6838
3739,688333.SH,20200123,59.2,9.7367,9.7367,0.77,82.821,63.7671,4.6382,16.2482,14.0516,,,8000.0,1900.0,1900.0,473600.0,112480.0
3740,300114.SZ,20200123,10.92,1.8638,4.3094,1.01,41.302,30.7874,4.0745,4.6466,4.2294,0.4121,0.4121,59076.0499,59076.0499,25549.9497,645110.4649,645110.4649
3741,002023.SZ,20200123,12.43,5.7576,6.519,1.24,146.8707,143.9152,2.6491,18.2438,13.073,0.0,,75679.1003,65928.0517,58227.7022,940691.2167,819485.6826
3742,603558.SH,20200123,10.39,0.9856,1.7006,1.02,20.9547,16.6156,1.4337,2.7423,2.479,0.4641,0.4641,41635.6349,38423.8214,22267.5952,432594.2466,399223.5043
3743,300312.SZ,20200123,6.39,16.0629,63.7924,1.32,,,10.4065,11.8492,53.2011,0.0,,32004.0,19136.0401,4818.4602,204505.56,122279.2962
3744,601878.SH,20200123,10.57,6.3699,6.3699,1.41,47.8094,36.1454,2.4938,9.536,6.2153,0.6622,0.6622,333334.6474,120852.1315,120852.1315,3523347.223,1277407.03
3745,300178.SZ,20200123,4.27,3.0316,4.8879,2.5,15.693,,0.9754,0.5388,0.736,0.6551,0.6551,61650.8293,58429.9186,36239.2848,263249.0411,249495.7524
3746,300717.SZ,20200123,15.59,3.1778,3.7149,1.33,34.1964,32.566,2.7951,5.2069,5.1136,0.3849,0.3849,10240.0,4249.6,3635.196,159641.6,66251.264
3747,603196.SH,20200123,8.37,11.4032,11.9037,0.63,52.3612,120.375,2.1827,1.7744,1.7771,1.1947,1.1947,24000.0,6540.0,6265.0,200880.0,54739.8
3748,300302.SZ,20200123,14.0,5.4467,6.438,0.88,315.8591,,5.4865,16.9187,21.1648,0.0,,45617.6704,24663.2731,20865.7051,638647.3856,345285.8234
3749,002694.SZ,20200123,3.2,3.0757,4.5461,1.7,,,1.948,1.1482,1.2452,0.0,,59719.68,50878.8944,34423.0177,191102.976,162812.4621
3750,600310.SH,20200123,4.13,0.5597,1.12,1.35,49.9099,14.7673,1.6799,0.2865,0.1555,0.6053,0.6053,82777.5,82777.5,41362.701,341871.075,341871.075
3751,603587.SH,20200123,25.69,3.1761,4.0258,1.42,17.9438,17.0548,3.2559,4.9045,4.4132,3.8926,3.8926,40100.0,9500.0,7495.0,1030169.0,244055.0
3752,300187.SZ,20200123,4.49,0.7009,1.8611,1.21,,,1.9656,3.0426,3.8156,0.0,,64450.0165,63414.8382,23882.2571,289380.5741,284732.6235
3753,000933.SZ,20200123,4.85,1.9513,3.4331,1.21,38.5889,3.7308,1.0806,0.4894,0.5118,0.3093,0.3093,190050.0,190046.825,108016.5893,921742.5,921727.1013
3754,600396.SH,20200123,1.95,0.4144,1.0008,1.2,,,1.4952,0.4023,0.4076,0.0,,147270.6817,147270.6817,60980.8338,287177.8293,287177.8293
3755,300411.SZ,20200123,8.07,7.0555,8.3651,1.65,,,2.2824,6.6542,7.6674,0.0,,45635.0089,14792.2309,12476.4867,368274.5218,119373.3034
3756,300470.SZ,20200123,27.17,1.1011,1.5129,1.64,31.3616,26.1237,4.2246,7.587,6.15,0.6257,0.6257,19674.71,17972.73,13080.7235,534561.8707,488319.0741
3757,603706.SH,20200123,19.18,3.5712,3.5712,1.23,32.6886,29.2153,2.7246,7.3168,6.8363,1.8248,1.8248,16000.0,5833.9615,5833.9615,306880.0,111895.3816
3758,600513.SH,20200123,13.35,19.1286,30.4051,3.81,52.2889,48.8362,3.9181,3.7736,3.252,0.5789,0.5789,28810.537,28545.627,17958.7755,384620.669,381084.1205
3759,600885.SH,20200123,34.37,1.1175,2.0684,1.05,36.6282,38.4201,5.3598,3.7207,3.6703,0.8438,0.8438,74476.1552,74476.1552,40237.291,2559745.4542,2559745.4542
